Height_Data

node	height
0	25.71809848727957
1	14.49744730045551
2	19.93773714608865
3	15.659310668675115
4	24.001913916535088
5	28.977095850498376
6	13.045805843123256
7	30.36670446684533
8	20.24255785877737
9	18.094762310805667
10	34.19104877755768
11	29.0488841505267
12	10.712249370255174
13	22.63089685640662
14	38.22709836115514
15	19.230630587075055
16	26.309317038734928
17	24.036210438769288
18	38.2359023849306
19	13.059309236806838
20	32.761551004822515
21	9.453095198178247
22	18.907796482863763
23	23.912747460542683
24	19.05470206671139
25	23.15517384566476



height_matrix
0.0  1458.6846542871276  751.4469743548193  1307.6424164185792  223.10399419678242  -423.6696572184451  1647.3980437403206  -604.3187773435488  711.8202817052857  991.0337029416073  -1101.4835377361546  -433.00213622212686  1950.7603852131713  401.3362120134834  -1626.1699836038247  843.370827026587  -76.8584116891966  218.64544630633645  -1627.314506694634  1645.642602561455  -915.6488272805832  2114.450427583172  885.3392605740551  234.69563347579515  866.2415346738635  333.1802034099255  
-1458.6846542871276  0.0  -707.2376799323083  -151.04223786854845  -1235.5806600903452  -1882.3543115055727  188.71338945319303  -2063.0034316306765  -746.864372581842  -467.6509513455203  -2560.1681920232822  -1891.6867905092545  492.07573092604366  -1057.3484422736442  -3084.8546378909523  -615.3138272605406  -1535.5430659763242  -1240.0392079807912  -3085.9991609817616  186.95794827432746  -2374.333481567711  655.7657732960442  -573.3453937130726  -1223.9890208113325  -592.4431196132641  -1125.504450877202  
-751.4469743548193  707.2376799323083  0.0  556.1954420637599  -528.3429801580369  -1175.1166315732644  895.9510693855013  -1355.7657516983681  -39.62669264953365  239.586728586788  -1852.930512090974  -1184.4491105769462  1199.313410858352  -350.1107623413359  -2377.616957958644  91.92385267176769  -828.3053860440159  -532.8015280484829  -2378.7614810494533  894.1956282066358  -1667.0958016354025  1363.0034532283526  133.89228621923576  -516.7513408790242  114.7945603190442  -418.2667709448938  
-1307.6424164185792  151.04223786854845  -556.1954420637599  0.0  -1084.5384222217967  -1731.3120736370242  339.7556273217415  -1911.961193762128  -595.8221347132935  -316.60871347697184  -2409.125954154734  -1740.644552640706  643.1179687945921  -906.3062044050957  -2933.812400022404  -464.27158939199217  -1384.5008281077758  -1088.9969701122427  -2934.956923113213  338.0001861428759  -2223.2912436991624  806.8080111645927  -422.3031558445241  -1072.946782942784  -441.40088174471566  -974.4622130086536  
-223.10399419678242  1235.5806600903452  528.3429801580369  1084.5384222217967  0.0  -646.7736514152275  1424.2940495435382  -827.4227715403313  488.7162875085032  767.9297087448249  -1324.587531932937  -656.1061304189093  1727.6563910163889  178.232217816701  -1849.273977800607  620.2668328298046  -299.962405885979  -4.4585478904459706  -1850.4185008914164  1422.5386083646727  -1138.7528214773656  1891.3464333863894  662.2352663772726  11.591639279012725  643.1375404770811  110.0762092131431  
423.6696572184451  1882.3543115055727  1175.1166315732644  1731.3120736370242  646.7736514152275  0.0  2071.0677009587657  -180.64912012510376  1135.4899389237307  1414.7033601600524  -677.8138805177095  -9.332479003681783  2374.430042431616  825.0058692319285  -1202.5003263853796  1267.040484245032  346.8112455292485  642.3151035247815  -1203.644849476189  2069.3122597799  -491.9791700621381  2538.120084801617  1309.0089177925001  658.3652906942402  1289.9111918923086  756.8498606283706  
-1647.3980437403206  -188.71338945319303  -895.9510693855013  -339.7556273217415  -1424.2940495435382  -2071.0677009587657  0.0  -2251.7168210838695  -935.577762035035  -656.3643407987133  -2748.8815814764753  -2080.4001799624475  303.36234147285063  -1246.0618317268372  -3273.5680273441453  -804.0272167137337  -1724.2564554295172  -1428.7525974339842  -3274.7125504349547  -1.755441178865567  -2563.046871020904  467.0523838428512  -762.0587831662656  -1412.7024102645255  -781.1565090664571  -1314.2178403303951  
604.3187773435488  2063.0034316306765  1355.7657516983681  1911.961193762128  827.4227715403313  180.64912012510376  2251.7168210838695  0.0  1316.1390590488345  1595.3524802851562  -497.1647603926058  171.31664112142198  2555.07916255672  1005.6549893570323  -1021.8512062602758  1447.6896043701358  527.4603656543522  822.9642236498853  -1022.9957293510852  2249.961379905004  -311.33004993703435  2718.7692049267207  1489.658037917604  839.014410819344  1470.5603120174123  937.4989807534744  
-711.8202817052857  746.864372581842  39.62669264953365  595.8221347132935  -488.7162875085032  -1135.4899389237307  935.577762035035  -1316.1390590488345  0.0  279.21342123632166  -1813.3038194414403  -1144.8224179274125  1238.9401035078856  -310.48406969180223  -2337.9902653091103  131.55054532130134  -788.6786933944823  -493.1748353989492  -2339.1347883999197  933.8223208561694  -1627.4691089858688  1402.6301458778862  173.5189788687694  -477.1246482294905  154.42125296857785  -378.6400782953601  
-991.0337029416073  467.6509513455203  -239.586728586788  316.60871347697184  -767.9297087448249  -1414.7033601600524  656.3643407987133  -1595.3524802851562  -279.21342123632166  0.0  -2092.517240677762  -1424.0358391637342  959.726682271564  -589.6974909281239  -2617.203686545432  -147.66287591502032  -1067.892114630804  -772.3882566352709  -2618.3482096362413  654.6088996198478  -1906.6825302221905  1123.4167246415645  -105.69444236755226  -756.3380694658122  -124.79216826774382  -657.8534995316818  
1101.4835377361546  2560.1681920232822  1852.930512090974  2409.125954154734  1324.587531932937  677.8138805177095  2748.8815814764753  497.1647603926058  1813.3038194414403  2092.517240677762  0.0  668.4814015140278  3052.2439229493257  1502.819749749638  -524.68644586767  1944.8543647627416  1024.625126046958  1320.128984042491  -525.8309689584794  2747.1261402976097  185.83471045557144  3215.9339653193265  1986.8227983102097  1336.1791712119498  1967.7250724100181  1434.6637411460802  
433.00213622212686  1891.6867905092545  1184.4491105769462  1740.644552640706  656.1061304189093  9.332479003681783  2080.4001799624475  -171.31664112142198  1144.8224179274125  1424.0358391637342  -668.4814015140278  0.0  2383.7625214352984  834.3383482356103  -1193.1678473816978  1276.3729632487139  356.14372453293026  651.6475825284633  -1194.3123704725072  2078.644738783582  -482.6466910584563  2547.4525638052987  1318.341396796182  667.697769697922  1299.2436708959904  766.1823396320524  
-1950.7603852131713  -492.07573092604366  -1199.313410858352  -643.1179687945921  -1727.6563910163889  -2374.430042431616  -303.36234147285063  -2555.07916255672  -1238.9401035078856  -959.726682271564  -3052.2439229493257  -2383.7625214352984  0.0  -1549.4241731996879  -3576.9303688169957  -1107.3895581865843  -2027.6187969023679  -1732.1149389068348  -3578.074891907805  -305.1177826517162  -2866.4092124937542  163.69004237000058  -1065.4211246391162  -1716.0647517373761  -1084.5188505393078  -1617.5801818032458  
-401.3362120134834  1057.3484422736442  350.1107623413359  906.3062044050957  -178.232217816701  -825.0058692319285  1246.0618317268372  -1005.6549893570323  310.48406969180223  589.6974909281239  -1502.819749749638  -834.3383482356103  1549.4241731996879  0.0  -2027.506195617308  442.0346150131036  -478.19462370268  -182.69076570714697  -2028.6507187081174  1244.3063905479717  -1316.9850392940666  1713.1142155696884  484.00304856057164  -166.64057853768827  464.9053226603801  -68.1560086035579  
1626.1699836038247  3084.8546378909523  2377.616957958644  2933.812400022404  1849.273977800607  1202.5003263853796  3273.5680273441453  1021.8512062602758  2337.9902653091103  2617.203686545432  524.68644586767  1193.1678473816978  3576.9303688169957  2027.506195617308  0.0  2469.5408106304117  1549.311571914628  1844.8154299101611  -1.1445230908093436  3271.8125861652798  710.5211563232415  3740.6204111869965  2511.5092441778797  1860.8656170796198  2492.411518277688  1959.3501870137502  
-843.370827026587  615.3138272605406  -91.92385267176769  464.27158939199217  -620.2668328298046  -1267.040484245032  804.0272167137337  -1447.6896043701358  -131.55054532130134  147.66287591502032  -1944.8543647627416  -1276.3729632487139  1107.3895581865843  -442.0346150131036  -2469.5408106304117  0.0  -920.2292387157836  -624.7253807202505  -2470.685333721221  802.2717755348681  -1759.0196543071702  1271.0796005565849  41.96843354746807  -608.6751935507918  22.870707647276504  -510.19062361666147  
76.8584116891966  1535.5430659763242  828.3053860440159  1384.5008281077758  299.962405885979  -346.8112455292485  1724.2564554295172  -527.4603656543522  788.6786933944823  1067.892114630804  -1024.625126046958  -356.14372453293026  2027.6187969023679  478.19462370268  -1549.311571914628  920.2292387157836  0.0  295.50385799553305  -1550.4560950054374  1722.5010142506517  -838.7904155913866  2191.3088392723685  962.1976722632517  311.55404516499175  943.0999463630601  410.0386150991221  
-218.64544630633645  1240.0392079807912  532.8015280484829  1088.9969701122427  4.4585478904459706  -642.3151035247815  1428.7525974339842  -822.9642236498853  493.1748353989492  772.3882566352709  -1320.128984042491  -651.6475825284633  1732.1149389068348  182.69076570714697  -1844.8154299101611  624.7253807202505  -295.50385799553305  0.0  -1845.9599530009705  1426.9971562551186  -1134.2942735869196  1895.8049812768354  666.6938142677186  16.050187169458695  647.596088367527  114.53475710358907  
1627.314506694634  3085.9991609817616  2378.7614810494533  2934.956923113213  1850.4185008914164  1203.644849476189  3274.7125504349547  1022.9957293510852  2339.1347883999197  2618.3482096362413  525.8309689584794  1194.3123704725072  3578.074891907805  2028.6507187081174  1.1445230908093436  2470.685333721221  1550.4560950054374  1845.9599530009705  0.0  3272.957109256089  711.6656794140508  3741.764934277806  2512.653767268689  1862.0101401704292  2493.5560413684975  1960.4947101045595  
-1645.642602561455  -186.95794827432746  -894.1956282066358  -338.0001861428759  -1422.5386083646727  -2069.3122597799  1.755441178865567  -2249.961379905004  -933.8223208561694  -654.6088996198478  -2747.1261402976097  -2078.644738783582  305.1177826517162  -1244.3063905479717  -3271.8125861652798  -802.2717755348681  -1722.5010142506517  -1426.9971562551186  -3272.957109256089  0.0  -2561.2914298420383  468.8078250217168  -760.3033419874  -1410.94696908566  -779.4010678875916  -1312.4623991515296  
915.6488272805832  2374.333481567711  1667.0958016354025  2223.2912436991624  1138.7528214773656  491.9791700621381  2563.046871020904  311.33004993703435  1627.4691089858688  1906.6825302221905  -185.83471045557144  482.6466910584563  2866.4092124937542  1316.9850392940666  -710.5211563232415  1759.0196543071702  838.7904155913866  1134.2942735869196  -711.6656794140508  2561.2914298420383  0.0  3030.099254863755  1800.9880878546383  1150.3444607563783  1781.8903619544467  1248.8290306905087  
-2114.450427583172  -655.7657732960442  -1363.0034532283526  -806.8080111645927  -1891.3464333863894  -2538.120084801617  -467.0523838428512  -2718.7692049267207  -1402.6301458778862  -1123.4167246415645  -3215.9339653193265  -2547.4525638052987  -163.69004237000058  -1713.1142155696884  -3740.6204111869965  -1271.0796005565849  -2191.3088392723685  -1895.8049812768354  -3741.764934277806  -468.8078250217168  -3030.099254863755  0.0  -1229.1111670091168  -1879.7547941073767  -1248.2088929093084  -1781.2702241732463  
-885.3392605740551  573.3453937130726  -133.89228621923576  422.3031558445241  -662.2352663772726  -1309.0089177925001  762.0587831662656  -1489.658037917604  -173.5189788687694  105.69444236755226  -1986.8227983102097  -1318.341396796182  1065.4211246391162  -484.00304856057164  -2511.5092441778797  -41.96843354746807  -962.1976722632517  -666.6938142677186  -2512.653767268689  760.3033419874  -1800.9880878546383  1229.1111670091168  0.0  -650.6436270982599  -19.097725900191563  -552.1590571641295  
-234.69563347579515  1223.9890208113325  516.7513408790242  1072.946782942784  -11.591639279012725  -658.3652906942402  1412.7024102645255  -839.014410819344  477.1246482294905  756.3380694658122  -1336.1791712119498  -667.697769697922  1716.0647517373761  166.64057853768827  -1860.8656170796198  608.6751935507918  -311.55404516499175  -16.050187169458695  -1862.0101401704292  1410.94696908566  -1150.3444607563783  1879.7547941073767  650.6436270982599  0.0  631.5459011980683  98.48456993413038  
-866.2415346738635  592.4431196132641  -114.7945603190442  441.40088174471566  -643.1375404770811  -1289.9111918923086  781.1565090664571  -1470.5603120174123  -154.42125296857785  124.79216826774382  -1967.7250724100181  -1299.2436708959904  1084.5188505393078  -464.9053226603801  -2492.411518277688  -22.870707647276504  -943.0999463630601  -647.596088367527  -2493.5560413684975  779.4010678875916  -1781.8903619544467  1248.2088929093084  19.097725900191563  -631.5459011980683  0.0  -533.061331263938  
-333.1802034099255  1125.504450877202  418.2667709448938  974.4622130086536  -110.0762092131431  -756.8498606283706  1314.2178403303951  -937.4989807534744  378.6400782953601  657.8534995316818  -1434.6637411460802  -766.1823396320524  1617.5801818032458  68.1560086035579  -1959.3501870137502  510.19062361666147  -410.0386150991221  -114.53475710358907  -1960.4947101045595  1312.4623991515296  -1248.8290306905087  1781.2702241732463  552.1590571641295  -98.48456993413038  533.061331263938  0.0  



slope_matrix
0.0  0.015403217046326585  0.0167360127918668  0.017051015991896977  0.008934881625822283  -0.012435270244157472  0.022038769815924023  -0.014215920426806607  0.007674612201674239  0.015443878805385808  -0.022828674357226002  -0.005742733902150223  0.021871963058786536  0.021023374123283575  -0.029121955293764767  0.009873224385701089  -0.001544582228480639  0.0034009246586768774  -0.03261151316021311  0.01890891189890216  -0.017507625760623004  0.021715625219093888  0.009763335471703298  0.0028482479790751837  0.014245050726424329  0.005736573750170894  
-0.015259803894624203  0.0  -0.005425640615970022  -0.0009294277794644575  -0.013931454054463244  -0.026111170918373876  0.001959437124423144  -0.03005103323569813  -0.021641969648850824  -0.004752502020767272  -0.0499058127100055  -0.059319121684203654  0.003853644586744905  -0.00922884212510818  -0.07626340266726706  -0.011306759045581415  -0.020457541513140477  -0.016908088464423113  -0.05927774031851252  0.0011747205375670117  -0.04458842218906499  0.006149341460015419  -0.010076368958050485  -0.017570901820432566  -0.00380356394204715  -0.007332706483619248  
-0.016566291321755276  0.005449092225381835  0.0  0.017230342071368025  -0.00778692675251344  -0.01807315643760788  0.00745942110886272  -0.015691733237249633  -0.000339531253958818  0.004016541971278927  -0.021791491380583016  -0.011894447786472646  0.01713060149776249  -0.01254427668725675  -0.023494238715006364  0.0008404082343368778  -0.012855896104982398  -0.0048591110629136606  -0.024971252163021766  0.021099472114361393  -0.02186068452183848  0.014383742646985569  0.0009791742446923779  -0.004044703669998624  0.0030734822039904736  -0.017738200633795324  
-0.016905525745553707  0.000926696348662792  -0.01722500594808795  0.0  -0.010862764645651009  -0.017666449730990044  0.0022337648081639807  -0.01595162017155121  -0.003974532284125766  -0.003692229894775182  -0.02041459159524391  -0.013109237480348743  0.00834459541708307  -0.015130320607764536  -0.022027272317909782  -0.003279217328662185  -0.014598279503456092  -0.007688484680261527  -0.02306449448419028  0.016849460924370684  -0.020498720668441474  0.006789027357494049  -0.002480925601248526  -0.006683777380818439  -0.008989834658751847  -0.028476394301830906  
-0.009069268056779774  0.01406946777602306  0.00788101104054351  0.010972667161288918  0.0  -0.014211682078998627  0.026667179358613336  -0.03908468453190039  0.0052965892219410775  0.009268916219008145  -0.029487701067073397  -0.009103734291923259  0.015479404990739081  0.004315550068200992  -0.03736661907053156  0.00650038600743874  -0.004604181210836209  -0.00010380786706509827  -0.049187094654210964  0.013029296651077786  -0.01742544485810812  0.016773203559652266  0.009197712033017676  0.00018984014541455495  0.009214004877895145  0.0014602840171549895  
0.01235188505010044  0.026161977922245623  0.01807871740881945  0.017664647215968006  0.014208560004728197  0.0  0.022077259364233725  -0.003747129643748263  0.01798938433022387  0.029985234424757364  -0.031777490882217985  -0.0002072502554670616  0.03104235903296661  0.016996412633537877  -0.029942737210791326  0.022710888765818824  0.012994051911923885  0.008045028851763296  -0.026759556457896596  0.0212455057472269  -0.021701771948043146  0.0341604318277472  0.014445033301616643  0.007135977570932584  0.013985809301662242  0.008672509002273067  
-0.022080123894120368  -0.0019719267445474716  -0.007509438181087095  -0.002247061027260195  -0.026893769817664996  -0.02211497812022174  0.0  -0.0487173695604472  -0.008036919182501804  -0.0049369262188696  -0.03309911597202258  -0.020141351340521325  0.0018759652555367671  -0.013533852848124658  -0.04826847577918233  -0.006296712481116248  -0.014961010459258284  -0.057704062901210995  -0.05864456573128501  -1.086691332713611e-05  -0.0245126900441938  0.0028678152022771166  -0.01373078888587866  -0.03609357205581312  -0.006434567619987291  -0.010329465065868074  
0.014142728231770391  0.030400875797681644  0.01576471804300428  0.016023811546782837  0.03925155462715044  0.0037494628502512195  0.04849702393030087  0.0  0.015949334210480302  0.017420315355810834  -0.013229504001932032  0.0026772408364029066  0.02123216854376533  0.01670800779792378  -0.03442894899798773  0.016575333230709133  0.007236388608236414  0.02535318002618254  -0.057829040664278415  0.01735277942237393  -0.005268743441141214  0.022560527797914866  0.02897603652825528  0.016844296543251234  0.01642717059894339  0.009905948655467818  
-0.007641656271661682  0.021660799668846924  0.00033733457605800333  0.003981969756822118  -0.005280564964975724  -0.01788736513742487  0.008005970922771137  -0.01593002976336038  0.0  0.003295331302210807  -0.03761260774614064  -0.05194294092229639  0.01137999543958745  -0.00289441660941365  -0.0440631410725426  0.005682528955563773  -0.012628962264123014  -0.005252687564159647  -0.03542533376343964  0.006418905147485355  -0.040045991854967246  0.017458677444335154  0.0022093070902568044  -0.005225899761549732  0.0010290633944327458  -0.0026928389040278794  
-0.015451102322132948  0.004777798849055172  -0.0040307323113524226  0.003734914633443103  -0.009270035112805709  -0.030061694861029588  0.004939898703986704  -0.017431736017101795  -0.0033101768966961667  0.0  -0.033892407526364784  -0.021184704539775872  0.0317790292142902  -0.008919943895448857  -0.03272731882637779  -0.002275587546848826  -0.04618910530410052  -0.006309846063518265  -0.02907014776991497  0.00880560801210449  -0.043432403877498645  0.026205195349698264  -0.0008082468637114954  -0.005610816539063888  -0.0012965420079765592  -0.007924036371135652  
0.02290939138386345  0.049577230674347064  0.021894487913162872  0.020478799338275535  0.029766011953549148  0.03235388451158518  0.03299977888927341  0.01318739417487018  0.037488191429428164  0.03329912859130748  0.0  0.02373025919467617  0.03312975060185961  0.02266012891661095  -0.02643256654245189  0.03774950242163706  0.02526196070135498  0.019041237329330607  -0.016269522554408396  0.02347369170552516  0.008118598097665856  0.037732417755711914  0.028258040084059303  0.017973892537152942  0.018469354912802872  0.013651762690513656  
0.005729815220618326  0.059543178801046724  0.011813775290015422  0.01314487654916709  0.009110054573992075  0.00020798928022468873  0.020137452133989424  -0.0026776592860491086  0.05246665526706749  0.02109057818666668  -0.02415033965007326  0.0  0.024623102173693817  0.009302467925472296  -0.03346894382557357  0.050730244962190536  0.007872319286757964  0.007731018893444813  -0.024564219878085297  0.01620522911657895  -0.02059951733070663  0.03377240572458304  0.018599624672632365  0.007982995811787685  0.009779779231433876  0.006208933060227329  
-0.02186951104499071  -0.0038524679474363395  -0.016867980462142784  -0.008292946083747157  -0.015406245684112616  -0.03091705784416167  -0.0018706440246213888  -0.021147816276748218  -0.011451521429964744  -0.03195893047857356  -0.033325078315856814  -0.024557149700579976  0.0  -0.018403898006885473  -0.0325708465563376  -0.012760884514710582  -0.03827862557867411  -0.011417275979874991  -0.029703427626662834  -0.005222830925226228  -0.03886656559313565  0.0039001677953300114  -0.006633178462452473  -0.010422500769738087  -0.010050216389021479  -0.017084708299569557  
-0.02108965906534332  0.0092970055594271  0.013039506977330945  0.015455426405271073  -0.004307206810456767  -0.0169999148821745  0.013498665710397977  -0.016741384873598008  0.0029055218949260923  0.008883662110999155  -0.022510781152630888  -0.009298321054670794  0.018377703394611408  0.0  -0.02708035522395229  0.00444121988358388  -0.007931574451860674  -0.0022320191289816366  -0.029430592176238467  0.018038654545491035  -0.019831125422286804  0.01629054978670301  0.004389254090510308  -0.0016670726144226518  0.010215454244350254  -0.0017150480272661774  
0.029080292982901015  0.07784139888697836  0.023608548882520543  0.02214030941077959  0.03745744334212289  0.029853533425654905  0.04826847577918233  0.03438261124698102  0.04412134865652218  0.03256848788632942  0.02692080276386198  0.033497132155578264  0.032621343992859056  0.02706950861972374  0.0  0.041145298411036514  0.026675474723048005  0.035912311269421085  -8.716855223224247e-05  0.023885330604214335  0.017582805155239828  0.03640506482907053  0.049129680050428004  0.033741896955206165  0.021790623520525337  0.017203882579802883  
-0.009837522769469113  0.011317157021529163  -0.0008352917098752176  0.003271130764404933  -0.006494940657903713  -0.02260150703255498  0.006293755121046839  -0.0165525909486638  -0.005648370344409676  0.002275236917026507  -0.038015136136879235  -0.05071008991850274  0.012686327851833936  -0.00442698663007615  -0.041097367459317885  0.0  -0.01886875617625146  -0.0057456578747378875  -0.033817209604725174  0.006100926049694815  -0.05295062174314179  0.022075019113521794  0.0004402899029318933  -0.0056317097848888956  0.00016033866830676181  -0.003830547515704343  
0.0015650256910852494  0.020689073915067694  0.012893919458966624  0.014675650075342122  0.004649138342932099  -0.013395567614107705  0.015052435228542271  -0.007312635043038296  0.012765922521762419  0.045442217643864  -0.026158415267984632  -0.007976343214623299  0.03840914561285031  0.008069433407065138  -0.026991490799906412  0.0188494313542766  0.0  0.002847955454852863  -0.022502991219237118  0.020527958696825787  -0.039324445175404905  0.04459317947237217  0.008920801708355755  0.0027844672907765817  0.009495569335109345  0.004669080108165818  
-0.0033977536333541017  0.01698218581184321  0.004885846199435881  0.007726670711737212  0.00010441564146243491  -0.008000935519740677  0.05744883785420121  -0.025052183368337453  0.005261654063789066  0.0062954458931882866  -0.018945593915649987  -0.007776224135184527  0.011436876453660184  0.002233110447465432  -0.035849503107465236  0.005805458421338635  -0.0028145905133396803  0.0  -0.04675683771532347  0.009432820969428336  -0.012438801114013813  0.012423361607318712  0.021138041035755187  0.0008737173200576317  0.005826849814356011  0.0009791806198477307  
0.03260497909626596  0.06017939081477694  0.025118917434524324  0.023201240498918682  0.04912180782828289  0.026801265853399887  0.05858161986466824  0.057536317736281505  0.035473684992416134  0.02905401919259034  0.016468242059457544  0.024589507318766874  0.029947061365147347  0.02944768063155926  8.736817487094225e-05  0.033858919195850636  0.02227026852923639  0.046792394245905464  0.0  0.023918131461970835  0.013465764984182609  0.032483418128985204  0.05215138578805913  0.038946039325882226  0.023499727088573154  0.018172920931632922  
-0.018900225135654702  -0.001178281642870911  -0.020907075712102777  -0.016866276753636524  -0.012984105589308804  -0.021208488877522805  1.0848110115347715e-05  -0.017363492667888593  -0.006433941855147922  -0.00872811866159797  -0.02336388960960716  -0.0162381434167923  0.005242573585081034  -0.01787282951088727  -0.023887074440865005  -0.006106498519826976  -0.020484017293978495  -0.009427835334666481  0.0  0.0  -0.024474834494429415  0.004689485095745891  -0.0041931576328446945  -0.008220864470580085  -0.011330150717947254  -0.024345434968494332  
0.01740446354838592  0.0448156565037318  0.02167029509470171  0.020378471527948326  0.01740946065551698  0.021446345687102793  0.024458887976151387  0.005259842033063598  0.040144773285295234  0.043147375655627755  -0.0083822602821638  0.02061711623487639  0.039009379593001554  0.01973602636436485  -0.0175871573347337  0.05296656592313069  0.038283451190843754  0.012489476696618802  -0.013460671068924736  0.02452169870600324  0.0  0.047449095754208505  0.01982157261561345  0.012122926132957934  0.016269999652615472  0.012479554618672017  
-0.02185026792996974  -0.006149341460015419  -0.014353448328015507  -0.006819440547414358  -0.01685992541795676  -0.034508770697506685  -0.002879306971474331  -0.022696128265520667  -0.01748043551692281  -0.026640187921308147  -0.03838546151013758  -0.033718763253544656  -0.003837084912564477  -0.016428022780683626  -0.03666915411417505  -0.022241112870631408  -0.04531242430257172  -0.012520175546670422  -0.032684878880833386  -0.004726838324477886  -0.047974972369597135  0.0  -0.008236906359798396  -0.011985174662760627  -0.009472633322526436  -0.015026743919126425  
-0.009747211940703018  0.010156694308468956  -0.000983706459622627  0.0024901418470695447  -0.009220763942874863  -0.01446578536625594  0.013681486232787534  -0.02894788258681702  -0.002212970014905872  0.000807135871458971  -0.028505348612772017  -0.01868132913130483  0.006648908665995483  -0.0043880602770677395  -0.04937112726907568  -0.0004446750746712022  -0.008885378818572829  -0.021131341181227215  -0.05211893315222338  0.0041853096002829465  -0.01987406850424452  0.008263487743775156  0.0  -0.03745789447888658  -0.00013615946028940228  -0.0037795814714499934  
-0.0028461755211714184  0.017705612914962136  0.004063788462401889  0.0067138901379311935  -0.00019062060975189482  -0.007148374491794139  0.03591920697341789  -0.016857834253955074  0.005237947614771001  0.005588842603013465  -0.018036975853293058  -0.00802039363000507  0.01042440014419497  0.0016677399773587698  -0.033680825648499904  0.005685365155527665  -0.0027651907798437185  -0.0008737173200576317  -0.039019491621341766  0.008208907197379916  -0.012108889060593457  0.011918303284982099  0.03735038043043972  0.0  0.004886235212364165  0.0007290832834922296  
-0.014249737369203217  0.0038217205496920664  -0.003082560696000113  0.0090636731364418  -0.00918636681155665  -0.013972174955505942  0.006407123597986033  -0.016397862533646435  -0.0010354113783597816  0.001300053841730845  -0.018419218126088346  -0.009842009475766914  0.01019763846299302  -0.010193056844121466  -0.0217830057531698  -0.00016127711478228972  -0.009459377596419861  -0.005810121015319639  -0.023495298608955974  0.01138476581781466  -0.016394243830660103  0.009521044186951245  0.00013591720091233052  -0.004874167640642651  0.0  -0.03495484139435659  
-0.005714926302057041  0.007349513196272705  0.01752269672999136  0.02851806300874023  -0.0014569981365075196  -0.008656638003298302  0.010290641612484497  -0.009893404186929869  0.0027034133820888198  0.007878485024331519  -0.013534563595717737  -0.006232671761425628  0.017233967417464795  0.001709027296979887  -0.017166201042699756  0.003843822976091776  -0.004644750963968307  -0.00097684227806899  -0.01811917476991275  0.024336406437076387  -0.012537185329690882  0.015017875593737849  0.0037741562348881036  -0.000727575132492098  0.03436888015886125  0.0  
