Height_Data

node	height
0	77.72490175078603
1	25.345996373660526
2	192.7787353448612
3	5.7324155077965795
4	21.527591407208938
5	23.10635373655382
6	8.189753515018264
7	39.13235165210595
8	13.517734050672574
9	255.2132872451778
10	29.65401347091997
11	17.419057947928707
12	12.671547691260509
13	56.4870236616094
14	18.096788724847475
15	25.700073995694005
16	24.778141009367957
17	72.28753658038781
18	19.227982809185338
19	21.713308231208035
20	10.560291431569397
21	9.480218170145863
22	27.255260208619482
23	77.4642229537389
24	24.273119296060123
25	45.84930824459671



height_matrix
0.0  104.75781075425101  -230.10766718815032  143.98497248597891  112.39462068715419  109.23709602846442  139.07029647153553  77.18510019736016  128.41433540022692  -354.9767709887835  96.14177655973212  120.61168760571465  130.10670811905104  42.475756178353265  119.25622605187712  104.04965551018405  105.89352148283615  10.874730340796447  116.9938378832014  112.023187039156  134.32922063843327  136.48936716128034  100.9392830843331  0.521357594094269  106.90356490945182  63.75118701237864  
-104.75781075425101  0.0  -334.8654779424013  39.22716173172789  7.6368099329031764  4.47928527421341  34.312485717284524  -27.572710556890854  23.656524645975903  -459.7345817430346  -8.616034194518889  15.853876851463639  25.348897364800035  -62.282054575897746  14.498415297626103  -0.7081552440669583  1.1357107285851384  -93.88308041345456  12.236027128950376  7.265376284904981  29.57140988418226  31.731556407029327  -3.8185276699179127  -104.23645316015674  2.1457541552008053  -41.006623741872374  
230.10766718815032  334.8654779424013  0.0  374.0926396741292  342.5022878753045  339.34476321661475  369.1779636596859  307.2927673855105  358.52200258837723  -124.86910380063324  326.2494437478824  350.71935479386497  360.21437530720135  272.58342336650355  349.36389324002744  334.1573226983344  336.0011886709865  240.98239752894676  347.1015050713517  342.1308542273063  364.4368878265836  366.59703434943066  331.0469502724834  230.62902478224458  337.01123209760215  293.858854200529  
-143.98497248597891  -39.22716173172789  -374.0926396741292  0.0  -31.590351798824717  -34.74787645751448  -4.914676014443369  -66.79987228861874  -15.57063708575199  -498.96174347476244  -47.84319592624678  -23.373284880264254  -13.878264366927858  -101.50921630762564  -24.72874643410179  -39.93531697579485  -38.09145100314275  -133.11024214518247  -26.991134602777517  -31.961785446822912  -9.655751847545634  -7.495605324698566  -43.0456894016458  -143.46361489188465  -37.081407576527084  -80.23378547360026  
-112.39462068715419  -7.6368099329031764  -342.5022878753045  31.590351798824717  0.0  -3.1575246586897663  26.675675784381347  -35.20952048979403  16.019714713072727  -467.37139167593773  -16.252844127422065  8.217066918560462  17.712087431896858  -69.91886450880092  6.8616053647229265  -8.344965176970135  -6.501099204318038  -101.51989034635774  4.599217196047199  -0.3714336479981952  21.934599951279083  24.09474647412615  -11.45533760282109  -111.87326309305992  -5.491055777702371  -48.64343367477555  
-109.23709602846442  -4.47928527421341  -339.34476321661475  34.74787645751448  3.1575246586897663  0.0  29.833200443071114  -32.051995831104264  19.177239371762493  -464.213867017248  -13.0953194687323  11.374591577250229  20.869612090586624  -66.76133985011116  10.019130023412693  -5.1874405182803685  -3.3435745456282717  -98.36236568766797  7.7567418547369655  2.786091010691571  25.09212460996885  27.252271132815917  -8.297812944131323  -108.71573843437015  -2.333531119012605  -45.485909016085785  
-139.07029647153553  -34.312485717284524  -369.1779636596859  4.914676014443369  -26.675675784381347  -29.833200443071114  0.0  -61.88519627417538  -10.65596107130862  -494.0470674603191  -42.92851991180341  -18.458608865820885  -8.96358835248449  -96.59454029318226  -19.81407041965842  -35.02064096135148  -33.176774988699385  -128.19556613073908  -22.076458588334148  -27.047109432379543  -4.741075833102265  -2.580929310255197  -38.13101338720244  -138.54893887744126  -32.16673156208372  -75.31910945915689  
-77.18510019736016  27.572710556890854  -307.2927673855105  66.79987228861874  35.20952048979403  32.051995831104264  61.88519627417538  0.0  51.22923520286676  -432.1618711861437  18.956676362371965  43.42658740835449  52.92160792169089  -34.70934401900689  42.07112585451696  26.864555312823896  28.708421285475993  -66.31036985656371  39.80873768584123  34.838086841795835  57.14412044107311  59.304266963920185  23.75418288697294  -76.66374260326589  29.71846471209166  -13.43391318498152  
-128.41433540022692  -23.656524645975903  -358.52200258837723  15.57063708575199  -16.019714713072727  -19.177239371762493  10.65596107130862  -51.22923520286676  0.0  -483.3911063890105  -32.272558840494796  -7.802647794512264  1.6923727188241315  -85.93857922187365  -9.1581093483498  -24.36467989004286  -22.520813917390765  -117.53960505943047  -11.420497517025527  -16.391148361070922  5.914885238206356  8.075031761053424  -27.475052315893816  -127.89297780613265  -21.510770490775098  -64.66314838784828  
354.9767709887835  459.7345817430346  124.86910380063324  498.96174347476244  467.37139167593773  464.213867017248  494.0470674603191  432.1618711861437  483.3911063890105  0.0  451.11854754851566  475.5884585944982  485.0834791078346  397.45252716713685  474.2329970406607  459.0264264989676  460.8702924716197  365.85150132958  471.97060887198495  466.99995802793956  489.3059916272168  491.4661381500639  455.91605407311664  355.4981285828778  461.8803358982354  418.72795800116216  
-96.14177655973212  8.616034194518889  -326.2494437478824  47.84319592624678  16.252844127422065  13.0953194687323  42.92851991180341  -18.956676362371965  32.272558840494796  -451.11854754851566  0.0  24.469911045982528  33.96493155931893  -53.66602038137886  23.114449492144992  7.907878950451931  9.751744923104027  -85.26704621893568  20.852061323469265  15.88141047942387  38.18744407870115  40.34759060154822  4.797506524600976  -95.62041896563785  10.761788349719694  -32.390589547353486  
-120.61168760571465  -15.853876851463639  -350.71935479386497  23.373284880264254  -8.217066918560462  -11.374591577250229  18.458608865820885  -43.42658740835449  7.802647794512264  -475.5884585944982  -24.469911045982528  0.0  9.495020513336396  -78.13593142736138  -1.3554615538375359  -16.562032095530597  -14.7181661228785  -109.7369572649182  -3.617849722513263  -8.588500566558658  13.71753303271862  15.877679555565688  -19.67240452138155  -120.09033001162038  -13.708122696262834  -56.86050059333601  
-130.10670811905104  -25.348897364800035  -360.21437530720135  13.878264366927858  -17.712087431896858  -20.869612090586624  8.96358835248449  -52.92160792169089  -1.6923727188241315  -485.0834791078346  -33.96493155931893  -9.495020513336396  0.0  -87.63095194069778  -10.850482067173932  -26.057052608866993  -24.213186636214896  -119.2319777782546  -13.112870235849659  -18.083521079895053  4.222512519382224  6.382659042229292  -29.167425034717947  -129.58535052495677  -23.20314320959923  -66.35552110667241  
-42.475756178353265  62.282054575897746  -272.58342336650355  101.50921630762564  69.91886450880092  66.76133985011116  96.59454029318226  34.70934401900689  85.93857922187365  -397.45252716713685  53.66602038137886  78.13593142736138  87.63095194069778  0.0  76.78046987352386  61.57389933183079  63.417765304482884  -31.60102583755682  74.51808170484813  69.54743086080273  91.85346446008  94.01361098292708  58.46352690597983  -41.954398584258996  64.42780873109855  21.27543083402537  
-119.25622605187712  -14.498415297626103  -349.36389324002744  24.72874643410179  -6.8616053647229265  -10.019130023412693  19.81407041965842  -42.07112585451696  9.1581093483498  -474.2329970406607  -23.114449492144992  1.3554615538375359  10.850482067173932  -76.78046987352386  0.0  -15.206570541693061  -13.362704569040964  -108.38149571108067  -2.2623881686757272  -7.233039012721122  15.072994586556156  17.233141109403224  -18.316942967544016  -118.73486845778285  -12.352661142425298  -55.50503903949848  
-104.04965551018405  0.7081552440669583  -334.1573226983344  39.93531697579485  8.344965176970135  5.1874405182803685  35.02064096135148  -26.864555312823896  24.36467989004286  -459.0264264989676  -7.907878950451931  16.562032095530597  26.057052608866993  -61.57389933183079  15.206570541693061  0.0  1.8438659726520967  -93.1749251693876  12.944182373017334  7.9735315289719395  30.279565128249217  32.43971165109629  -3.1103724258509544  -103.52829791608978  2.8539093992677635  -40.298468497805416  
-105.89352148283615  -1.1357107285851384  -336.0011886709865  38.09145100314275  6.501099204318038  3.3435745456282717  33.176774988699385  -28.708421285475993  22.520813917390765  -460.8702924716197  -9.751744923104027  14.7181661228785  24.213186636214896  -63.417765304482884  13.362704569040964  -1.8438659726520967  0.0  -95.0187911420397  11.100316400365237  6.129665556319843  28.43569915559712  30.59584567844419  -4.954238398503051  -105.37216388874188  1.0100434266156668  -42.14233447045751  
-10.874730340796447  93.88308041345456  -240.98239752894676  133.11024214518247  101.51989034635774  98.36236568766797  128.19556613073908  66.31036985656371  117.53960505943047  -365.85150132958  85.26704621893568  109.7369572649182  119.2319777782546  31.60102583755682  108.38149571108067  93.1749251693876  95.0187911420397  0.0  106.11910754240495  101.14845669835955  123.45449029763682  125.6146368204839  90.06455274353665  -10.353372746702178  96.02883456865537  52.87645667158219  
-116.9938378832014  -12.236027128950376  -347.1015050713517  26.991134602777517  -4.599217196047199  -7.7567418547369655  22.076458588334148  -39.80873768584123  11.420497517025527  -471.97060887198495  -20.852061323469265  3.617849722513263  13.112870235849659  -74.51808170484813  2.2623881686757272  -12.944182373017334  -11.100316400365237  -106.11910754240495  0.0  -4.9706508440453945  17.335382755231883  19.49552927807895  -16.05455479886829  -116.47248028910712  -10.09027297374957  -53.24265087082275  
-112.023187039156  -7.265376284904981  -342.1308542273063  31.961785446822912  0.3714336479981952  -2.786091010691571  27.047109432379543  -34.838086841795835  16.391148361070922  -466.99995802793956  -15.88141047942387  8.588500566558658  18.083521079895053  -69.54743086080273  7.233039012721122  -7.9735315289719395  -6.129665556319843  -101.14845669835955  4.9706508440453945  0.0  22.306033599277278  24.466180122124346  -11.083903954822894  -111.50182944506173  -5.119622129704176  -48.272000026777356  
-134.32922063843327  -29.57140988418226  -364.4368878265836  9.655751847545634  -21.934599951279083  -25.09212460996885  4.741075833102265  -57.14412044107311  -5.914885238206356  -489.3059916272168  -38.18744407870115  -13.71753303271862  -4.222512519382224  -91.85346446008  -15.072994586556156  -30.279565128249217  -28.43569915559712  -123.45449029763682  -17.335382755231883  -22.306033599277278  0.0  2.160146522847068  -33.38993755410017  -133.807863044339  -27.425655728981454  -70.57803362605463  
-136.48936716128034  -31.731556407029327  -366.59703434943066  7.495605324698566  -24.09474647412615  -27.252271132815917  2.580929310255197  -59.304266963920185  -8.075031761053424  -491.4661381500639  -40.34759060154822  -15.877679555565688  -6.382659042229292  -94.01361098292708  -17.233141109403224  -32.43971165109629  -30.59584567844419  -125.6146368204839  -19.49552927807895  -24.466180122124346  -2.160146522847068  0.0  -35.55008407694724  -135.96800956718607  -29.58580225182852  -72.7381801489017  
-100.9392830843331  3.8185276699179127  -331.0469502724834  43.0456894016458  11.45533760282109  8.297812944131323  38.13101338720244  -23.75418288697294  27.475052315893816  -455.91605407311664  -4.797506524600976  19.67240452138155  29.167425034717947  -58.46352690597983  18.316942967544016  3.1103724258509544  4.954238398503051  -90.06455274353665  16.05455479886829  11.083903954822894  33.38993755410017  35.55008407694724  0.0  -100.41792549023883  5.964281825118718  -37.18809607195446  
-0.521357594094269  104.23645316015674  -230.62902478224458  143.46361489188465  111.87326309305992  108.71573843437015  138.54893887744126  76.66374260326589  127.89297780613265  -355.4981285828778  95.62041896563785  120.09033001162038  129.58535052495677  41.954398584258996  118.73486845778285  103.52829791608978  105.37216388874188  10.353372746702178  116.47248028910712  111.50182944506173  133.807863044339  135.96800956718607  100.41792549023883  0.0  106.38220731535755  63.22982941828437  
-106.90356490945182  -2.1457541552008053  -337.01123209760215  37.081407576527084  5.491055777702371  2.333531119012605  32.16673156208372  -29.71846471209166  21.510770490775098  -461.8803358982354  -10.761788349719694  13.708122696262834  23.20314320959923  -64.42780873109855  12.352661142425298  -2.8539093992677635  -1.0100434266156668  -96.02883456865537  10.09027297374957  5.119622129704176  27.425655728981454  29.58580225182852  -5.964281825118718  -106.38220731535755  0.0  -43.15237789707318  
-63.75118701237864  41.006623741872374  -293.858854200529  80.23378547360026  48.64343367477555  45.485909016085785  75.31910945915689  13.43391318498152  64.66314838784828  -418.72795800116216  32.390589547353486  56.86050059333601  66.35552110667241  -21.27543083402537  55.50503903949848  40.298468497805416  42.14233447045751  -52.87645667158219  53.24265087082275  48.272000026777356  70.57803362605463  72.7381801489017  37.18809607195446  -63.22982941828437  43.15237789707318  0.0  



slope_matrix
0.0  0.0018570787228195534  -0.005556813986673516  0.0015931065776275605  0.0012044001359532168  0.0036497526237375347  0.0013999425857815133  0.0012031971971529253  0.001484902120724178  -0.008711086404632725  0.002883676561479668  0.0031409293647321522  0.001453868679394916  0.0007886326806229719  0.0014942516733727242  0.003778128377276109  0.0016655162233852807  0.00034272708291195863  0.0018558667176903775  0.0011425108316079143  0.001825869520707262  0.0015679421845063795  0.0028313964399532426  7.622187048161827e-05  0.0013413245283494582  0.003269291641660443  
-0.0018646815726993773  0.0  -0.005031031820048096  0.0004735292338450977  5.1572190254613564e-05  6.951094466501257e-05  0.0002497069791885986  -0.00030219980882168846  0.00018088793887426137  -0.006585511842759412  -0.00010041880857471229  0.0003034815630065781  0.00019991243978548923  -0.000773113885003696  0.00017137606734782628  -8.737263961344334e-06  8.176463128762696e-05  -0.0014935028143595323  0.00022991407607948845  4.754516252146444e-05  0.0009594876665860564  0.0002310253031068527  -0.00010128720609861838  -0.0016965568548202594  2.1913339003276197e-05  -0.000601085058000797  
0.005656530658509103  0.005021977773581304  0.0  0.0028243638425552594  0.0031364678376859384  0.004977919366533882  0.005049623357402351  0.010962995625597948  0.003085918424757938  -0.03303415444461197  0.008375893911526853  0.004646520333781995  0.00289747727885458  0.01812389783021965  0.007779200472946503  0.006021937695050178  0.005575857760885936  0.02299450358100637  0.008745313808802009  0.0031219167280527997  0.003927544862879444  0.004625246459114695  0.011229543767723317  0.0051943474050055085  0.008256032143498338  0.010643203701576566  
-0.0015798219495937998  -0.0004753079090237234  -0.0028478211925467164  0.0  -0.0002084758912349021  -0.0004810060417706877  -2.413508689421785e-05  -0.00043585695179216335  -0.0001500639657454895  -0.0038334197146208345  -0.0003991922897475743  -0.0004354188688573818  -0.0001445351423341789  -0.0007085119550196875  -0.00015361378080570127  -0.00038900562025905754  -0.00039898869805323926  -0.0011206452445292345  -0.0002059291569602313  -0.00019724626911147195  -0.00015852490309547912  -4.5129780990418246e-05  -0.00039578603716114197  -0.001552468508731573  -0.0002186777666967057  -0.0007365627969668618  
-0.0012060802734966648  -5.156174419622697e-05  -0.0031407820988106783  0.00020857224216839243  0.0  -3.244476632439135e-05  0.00020791479243639058  -0.00031381034304629263  0.0002785068621883297  -0.004379006761697159  -0.00021751665052759724  7.235881400634433e-05  0.00025584410561746147  -0.0006378876426311552  4.770635726011907e-05  -0.00012036586148810234  -4.2294575527409007e-05  -0.0009760589399707503  3.1927922221778545e-05  -2.969093908858475e-05  0.00013506527063595494  0.0004638957734718165  -9.329970355775443e-05  -0.0012636763028697608  -4.3158498606479376e-05  -0.0005444144787327985  
-0.003646097998279854  -6.951094466501257e-05  -0.004975656709089526  0.000483213412008267  3.251827660854548e-05  0.0  0.0002360576387516408  -0.00035573407432885613  0.00027466684863595666  -0.006928461769484754  -0.0002470348890536182  0.0005707271237957967  0.00030404446518919907  -0.000833360460487463  9.458255473815438e-05  -0.00014699463072486167  -4.3115081181537997e-05  -0.0016857014564903424  8.699800195981342e-05  2.6628032215345226e-05  0.0003665759621617071  0.0002684688319654804  -0.00013701804729411034  -0.003859273639842746  -2.194797941152364e-05  -0.0009478008171550038  
-0.0014085920841844983  -0.00024919919034130427  -0.005073913739138069  2.41257272039476e-05  -0.00020731692288379936  -0.00023707059259757245  0.0  -0.001304466522083754  -6.799796484786307e-05  -0.006987935890527852  -0.0005548470972186043  -0.0001351674992554308  -5.401378940936721e-05  -0.0016125697449655642  -0.0002753101350515273  -0.000346087962855534  -0.0002604735378437744  -0.0016414285035946106  -0.00023326527179905272  -0.00023188338090705278  -2.89441202013557e-05  -3.344862443793104e-05  -0.00037530524987403974  -0.0013891010515083343  -0.0006767669169384329  -0.00093867284969039  
-0.0011927847349306158  0.00030399901385767206  -0.010931795353451103  0.00043179429156912756  0.0003134471689646046  0.00035427922573094434  0.001303093139209016  0.0  0.000385733267094848  -0.016179778030181342  0.0003748601218582552  0.00042915464229382544  0.0003738986005488971  -0.002596061631937688  0.0011628282436295454  0.0003689172660371312  0.0003608398854383609  -0.0018445165467750684  0.00082607880651258  0.0003273025821288598  0.00047739448990036015  0.0008263099758105084  0.0004269263638923965  -0.0011469740066317458  0.001597766920004928  -0.000279117248804935  
-0.0014871376421566522  -0.00018083124762825466  -0.003097114742470432  0.00014987618717635952  -0.0002749693565580626  -0.0002745095816169839  6.747695713847911e-05  -0.00038558810178282975  0.0  -0.00425258297166368  -0.00037626861187472073  -9.722804444196664e-05  9.303863215085935e-05  -0.000682160495490345  -5.8017430034334914e-05  -0.0003917780976048056  -0.00015656741761660976  -0.001109806487200741  -7.829766568644953e-05  -0.00023981197309540486  4.536268023258013e-05  8.358380872635776e-05  -0.00022691652061359278  -0.001580681965222255  -0.00014420306020496816  -0.0007133276159718508  
0.008808356600217953  0.00664836705340614  0.04134738536444809  0.003802395490689608  0.004363878540391575  0.006929496007183771  0.0069242756476568905  0.01589999526071169  0.004242878139111827  0.0  0.01249635865785362  0.006332735800193052  0.003973814033815307  0.02689123999777651  0.010566688882367663  0.008621833705840864  0.0073328606598507505  0.036768995108500506  0.011184137650994904  0.004344589803962597  0.005136531509838514  0.006369441914853083  0.014269673053931663  0.008099752303095871  0.011323371804320553  0.016629386735550523  
-0.002888875497588105  0.00010064167215099566  -0.008326938329450802  0.0003973951419217787  0.00021789575180884924  0.0002470348890536182  0.0005540593690217271  -0.00037169953651709737  0.00037618089334998014  -0.012372971682625224  0.0  0.0003658778565487818  0.00036159833449716735  -0.0011891429289027002  0.0002929588021818123  0.00030853995124666134  0.00011189609779809555  -0.0025414916905793046  0.00027640590301523417  0.00020110688209983374  0.00036676377332598104  0.0007201069177502806  8.650390415796927e-05  -0.003221712229300467  0.000159504792496216  -0.0016852543989257797  
-0.003019066022671205  -0.000306948244946053  -0.004544174070923361  0.0004368021842695618  -7.232696874007977e-05  -0.0005403606450000109  0.00013350553565951993  -0.00042839683741101406  9.772855454048428e-05  -0.006215217702489522  -0.0003568603040102454  0.0  0.00012516504763164244  -0.0008717609218717102  -1.2201472264268034e-05  0.0  -0.00022758877567463276  -0.0016257327002210105  -4.127609495166301e-05  -7.089731357568646e-05  0.0002678159514392546  0.0001342040364767618  -0.00033135261110630877  -0.0029133995636006884  -0.00011739421680451172  -0.000986305300838439  
-0.0014656607876427964  -0.0002004641905939853  -0.0029160072476904506  0.00014282457926240464  -0.00025379119403778276  -0.0003048884162247863  5.409854760386559e-05  -0.00037631805391232946  -9.202679275824532e-05  -0.003994429175789152  -0.0003631059606512607  -0.00012513040831481394  0.0  -0.0006551846874070863  -6.527783700622027e-05  -0.0003724564409500714  -0.0001736073207779029  -0.0010488386504068842  -8.689199016532807e-05  -0.0002263835888820112  3.350641971879468e-05  5.902218459616509e-05  -0.0002361734820624935  -0.0015550864097558714  -0.00014734025406146323  -0.0006742076926099615  
-0.000797517014238702  0.0007711992889536621  -0.01813595631180995  0.0007040304079373133  0.0006381205120817826  0.0008350282029006661  0.0016321883762217986  0.002613655423117989  0.0006810792456956225  -0.0277938830186809  0.0011894064800837512  0.0008873033321299272  0.0006524043473845874  0.0  0.0022261661314445886  0.0009402030742377582  0.0009081736403334224  -0.0013817676360978058  0.0018694952760875095  0.0006438980729636397  0.0008594878306361  0.001272001230996172  0.0013421378995863138  -0.0007379841439623395  0.002303461163071096  0.0005578246154699887  
-0.0014995124613589477  -0.00017223111543865648  -0.007813998954149574  0.00015358515889759512  -4.7560860641317855e-05  -9.477939668349913e-05  0.00027496628392531807  -0.0011589841833200263  5.790408035122534e-05  -0.010649741680679557  -0.00029303308179696997  1.2241141098505698e-05  6.473648390414612e-05  -0.0022274577857129057  0.0  -0.00015601283001634412  -0.00018295050067142614  -0.0020542360824693075  -6.93133630108985e-05  -5.122548875864817e-05  0.00013180303066243578  0.00016176796310338144  -0.00034836331242951723  -0.0014021595235921452  -0.0004705775673304875  -0.0007996691980910312  
-0.003658567352678764  8.609790201421985e-06  -0.00600894304438652  0.00038953684135578274  0.00012022713120544785  0.00014753812623095473  0.0003452009951833562  -0.000369475385955493  0.0003899596653335925  -0.008576726952521816  -0.000309022233311916  0.0003172195383170005  0.00036897553963278096  -0.0009353470960326718  0.00015564396005867965  0.0  2.034274021019524e-05  -0.002036165322757596  0.00015102301216914402  0.00010754695884774669  0.000315444995606305  0.0004779683461189964  -5.0542288362868934e-05  -0.004501230344177817  3.205919343145095e-05  -0.0013212612622231284  
-0.0016715630857590553  -8.247717709405508e-05  -0.005580488102823227  0.0003997004302533342  4.235519710937545e-05  4.3237741440944935e-05  0.00026290920104206627  -0.0003587655746747812  0.00015675376847908935  -0.0072566571007970345  -0.00011167825152432464  0.0002259813622428758  0.00017333514665484213  -0.0009093456453180798  0.00018210281505915733  -2.0597251705228962e-05  0.0  -0.001583646519033995  0.00026429324762774375  3.874140788977274e-05  0.000641165708130713  0.00022350679873215127  -0.00014431221667646522  -0.0015311270544716925  1.1649866512291427e-05  -0.0006030671790277263  
-0.00034810276378989904  0.0014932652640081208  -0.022563894899714117  0.0011128502336319305  0.0009782221077891476  0.0016842582436545261  0.0016439544258879083  0.0018414432062361485  0.001105214904178942  -0.03353359315578185  0.002547566364473728  0.0016616740954712023  0.0010414182704013852  0.0013727639373395664  0.00204918691077861  0.002040624729947166  0.0015794346931855003  0.0  0.002476525263533371  0.0009494833070342585  0.0013874252963850353  0.0016181197580894485  0.0031712870684343893  -0.0002961491060269502  0.00196780398706261  0.0029343205700101105  
-0.0018638495759630619  -0.0002302168791900353  -0.008825362447784178  0.00020578785150028605  -3.1930138822876975e-05  -8.72033935327371e-05  0.00023470363475121622  -0.0008272805005370165  7.793433545124559e-05  -0.011229374467570425  -0.0002760728882640143  4.1318521271279843e-05  8.688623267856917e-05  -0.0018592335754702627  6.876559783208898e-05  -0.00015077673119414484  -0.00026423033564306684  -0.002483480167152  0.0  -3.4415639715055005e-05  0.00020703908700862156  0.00017402061303292826  -0.0005243159633856397  -0.0016953781701471197  -0.00019949135970244306  -0.0009146650209727324  
-0.0011462517859322215  -4.759499695319346e-05  -0.003133353367774579  0.00019839717844086227  2.9906090821110728e-05  -2.6640763154442254e-05  0.00022975602851130675  -0.0003263215328006354  0.00024062167294584442  -0.004369794685392903  -0.0002003710633285878  7.108508994006504e-05  0.00022652537993104164  -0.0006395166056165769  5.101593322556864e-05  -0.00010794005048019412  -3.873406354704482e-05  -0.0009494833070342585  3.457122578971619e-05  0.0  0.00013164561850376107  0.0005961544864065386  -8.705548189461902e-05  -0.001198042650102737  -4.2164570331940175e-05  -0.0005141335608347785  
-0.0018236386184962432  -0.0009563845370046008  -0.003928391590240203  0.00015917823685370315  -0.00013503201151981705  -0.0003665224161549642  2.8907060094153838e-05  -0.0004760819831798143  -4.552362994078624e-05  -0.0050958757719976756  -0.0003662361568878982  -0.0002669300064743845  -3.352530781565879e-05  -0.0008602928206432519  -0.0001318837569914792  -0.0003169971223644181  -0.0006380008785191187  -0.0013860234004068309  -0.00020661957991933115  -0.00013181676869919204  0.0  1.3571316974599913e-05  -0.0005224524730730742  -0.0017548572202536262  -0.00021644428797238933  -0.0008027528847367451  
-0.0015817335198488873  -0.0002309076226124779  -0.004631089367729038  4.5219626717534784e-05  -0.0004547894766728228  -0.00026873356801909  3.307993117564754e-05  -0.0008266555194301671  -8.373114642320016e-05  -0.006395967440786881  -0.0007293358869425394  -0.0001338645945161933  -5.90167271588469e-05  -0.0012643035366181694  -0.00016141945587676306  -0.0004779683461189964  -0.00022331104064261142  -0.0016114770599164065  -0.0001732781910770505  -0.0006017260236626745  -1.358317889497688e-05  0.0  -0.000337543525227376  -0.0016464805411315687  -0.00034242826680357086  -0.001028232286070337  
-0.0028234764499114155  0.00010104598226826973  -0.01123716735480256  0.0003960773776375212  9.344430706273831e-05  0.00013609665317584587  0.00037596763379578625  -0.00042784911539936856  0.00022656099872923077  -0.013938124551302862  -8.61775916041131e-05  0.0003323602723666422  0.00023541101722936197  -0.0013452261138053344  0.0003468461080769554  5.1115405519325464e-05  0.00014385128915514085  -0.003183617983157888  0.0005250017919839205  8.705548189461902e-05  0.0005225342340234769  0.00033780011475624517  0.0  -0.002409259248806114  9.477644724485488e-05  -0.0009727464313877704  
-7.611059767799546e-05  0.0016929747143114625  -0.005128508445235593  0.0015651714476531164  0.0012633908875557304  0.0038239795439454854  0.0013827239408926272  0.001156315876369018  0.0015903130789123683  -0.008138693419937679  0.003209816010931113  0.0030264700103734975  0.0015530363198101242  0.0007387638419485648  0.0013901752541597336  0.00482874523862359  0.0015260269933199404  0.0002933797887985882  0.0016887411960143123  0.0011953455129187578  0.0017548572202536262  0.0016350169500623625  0.002415053523093767  0.0  0.0012877642817498796  0.002920546393454243  
-0.0013513280863285528  -2.1985186016401694e-05  -0.008325376286996101  0.00021754623020144606  4.29458452815765e-05  2.1968641972986554e-05  0.0006713991142158989  -0.0016012103831945937  0.0001442223968540067  -0.011463895157563549  -0.00016141875430808  0.00011902511675143557  0.00014751823516815583  -0.002343681656278594  0.00046950441438332565  -3.222207744459482e-05  -1.1682204795462258e-05  -0.001978752000178351  0.00020016411374230452  4.197443740021461e-05  0.00021663235172971132  0.0003388980784860083  -9.536747401852763e-05  -0.0012880761268356648  0.0  -0.0006755225093467937  
-0.003264269688293837  0.0005999418258968029  -0.010635499609139667  0.0007313127595304093  0.0005454522726483018  0.0009491853053167878  0.0009292919118958284  0.0002814563835110312  0.0007103498669432965  -0.016675745041862294  0.0016808816578803055  0.0010128339970312792  0.0006691088142247899  -0.0005566570076929715  0.0007987485830982656  0.001328229021021932  0.0006034125783284294  -0.0029037043751555295  0.0009154513561008039  0.0005140240658798569  0.0008030268930032385  0.0010160240833191562  0.0009747862666305233  -0.002928662779911272  0.0006738347579180697  0.0  
