Height_Data

node	height
0	18.037158162051277
1	57.73251015509258
2	25.214313296179125
3	6.5589879672281635
4	23.492112044733727
5	35.393636895808825
6	64.46705418110314
7	62.42332324200609
8	13.72555376662782
9	8.836988436410813
10	11.787397321513115
11	6.978907726535199
12	24.67374931952855
13	40.0917444247603
14	18.037368693477813
15	22.26239940821971
16	32.75850008095422
17	52.14818288211564
18	19.77271687536773
19	39.91867329276868
20	17.21240599373653
21	12.024009391217465
22	12.807166805816056
23	35.79648194495573
24	41.6005042894658
25	31.36234870715897



height_matrix
0.0  -1389.3373197564454  -251.20042969447468  401.735956818809  -190.92338589388578  -607.4767556815141  -1625.0463606668152  -1553.5157777984184  150.906153839821  322.0059403974162  218.74162941883566  387.03876524306276  -232.2806905117045  -771.9105191948158  -0.007368599928781805  -147.8834436158952  -515.2469671616029  -1193.8858652022527  -60.74455496607584  -765.8530295751091  28.866325891016118  210.46020697918345  183.04969746823275  -621.5763324016559  -824.7171144595084  -466.38166907876916  
1389.3373197564454  0.0  1138.1368900619707  1791.0732765752543  1198.4139338625596  781.8605640749313  -235.70904091036982  -164.17845804197304  1540.2434735962663  1711.3432601538616  1608.078949175281  1776.376084999508  1157.0566292447409  617.4268005616295  1389.3299511565165  1241.4538761405502  874.0903525948424  195.45145455419265  1328.5927647903695  623.4842901813363  1418.2036456474616  1599.7975267356287  1572.3870172246782  767.7609873547894  564.620205296937  922.9556506776762  
251.20042969447468  -1138.1368900619707  0.0  652.9363865132837  60.2770438005889  -356.2763259870394  -1373.8459309723405  -1302.3153481039437  402.1065835342957  573.2063700918909  469.94205911331034  638.2391949375374  18.919739182770172  -520.7100895003412  251.1930610945459  103.31698607857948  -264.04653746712825  -942.685435507778  190.45587472839884  -514.6525998806344  280.0667555854908  461.66063667365813  434.25012716270743  -370.37590270718124  -573.5166847650337  -215.18123938429449  
-401.735956818809  -1791.0732765752543  -652.9363865132837  0.0  -592.6593427126948  -1009.212712500323  -2026.7823174856242  -1955.2517346172274  -250.82980297898797  -79.73001642139275  -182.99432739997332  -14.697191575746217  -634.0166473305135  -1173.6464760136248  -401.74332541873775  -549.6194004347042  -916.9829239804119  -1595.6218220210617  -462.4805117848848  -1167.588986393918  -372.86963092779285  -191.27574983962552  -218.68625935057622  -1023.3122892204649  -1226.4530712783173  -868.1176258975781  
190.92338589388578  -1198.4139338625596  -60.2770438005889  592.6593427126948  0.0  -416.5533697876283  -1434.1229747729294  -1362.5923919045326  341.8295397337068  512.929326291302  409.66501531272144  577.9621511369485  -41.35730461781873  -580.98713330093  190.916017293957  43.039942277990576  -324.32358126771715  -1002.9624793083669  130.17883092780994  -574.9296436812233  219.7897117849019  401.38359287306923  373.97308336211853  -430.65294650777014  -633.7937285656226  -275.4582831848834  
607.4767556815141  -781.8605640749313  356.2763259870394  1009.212712500323  416.5533697876283  0.0  -1017.5696049853011  -946.0390221169043  758.382909521335  929.4826960789303  826.2183851003497  994.5155209245768  375.1960651698096  -164.43376351330176  607.4693870815853  459.5933120656189  92.22978851991115  -586.4091095207386  546.7322007154382  -158.376273893595  636.3430815725302  817.9369626606975  790.5264531497469  -14.09957672014184  -217.2403587779943  141.0950866027449  
1625.0463606668152  235.70904091036982  1373.8459309723405  2026.7823174856242  1434.1229747729294  1017.5696049853011  0.0  71.53058286839678  1775.9525145066361  1947.0523010642314  1843.7879900856508  2012.085125909878  1392.7656701551107  853.1358414719994  1625.0389920668863  1477.16291705092  1109.7993935052123  431.1604954645625  1564.3018057007394  859.1933310917061  1653.9126865578314  1835.5065676459985  1808.096058135048  1003.4700282651593  800.3292462073068  1158.664691588046  
1553.5157777984184  164.17845804197304  1302.3153481039437  1955.2517346172274  1362.5923919045326  946.0390221169043  -71.53058286839678  0.0  1704.4219316382394  1875.5217181958346  1772.257407217254  1940.554543041481  1321.235087286714  781.6052586036026  1553.5084091984895  1405.6323341825232  1038.2688106368155  359.6299125961657  1492.7712228323426  787.6627482233093  1582.3821036894346  1763.9759847776018  1736.5654752666512  931.9394453967625  728.79866333891  1087.1341087196492  
-150.906153839821  -1540.2434735962663  -402.1065835342957  250.82980297898797  -341.8295397337068  -758.382909521335  -1775.9525145066361  -1704.4219316382394  0.0  171.09978655759522  67.83547557901466  236.13261140324175  -383.1868443515255  -922.8166730346368  -150.91352243974978  -298.7895974557162  -666.1531210014239  -1344.7920190420737  -211.65070880589684  -916.75918341493  -122.03982794880488  59.55405313936245  32.14354362841175  -772.4824862414769  -975.6232682993293  -617.2878229185901  
-322.0059403974162  -1711.3432601538616  -573.2063700918909  79.73001642139275  -512.929326291302  -929.4826960789303  -1947.0523010642314  -1875.5217181958346  -171.09978655759522  0.0  -103.26431097858057  65.03282484564653  -554.2866309091207  -1093.916459592232  -322.013308997345  -469.8893840133114  -837.2529075590191  -1515.891805599669  -382.75049536349206  -1087.8589699725253  -293.1396145064001  -111.54573341823277  -138.95624292918347  -943.5822727990721  -1146.7230548569246  -788.3876094761854  
-218.74162941883566  -1608.078949175281  -469.94205911331034  182.99432739997332  -409.66501531272144  -826.2183851003497  -1843.7879900856508  -1772.257407217254  -67.83547557901466  103.26431097858057  0.0  168.2971358242271  -451.02231993054016  -990.6521486136514  -218.74899801876444  -366.62507303473086  -733.9885965804385  -1412.6274946210883  -279.4861843849115  -984.5946589939447  -189.87530352781954  -8.281422439652204  -35.69193195060291  -840.3179618204915  -1043.458743878344  -685.1232984976048  
-387.03876524306276  -1776.376084999508  -638.2391949375374  14.697191575746217  -577.9621511369485  -994.5155209245768  -2012.085125909878  -1940.554543041481  -236.13261140324175  -65.03282484564653  -168.2971358242271  0.0  -619.3194557547672  -1158.9492844378785  -387.04613384299154  -534.9222088589579  -902.2857324046656  -1580.9246304453154  -447.7833202091386  -1152.8917948181718  -358.17243935204664  -176.5785582638793  -203.98906777483  -1008.6150976447186  -1211.755879702571  -853.4204343218319  
232.2806905117045  -1157.0566292447409  -18.919739182770172  634.0166473305135  41.35730461781873  -375.1960651698096  -1392.7656701551107  -1321.235087286714  383.1868443515255  554.2866309091207  451.02231993054016  619.3194557547672  0.0  -539.6298286831113  232.27332191177572  84.3972468958093  -282.9662766498984  -961.6051746905482  171.53613554562867  -533.5723390634046  261.1470164027206  442.74089749088796  415.33038797993726  -389.2956418899514  -592.4364239478039  -234.10097856706466  
771.9105191948158  -617.4268005616295  520.7100895003412  1173.6464760136248  580.98713330093  164.43376351330176  -853.1358414719994  -781.6052586036026  922.8166730346368  1093.916459592232  990.6521486136514  1158.9492844378785  539.6298286831113  0.0  771.903150594887  624.0270755789206  256.6635520332129  -421.9753460074369  711.16596422874  6.057489619706757  800.776845085832  982.3707261739993  954.9602166630486  150.33418679315992  -52.80659526469253  305.52885011604667  
0.007368599928781805  -1389.3299511565165  -251.1930610945459  401.74332541873775  -190.916017293957  -607.4693870815853  -1625.0389920668863  -1553.5084091984895  150.91352243974978  322.013308997345  218.74899801876444  387.04613384299154  -232.27332191177572  -771.903150594887  0.0  -147.87607501596642  -515.2395985616741  -1193.878496602324  -60.73718636614706  -765.8456609751803  28.8736944909449  210.46757557911224  183.05706606816153  -621.5689638017271  -824.7097458595796  -466.3743004788404  
147.8834436158952  -1241.4538761405502  -103.31698607857948  549.6194004347042  -43.039942277990576  -459.5933120656189  -1477.16291705092  -1405.6323341825232  298.7895974557162  469.8893840133114  366.62507303473086  534.9222088589579  -84.3972468958093  -624.0270755789206  147.87607501596642  0.0  -367.3635235457077  -1046.0024215863575  87.13888864981936  -617.9695859592139  176.74976950691132  358.34365059507866  330.93314108412795  -473.6928887857607  -676.8336708436132  -318.49822546287396  
515.2469671616029  -874.0903525948424  264.04653746712825  916.9829239804119  324.32358126771715  -92.22978851991115  -1109.7993935052123  -1038.2688106368155  666.1531210014239  837.2529075590191  733.9885965804385  902.2857324046656  282.9662766498984  -256.6635520332129  515.2395985616741  367.3635235457077  0.0  -678.6388980406498  454.5024121955271  -250.60606241350615  544.113293052619  725.7071741407864  698.2966646298357  -106.329365240053  -309.47014729790544  48.86529808283376  
1193.8858652022527  -195.45145455419265  942.685435507778  1595.6218220210617  1002.9624793083669  586.4091095207386  -431.1604954645625  -359.6299125961657  1344.7920190420737  1515.891805599669  1412.6274946210883  1580.9246304453154  961.6051746905482  421.9753460074369  1193.878496602324  1046.0024215863575  678.6388980406498  0.0  1133.1413102361769  428.03283562714364  1222.7521910932687  1404.3460721814363  1376.9355626704855  572.3095328005968  369.16875074274435  727.5041961234836  
60.74455496607584  -1328.5927647903695  -190.45587472839884  462.4805117848848  -130.17883092780994  -546.7322007154382  -1564.3018057007394  -1492.7712228323426  211.65070880589684  382.75049536349206  279.4861843849115  447.7833202091386  -171.53613554562867  -711.16596422874  60.73718636614706  -87.13888864981936  -454.5024121955271  -1133.1413102361769  0.0  -705.1084746090332  89.61088085709196  271.2047619452593  243.7942524343086  -560.8317774355801  -763.9725594934325  -405.6371141126933  
765.8530295751091  -623.4842901813363  514.6525998806344  1167.588986393918  574.9296436812233  158.376273893595  -859.1933310917061  -787.6627482233093  916.75918341493  1087.8589699725253  984.5946589939447  1152.8917948181718  533.5723390634046  -6.057489619706757  765.8456609751803  617.9695859592139  250.60606241350615  -428.03283562714364  705.1084746090332  0.0  794.7193554661252  976.3132365542925  948.9027270433419  144.27669717345316  -58.86408488439929  299.4713604963399  
-28.866325891016118  -1418.2036456474616  -280.0667555854908  372.86963092779285  -219.7897117849019  -636.3430815725302  -1653.9126865578314  -1582.3821036894346  122.03982794880488  293.1396145064001  189.87530352781954  358.17243935204664  -261.1470164027206  -800.776845085832  -28.8736944909449  -176.74976950691132  -544.113293052619  -1222.7521910932687  -89.61088085709196  -794.7193554661252  0.0  181.59388108816734  154.18337157721663  -650.442658292672  -853.5834403505245  -495.2479949697853  
-210.46020697918345  -1599.7975267356287  -461.66063667365813  191.27574983962552  -401.38359287306923  -817.9369626606975  -1835.5065676459985  -1763.9759847776018  -59.55405313936245  111.54573341823277  8.281422439652204  176.5785582638793  -442.74089749088796  -982.3707261739993  -210.46757557911224  -358.34365059507866  -725.7071741407864  -1404.3460721814363  -271.2047619452593  -976.3132365542925  -181.59388108816734  0.0  -27.410509510950703  -832.0365393808394  -1035.1773214386917  -676.8418760579526  
-183.04969746823275  -1572.3870172246782  -434.25012716270743  218.68625935057622  -373.97308336211853  -790.5264531497469  -1808.096058135048  -1736.5654752666512  -32.14354362841175  138.95624292918347  35.69193195060291  203.98906777483  -415.33038797993726  -954.9602166630486  -183.05706606816153  -330.93314108412795  -698.2966646298357  -1376.9355626704855  -243.7942524343086  -948.9027270433419  -154.18337157721663  27.410509510950703  0.0  -804.6260298698887  -1007.7668119277412  -649.431366547002  
621.5763324016559  -767.7609873547894  370.37590270718124  1023.3122892204649  430.65294650777014  14.09957672014184  -1003.4700282651593  -931.9394453967625  772.4824862414769  943.5822727990721  840.3179618204915  1008.6150976447186  389.2956418899514  -150.33418679315992  621.5689638017271  473.6928887857607  106.329365240053  -572.3095328005968  560.8317774355801  -144.27669717345316  650.442658292672  832.0365393808394  804.6260298698887  0.0  -203.14078205785245  155.19466332288675  
824.7171144595084  -564.620205296937  573.5166847650337  1226.4530712783173  633.7937285656226  217.2403587779943  -800.3292462073068  -728.79866333891  975.6232682993293  1146.7230548569246  1043.458743878344  1211.755879702571  592.4364239478039  52.80659526469253  824.7097458595796  676.8336708436132  309.47014729790544  -369.16875074274435  763.9725594934325  58.86408488439929  853.5834403505245  1035.1773214386917  1007.7668119277412  203.14078205785245  0.0  358.3354453807392  
466.38166907876916  -922.9556506776762  215.18123938429449  868.1176258975781  275.4582831848834  -141.0950866027449  -1158.664691588046  -1087.1341087196492  617.2878229185901  788.3876094761854  685.1232984976048  853.4204343218319  234.10097856706466  -305.52885011604667  466.3743004788404  318.49822546287396  -48.86529808283376  -727.5041961234836  405.6371141126933  -299.4713604963399  495.2479949697853  676.8418760579526  649.431366547002  -155.19466332288675  -358.3354453807392  0.0  



slope_matrix
0.0  -0.0172139427550049  -0.004213358431641642  0.0045220166233544455  -0.002983177904591965  -0.021374973810046237  -0.018889298624512555  -0.016172348301045372  0.0021879970108716978  0.0037740968166598246  0.002492214075639007  0.004269123816932084  -0.007209208271623355  -0.008947612370404727  -7.431020500990122e-08  -0.002655952651147543  -0.012622414678138238  -0.01229036303481833  -0.000715905185221872  -0.00865370654887129  0.0003096580764966329  0.003236853383254129  0.0031592975054924536  -0.008968061353363957  -0.008386385137883957  -0.016076582870691802  
0.01723529735462654  0.0  0.021649519508131303  0.01091252834079848  0.017652029486420286  0.009954934607523953  -0.023689350845263298  -0.007555382330509574  0.0207272705368896  0.01072539019900891  0.03007441460959942  0.012335945034718805  0.02008081619654184  0.004142969875606452  0.043744645817270666  0.014536760414287305  0.009599059439873077  0.008694459722161594  0.013458056186529406  0.004093521700356748  0.012410879800189564  0.013939161163506393  0.012607336571718074  0.05612287919260157  0.02039076219923933  0.010031036307767376  
0.004210533518177584  -0.021465775637237523  0.0  0.004785520276409291  0.003657587609259035  -0.009084047067492081  -0.025047327820826627  -0.018655140353873997  0.003900539174840389  0.004071646328256079  0.005116964929369668  0.006527965581850643  0.000684753499195446  -0.003572624970842821  0.004853972195063689  0.0029351416499596443  -0.005523986139479671  -0.013891621507630092  0.001541528731108044  -0.0034839737332834713  0.002020392119358612  0.0037081175636438403  0.005250908430020646  -0.008881703141583685  -0.007664159035226493  -0.003791739901044837  
-0.0045563792312442895  -0.010970008431281033  -0.004815839878104481  0.0  -0.004497987588988356  -0.010365783817792965  -0.011927862037933288  -0.010847443742675326  -0.0018451508237383254  -0.0019422659298755846  -0.0010694543124304442  -0.0001774380245774021  -0.005634701807061087  -0.014744302462482723  -0.002132056070788822  -0.004903769599081951  -0.010219357227018966  -0.008799546804285345  -0.003406603651921662  -0.01602950283352441  -0.002805429470527371  -0.0019177436318390368  -0.003995729204286063  -0.006595206813743651  -0.006734312932562691  -0.010765214046174752  
0.002937734819108875  -0.017775083933233852  -0.0037185097964582913  0.004441358673216589  0.0  -0.009892029679117271  -0.020602255060665556  -0.016112006526008426  0.0029346629441424003  0.003556328962707495  0.0038458615231993826  0.006356121754502898  -0.0011040390981798913  -0.003851652622966767  0.0029263644588282804  0.001698498116732067  -0.007213602786203673  -0.012139463559772051  0.0009506267776238494  -0.00378741530751794  0.0014458898216229321  0.003091608972295072  0.004682858544479321  -0.007676386276675462  -0.0071028423817465075  -0.004724841907116353  
0.02168785275549854  -0.0099816234402519  0.009118923112030698  0.010323370627049131  0.010137585052023078  0.0  -0.012006721002776414  -0.009931125573345625  0.008232554380387919  0.008952828896926703  0.007881507060005243  0.014531202818886277  0.01654303638314857  -0.0014883442719861493  0.006899141250216755  0.01598029596890191  0.005438077153296648  -0.006086870557616137  0.004993900262289352  -0.0014299049647309046  0.005399601880123294  0.008895453645032057  0.016916893925738218  -0.00021658335975640306  -0.0022253673302396466  0.007957985707994638  
0.018911280817721577  0.023430322158088452  0.025001745786575807  0.01189286655020317  0.020478694484834064  0.011984096160467568  0.0  0.004426397454727523  0.022672409576114643  0.011849149836077358  0.033281371662195865  0.013380894632638677  0.021765364434366476  0.0055474077734052885  0.05963445842447289  0.0167668889563101  0.011390735846302086  0.03249137117291352  0.015289524256203958  0.005470130076346254  0.014032620238565708  0.015356032524437367  0.01390201490185336  0.049505181463500705  0.03368389083364086  0.011902051274658921  
0.01617403204371076  0.007415467842907545  0.01860716313907621  0.010813249278936109  0.01601730800404999  0.009935297438740857  -0.004374959196843839  0.0  0.023357524655523966  0.010668496690533758  0.038950712246533056  0.012012842286996912  0.017734699158210927  0.00497989996052043  0.0392696766733693  0.013557410630618473  0.009487105360351019  0.032575173242406316  0.015397013190365775  0.004860315612879855  0.014065368648463446  0.014643422695767974  0.01238987924705088  0.028552066341812576  0.06823957521899907  0.01011758128170916  
-0.00217663571094506  -0.020752404656376535  -0.0038824619439441505  0.0018444724095814985  -0.0029166342980691705  -0.008188995891602796  -0.022841832984008183  -0.02330960916341734  0.0  0.0015622555177326287  0.0017647106029920565  0.0015171717514985978  -0.004490646248113506  -0.01071908414392488  -0.0015503752048464125  -0.0025097824229795567  -0.0063052827354607086  -0.016045531243417614  -0.008115441288569664  -0.010170279710841126  -0.0029315356221187817  0.0012006623483268976  0.00025847172425548206  -0.011119655768554438  -0.014192741861470291  -0.006436115346873007  
-0.00376747327012304  -0.010737503200864987  -0.004088198916567227  0.001999749596724172  -0.0036032969883477485  -0.008966647656559235  -0.011851313537429128  -0.010672139058813217  -0.0015691181981034392  0.0  -0.0007046257367936334  0.0005692649233687546  -0.0048451628575972095  -0.02573315595371047  -0.001775449682953879  -0.0038305158882637274  -0.008229338584224682  -0.0085600079372052  -0.003666192484324637  -0.030429621537693016  -0.002962502420479031  -0.0016374887465976625  -0.0017767068524380959  -0.006237735656766524  -0.006634209168972662  -0.008765706131600905  
-0.0024902280216169814  -0.029940028843330496  -0.0050634851752323065  0.0010641061080419452  -0.003795654732814986  -0.007886773435474892  -0.03353561276983723  -0.03906231887188129  -0.0017442909637185562  0.0007056947377747596  0.0  0.000984481636877608  -0.005292446842648911  -0.00805663705250975  -0.002737784706117202  -0.003029208237913995  -0.006141136182901929  -0.02519849259045823  -0.00456006174555248  -0.007681883257475908  -0.0024710476773531953  -9.57710959703508e-05  -0.0002494718106563424  -0.01580139078263429  -0.026034399797363873  -0.006231792782404991  
-0.004281402270387862  -0.012313711943709331  -0.006515969320444486  0.00017771694771156248  -0.006416810826434423  -0.01451847475802302  -0.013361346210969374  -0.011916940205364044  -0.0015034548032805408  -0.0005686675834701516  -0.00097557901469032  0.0  -0.007073894411819157  -0.008166215363852019  -0.002605143258013001  -0.00800901645244734  -0.01715698293220509  -0.00965863044015955  -0.002647099315495026  -0.008467806058157707  -0.0020254039773357083  -0.0012412382838737474  -0.004866151425926288  -0.0076993518904177  -0.007335084017570043  -0.013155856857127052  
0.0072025020313706825  -0.0201648070624737  -0.000684753499195446  0.005610270306437602  0.0011168594279724203  -0.016572264362624097  -0.021830182917791704  -0.017729939442924232  0.004504371039749918  0.004885734957330284  0.005318659433143163  0.007074702487488773  0.0  -0.004559995172241941  0.003269613202586933  0.0023243527098818317  -0.007984375751972302  -0.012719645167864394  0.0016254727143525886  -0.004432032054683982  0.0022140484646267114  0.004560108121236872  0.006227776098064736  -0.008817568332728232  -0.007705988865085898  -0.0067096869752669725  
0.008986152726365725  -0.004162802053409045  0.0035859106776416306  0.014903447314458728  0.003884876285019358  0.0014972888929558259  -0.0055676815341121145  -0.004959046637334737  0.010791789045089366  0.02570292433252425  0.008052707656527353  0.008219498471190629  0.004580509538096183  0.0  0.004502468213922579  0.004588738045745091  0.002231837566918661  -0.0025662917108036057  0.010166775757380129  0.0007211297166317568  0.012951267104736082  0.025602573004274154  0.009635356842528994  0.0010555693497623924  -0.0003450464268938758  0.0030012362365403745  
7.43176997355704e-08  -0.04363473464687552  -0.004828778567753669  0.0021240526880550795  -0.0029571873806375  -0.006866388460286936  -0.05956887800831694  -0.03923991940385172  0.001543872352324806  0.0017740802655354803  0.0027654740583914596  0.0026063712716699766  -0.003254039253457211  -0.004482336395069317  0.0  -0.0017188896317094783  -0.005229266198738193  -0.04000933299605643  -0.0004971896625448961  -0.00436404160336874  0.0002096687591473804  0.0015256801419290486  0.0013719333438369297  -0.019694834087507197  -0.016765800891636096  -0.004396439484151964  
0.002651191172748211  -0.014579439773350286  -0.002941827621827434  0.004912535644432068  -0.001761765954891141  -0.01602487141093511  -0.01681077634062729  -0.013598068435547289  0.0025152756751891255  0.0038305158882637274  0.0030410175268308797  0.00800901645244734  -0.0023275578294486847  -0.004599561259067307  0.0017257098263037277  0.0  -0.0156992958780217  -0.010313571500555684  0.0006391761802231303  -0.0046210243472610026  0.001217620346561803  0.002998691636778901  0.005676383208990188  -0.006466797116529157  -0.006327854739985725  -0.00866897728532591  
0.012579271659218821  -0.009624425815842793  0.005529770418159754  0.010191983238825976  0.007298010379561592  -0.005343556692926486  -0.011412992528848337  -0.009487972316885822  0.00631305080554799  0.008231765879058295  0.006140622409273308  0.017192944596125487  0.007991140261222773  -0.0022264167732168605  0.0052463048422938  0.014836975910569778  0.0  -0.006156013226058144  0.003746001913751975  -0.0022222759813204413  0.004195168026620039  0.007322239674511012  0.019792989360256114  -0.0013704003768533703  -0.002768316909364929  0.002988703246656499  
0.012281512860839961  -0.008640647858275537  0.013895716914914182  0.008768116397522044  0.012095543648195452  0.006084344361078425  -0.03261425835586706  -0.03248689364012337  0.016083912631616338  0.008552763516134444  0.025162584514091348  0.00971680780851454  0.012709558216898603  0.0025527849123256918  0.04002274544426162  0.010302397533599503  0.00613986155831584  0.0  0.010531836105251106  0.002535589334915844  0.00992961127067344  0.010851913083853151  0.009743387791328089  0.01739542652889352  0.017554386625903202  0.006698316878035941  
0.0007155678521153945  -0.013430982256271427  -0.001536678027500394  0.003406603651921662  -0.0009462733948376095  -0.004982976674402463  -0.015336141858420402  -0.01535125330706536  0.00814354400946121  0.003678171202801192  0.0045526337251166555  0.0026427249776271164  -0.0016257808316332922  -0.01017550385217828  0.0004976826152584976  -0.0006399742115879801  -0.0037386066644363503  -0.01049875670786129  0.0  -0.009150122951064538  0.005650118591241611  0.0068572632603099695  0.0018345567945993572  -0.005955524874541575  -0.008227055055334668  -0.0037472250726345805  
0.008634194245491647  -0.004090835838733261  0.0034830305893383488  0.01602950283352441  0.0038089945917664193  0.0014241189991331265  -0.005461437395701158  -0.0048370348085440265  0.010179313836343478  0.02968237298697204  0.007659771271376017  0.008460349268497628  0.00442394775775976  -0.0007202722496678666  0.004363047120009003  0.0046089617091230155  0.0022148127477994357  -0.002539651332782388  0.009092307860851492  0.0  0.011449637739030762  0.02274727950965267  0.010054065766511357  0.0009847566526070108  -0.0003712370232741722  0.002959788105320616  
-0.00030955845459534713  -0.012389304146479091  -0.0020179173974024843  0.0028546136191072795  -0.0014420004709677333  -0.005379517132238822  -0.014069745783173528  -0.014029329500487048  0.0029378870473953994  0.0029634008745086948  0.002467836021936828  0.002027123432860075  -0.002211985570072172  -0.012959651158534261  -0.00020985314696522203  -0.001217117266952977  -0.004187741807531895  -0.009902350896844606  -0.005639451281125988  -0.011489364687959016  0.0  0.00496700987659101  0.0011292176034657729  -0.005928205051883632  -0.007873587000862685  -0.004247045664778195  
-0.0032308904970706704  -0.013941590646933583  -0.00370960736579878  0.0019359893708464121  -0.003115606558046024  -0.008887720989467537  -0.015441293578245129  -0.0145840993516238  -0.001214372731782844  0.001643278335566187  9.568257373863044e-05  0.001242723332140751  -0.00456198760938576  -0.02558923485735867  -0.0015265654281505204  -0.0029944317756754294  -0.00735414647487623  -0.010912627804657987  -0.006841694297307247  -0.023004553170459296  -0.004990213824901548  0.0  -0.0002639686971393558  -0.007643881850076613  -0.008880154080213873  -0.007918131446630236  
-0.0031647596381091415  -0.012667260269271556  -0.0052687469929957225  0.0039753910080090205  -0.004727254245507756  -0.016909656751866245  -0.01396752458968751  -0.012450283017397843  -0.00025993485062600477  0.0017929837797313996  0.00024980355508540667  0.004855726440724351  -0.006259689344083455  -0.009538156378975716  -0.0013759550967240043  -0.005595758219210821  -0.019883162432512407  -0.00979606974011444  -0.001842181142770958  -0.01005726260777257  -0.0011290522230317562  0.00026488702658437094  0.0  -0.007253457404398167  -0.007104954962829534  -0.02000096601623043  
0.008966767634184303  -0.05612287919260157  0.008911621537190665  0.006558853283043615  0.007571121226908285  0.00021601925417713867  -0.0499985066400179  -0.028942218801141693  0.011090918682576839  0.006230322038950625  0.016058053923571403  0.007727667006165481  0.008777804777676469  -0.0010510675158579314  0.01970732288527987  0.0064465553726967975  0.0013668770438366499  -0.017443143334367472  0.005962426270564635  -0.0009861027761154614  0.005934100211590735  0.007649503901635004  0.007177112031664336  0.0  -0.005698198655199227  0.001959528577309176  
0.008386385137883957  -0.020244539451306453  0.007709490190547697  0.0067081609761982025  0.007064838521091311  0.0022233175599016917  -0.033669720076033104  -0.06823957521899907  0.014110632884964483  0.006647284533400525  0.025976070298191285  0.007387404009648059  0.0076949788796961145  0.0003448661542083602  0.016758986910375525  0.00631251033700127  0.002764854349128075  -0.017697447303103755  0.008203996472299054  0.0003717762984387192  0.007854676828902795  0.008875585786393886  0.00706461136998066  0.005719053548926026  0.0  0.0032593727977145645  
0.01630705136639053  -0.010053983122850503  0.003779087449671487  0.010718692520126657  0.0048538904525970645  -0.00774822002211669  -0.011930237763468349  -0.010145908620808672  0.00648139251279494  0.008787200283952133  0.0062711514736622865  0.013159914176126938  0.006744482240480111  -0.002997996782644137  0.004403080631408991  0.008591805380708766  -0.0030388866966936418  -0.0067218349452414635  0.0037604256430211675  -0.00297803660000338  0.004260564306347086  0.007894120317914073  0.019896794318229227  -0.0019679769632625762  -0.0032721709924275334  0.0  
