Height_Data

node	height
0	28.21692677209173
1	35.18653203781943
2	42.18899223817309
3	90.25539219867115
4	6.9143069245540705
5	15.397007252933081
6	90.42899659922708
7	69.24518796371363
8	17.422530971831403
9	30.12117796370566
10	37.231208424698224
11	38.38515773923676
12	62.77891242161206
13	32.83949636186492
14	60.38292598169004
15	29.510949958694184
16	76.04396839072032
17	25.646666885504988
18	42.24235074010724
19	9.311665239011688
20	22.25995305730935
21	26.50005534469436
22	11.04911470012609
23	6.82369524027395
24	12.487081750784844
25	14.230151779039023



height_matrix
0.0  -69.69605265727705  -139.72065466081364  -620.3846542657941  213.0261984753766  128.19919519158645  -622.1206982713534  -410.2826119162191  107.94395800260324  -19.04251191613929  -90.14281652606496  -101.68230967145035  -345.61985649520335  -46.225695897731896  -321.6599920959831  -12.94023186602459  -478.270416186286  25.7025988658674  -140.25423968015514  189.0526153308004  59.56973714782379  17.16871427397365  171.67812071965636  213.93231531817776  157.29845021306883  139.86774993052705  
69.69605265727705  0.0  -70.02460200353659  -550.688601608517  282.72225113265364  197.8952478488635  -552.4246456140763  -340.58655925894203  177.6400106598803  50.65354074113776  -20.44676386878791  -31.986257014173304  -275.9238038379263  23.470356759545155  -251.96393943870606  56.75582079125246  -408.57436352900896  95.39865152314445  -70.55818702287809  258.74866798807744  129.26578980510084  86.8647669312507  241.3741733769334  283.6283679754548  226.99450287034588  209.5638025878041  
139.72065466081364  70.02460200353659  0.0  -480.6639996049805  352.7468531361902  267.9198498524001  -482.4000436105398  -270.56195725540545  247.66461266341688  120.67814274467435  49.577838134748674  38.03834498936328  -205.89920183438971  93.49495876308174  -181.93933743516948  126.78042279478905  -338.5497615254724  165.42325352668104  -0.5335850193415013  328.77326999161403  199.29039180863742  156.88936893478729  311.39877538047  353.6529699789914  297.0191048738825  279.5884045913407  
620.3846542657941  550.688601608517  480.6639996049805  0.0  833.4108527411707  748.5838494573807  -1.736044005559279  210.10204234957507  728.3286122683974  601.3421423496549  530.2418377397291  518.7023445943438  274.7647977705908  574.1589583680623  298.72466216981104  607.4444223997696  142.11423807950814  646.0872531316616  480.130414585639  809.4372695965945  679.9543914136179  637.5533685397678  792.0627749854506  834.316969583972  777.683104478863  760.2524041963212  
-213.0261984753766  -282.72225113265364  -352.7468531361902  -833.4108527411707  0.0  -84.82700328379012  -835.14689674673  -623.3088103915957  -105.08224047277334  -232.06871039151588  -303.16901500144155  -314.70850814682694  -558.6460549705799  -259.2518943731085  -534.6861905713597  -225.96643034140118  -691.2966146616626  -187.3235996095092  -353.2804381555317  -23.973583144576182  -153.4564613275528  -195.85748420140294  -41.3480777557202  0.9061168428011968  -55.72774826230774  -73.15844854484952  
-128.19919519158645  -197.8952478488635  -267.9198498524001  -748.5838494573807  84.82700328379012  0.0  -750.31989346294  -538.4818071078055  -20.255237188983216  -147.24170710772574  -218.34201171765142  -229.8815048630368  -473.8190516867898  -174.42489108931835  -449.85918728756957  -141.13942705761104  -606.4696113778725  -102.49659632571905  -268.4534348717416  60.85342013921394  -68.62945804376267  -111.0304809176128  43.47892552806992  85.73312012659132  29.099255021482378  11.6685547389406  
622.1206982713534  552.4246456140763  482.4000436105398  1.736044005559279  835.14689674673  750.31989346294  0.0  211.83808635513435  730.0646562739566  603.0781863552141  531.9778817452884  520.4383885999031  276.5008417761501  575.8950023736215  300.4607061753703  609.1804664053288  143.85028208506742  647.8232971372208  481.8664585911983  811.1733136021538  681.6904354191772  639.2894125453271  793.7988189910099  836.0530135895312  779.4191484844223  761.9884482018805  
410.2826119162191  340.58655925894203  270.56195725540545  -210.10204234957507  623.3088103915957  538.4818071078055  -211.83808635513435  0.0  518.2265699188223  391.2401000000798  320.1397953901541  308.6003022447687  64.66275542101573  364.0569160184872  88.62261982023597  397.3423800501945  -67.98780427006693  435.9852107820865  270.02837223606394  599.3352272470195  469.85234906404287  427.45132619019273  581.9607326358755  624.2149272343969  567.581062129288  550.1503618467461  
-107.94395800260324  -177.6400106598803  -247.66461266341688  -728.3286122683974  105.08224047277334  20.255237188983216  -730.0646562739566  -518.2265699188223  0.0  -126.98646991874253  -198.0867745286682  -209.6262676740536  -453.56381449780656  -154.16965390033513  -429.6039500985863  -120.88418986862783  -586.2143741888892  -82.24135913673584  -248.19819768275838  81.10865732819715  -48.37422085477945  -90.77524372862959  63.73416271705314  105.98835731557453  49.354492210465594  31.923791927923816  
19.04251191613929  -50.65354074113776  -120.67814274467435  -601.3421423496549  232.06871039151588  147.24170710772574  -603.0781863552141  -391.2401000000798  126.98646991874253  0.0  -71.10030460992567  -82.63979775531106  -326.57734457906406  -27.183183981592606  -302.6174801798438  6.1022800501147  -459.2279042701467  44.74511078200669  -121.21172776401585  208.09512724693968  78.61224906396308  36.21122619011294  190.72063263579565  232.97482723431705  176.34096212920812  158.91026184666634  
90.14281652606496  20.44676386878791  -49.577838134748674  -530.2418377397291  303.16901500144155  218.34201171765142  -531.9778817452884  -320.1397953901541  198.0867745286682  71.10030460992567  0.0  -11.539493145385393  -255.4770399691384  43.917120628333066  -231.51717556991815  77.20258466004037  -388.12759966022105  115.84541539193236  -50.111423154090176  279.19543185686535  149.71255367388875  107.31153080003861  261.8209372457213  304.0751318442427  247.4412667391338  230.01056645659202  
101.68230967145035  31.986257014173304  -38.03834498936328  -518.7023445943438  314.70850814682694  229.8815048630368  -520.4383885999031  -308.6003022447687  209.6262676740536  82.63979775531106  11.539493145385393  0.0  -243.937546823753  55.45661377371846  -219.97768242453276  88.74207780542577  -376.58810651483566  127.38490853731776  -38.57193000870478  290.73492500225075  161.25204681927414  118.851023945424  273.3604303911067  315.6146249896281  258.9807598845192  241.5500596019774  
345.61985649520335  275.9238038379263  205.89920183438971  -274.7647977705908  558.6460549705799  473.8190516867898  -276.5008417761501  -64.66275542101573  453.56381449780656  326.57734457906406  255.4770399691384  243.937546823753  0.0  299.39416059747145  23.959864399220237  332.67962462917876  -132.65055969108266  371.32245536107075  205.3656168150482  534.6724718260037  405.18959364302714  362.788570769177  517.2979772148598  559.5521718133812  502.9183067082722  485.4876064257304  
46.225695897731896  -23.470356759545155  -93.49495876308174  -574.1589583680623  259.2518943731085  174.42489108931835  -575.8950023736215  -364.0569160184872  154.16965390033513  27.183183981592606  -43.917120628333066  -55.45661377371846  -299.39416059747145  0.0  -275.4342961982512  33.285464031707306  -432.0447202885541  71.9282947635993  -94.02854378242324  235.2783112285323  105.79543304555568  63.394410171705545  217.90381661738826  260.15801121590965  203.52414611080073  186.09344582825895  
321.6599920959831  251.96393943870606  181.93933743516948  -298.72466216981104  534.6861905713597  449.85918728756957  -300.4607061753703  -88.62261982023597  429.6039500985863  302.6174801798438  231.51717556991815  219.97768242453276  -23.959864399220237  275.4342961982512  0.0  308.7197602299585  -156.6104240903029  347.3625909618505  181.40575241582798  510.7126074267835  381.2297292438069  338.82870636995676  493.3381128156395  535.5923074141609  478.958442309052  461.52774202651017  
12.94023186602459  -56.75582079125246  -126.78042279478905  -607.4444223997696  225.96643034140118  141.13942705761104  -609.1804664053288  -397.3423800501945  120.88418986862783  -6.1022800501147  -77.20258466004037  -88.74207780542577  -332.67962462917876  -33.285464031707306  -308.7197602299585  0.0  -465.3301843202614  38.64283073189199  -127.31400781413055  201.99284719682498  72.50996901384838  30.10894613999824  184.61835258568095  226.87254718420235  170.23868207909342  152.80798179655164  
478.270416186286  408.57436352900896  338.5497615254724  -142.11423807950814  691.2966146616626  606.4696113778725  -143.85028208506742  67.98780427006693  586.2143741888892  459.2279042701467  388.12759966022105  376.58810651483566  132.65055969108266  432.0447202885541  156.6104240903029  465.3301843202614  0.0  503.9730150521534  338.0161765061309  667.3230315170864  537.8401533341098  495.43913046025966  649.9485369059424  692.2027315044638  635.5688663993549  618.1381661168131  
-25.7025988658674  -95.39865152314445  -165.42325352668104  -646.0872531316616  187.3235996095092  102.49659632571905  -647.8232971372208  -435.9852107820865  82.24135913673584  -44.74511078200669  -115.84541539193236  -127.38490853731776  -371.32245536107075  -71.9282947635993  -347.3625909618505  -38.64283073189199  -503.9730150521534  0.0  -165.95683854602254  163.350016464933  33.867138281956386  -8.533884591893752  145.97552185378896  188.22971645231036  131.59585134720143  114.16515106465965  
140.25423968015514  70.55818702287809  0.5335850193415013  -480.130414585639  353.2804381555317  268.4534348717416  -481.8664585911983  -270.02837223606394  248.19819768275838  121.21172776401585  50.111423154090176  38.57193000870478  -205.3656168150482  94.02854378242324  -181.40575241582798  127.31400781413055  -338.0161765061309  165.95683854602254  0.0  329.30685501095553  199.82397682797892  157.4229539541288  311.9323603998115  354.1865549983329  297.55268989322394  280.1219896106822  
-189.0526153308004  -258.74866798807744  -328.77326999161403  -809.4372695965945  23.973583144576182  -60.85342013921394  -811.1733136021538  -599.3352272470195  -81.10865732819715  -208.09512724693968  -279.19543185686535  -290.73492500225075  -534.6724718260037  -235.2783112285323  -510.7126074267835  -201.99284719682498  -667.3230315170864  -163.350016464933  -329.30685501095553  0.0  -129.4828781829766  -171.88390105682674  -17.374494611144016  24.87969998737738  -31.75416511773156  -49.18486540027334  
-59.56973714782379  -129.26578980510084  -199.29039180863742  -679.9543914136179  153.4564613275528  68.62945804376267  -681.6904354191772  -469.85234906404287  48.37422085477945  -78.61224906396308  -149.71255367388875  -161.25204681927414  -405.18959364302714  -105.79543304555568  -381.2297292438069  -72.50996901384838  -537.8401533341098  -33.867138281956386  -199.82397682797892  129.4828781829766  0.0  -42.40102287385014  112.10838357183259  154.36257817035397  97.72871306524505  80.29801278270327  
-17.16871427397365  -86.8647669312507  -156.88936893478729  -637.5533685397678  195.85748420140294  111.0304809176128  -639.2894125453271  -427.45132619019273  90.77524372862959  -36.21122619011294  -107.31153080003861  -118.851023945424  -362.788570769177  -63.394410171705545  -338.82870636995676  -30.10894613999824  -495.43913046025966  8.533884591893752  -157.4229539541288  171.88390105682674  42.40102287385014  0.0  154.5094064456827  196.7636010442041  140.12973593909518  122.6990356565534  
-171.67812071965636  -241.3741733769334  -311.39877538047  -792.0627749854506  41.3480777557202  -43.47892552806992  -793.7988189910099  -581.9607326358755  -63.73416271705314  -190.72063263579565  -261.8209372457213  -273.3604303911067  -517.2979772148598  -217.90381661738826  -493.3381128156395  -184.61835258568095  -649.9485369059424  -145.97552185378896  -311.9323603998115  17.374494611144016  -112.10838357183259  -154.5094064456827  0.0  42.254194598521394  -14.379670506587544  -31.810370789129323  
-213.93231531817776  -283.6283679754548  -353.6529699789914  -834.316969583972  -0.9061168428011968  -85.73312012659132  -836.0530135895312  -624.2149272343969  -105.98835731557453  -232.97482723431705  -304.0751318442427  -315.6146249896281  -559.5521718133812  -260.15801121590965  -535.5923074141609  -226.87254718420235  -692.2027315044638  -188.22971645231036  -354.1865549983329  -24.87969998737738  -154.36257817035397  -196.7636010442041  -42.254194598521394  0.0  -56.63386510510894  -74.06456538765072  
-157.29845021306883  -226.99450287034588  -297.0191048738825  -777.683104478863  55.72774826230774  -29.099255021482378  -779.4191484844223  -567.581062129288  -49.354492210465594  -176.34096212920812  -247.4412667391338  -258.9807598845192  -502.9183067082722  -203.52414611080073  -478.958442309052  -170.23868207909342  -635.5688663993549  -131.59585134720143  -297.55268989322394  31.75416511773156  -97.72871306524505  -140.12973593909518  14.379670506587544  56.63386510510894  0.0  -17.43070028254178  
-139.86774993052705  -209.5638025878041  -279.5884045913407  -760.2524041963212  73.15844854484952  -11.6685547389406  -761.9884482018805  -550.1503618467461  -31.923791927923816  -158.91026184666634  -230.01056645659202  -241.5500596019774  -485.4876064257304  -186.09344582825895  -461.52774202651017  -152.80798179655164  -618.1381661168131  -114.16515106465965  -280.1219896106822  49.18486540027334  -80.29801278270327  -122.6990356565534  31.810370789129323  74.06456538765072  17.43070028254178  0.0  



slope_matrix
0.0  -0.0016197084047705566  -0.0035256284294931527  -0.014481434506671198  0.0022355567055869093  0.0020332941346801977  -0.012724906898575443  -0.004977949671393097  0.0011227788433805204  -0.00025055936731762225  -0.002625009217415986  -0.0026957134059239223  -0.010667279521456893  -0.0007213747799271519  -0.00829448148777677  -0.0006960856302326299  -0.00555482481052597  0.00029266364011554377  -0.0036092187256859276  0.002032605261055805  0.0012769504211752152  0.0001919793612207721  0.002147050034012711  0.0021544039810491213  0.00228997598213814  0.0030137416490094173  
0.001619332078468333  0.0  -0.0011664934533322769  -0.032110122542770674  0.002119039507814823  0.002078949972149002  -0.035208709089488616  -0.00800814858356318  0.0022548871624762665  0.0009642783312609511  -0.00027871815524520055  -0.0003976906255647557  -0.006637570455567147  0.0007086460374258803  -0.005793606333380227  0.0009258698334625198  -0.008841687157087405  0.00198123925823232  -0.0010206594390695515  0.0026899747165825705  0.0014465732968341634  0.0012928228446383494  0.002754469626576896  0.002093352778621705  0.0025771401324971147  0.00566082665012977  
0.003531866902447261  0.0011662991672807559  0.0  -0.010339083665411497  0.004222490461290283  0.007372588053175567  -0.009227238783675207  -0.002675387691638539  0.003173966585459655  0.0019609707953310747  0.0008027499697983917  0.0006574204111538763  -0.010404204236199581  0.0016382505478023785  -0.007755299975923678  0.0034441842650037775  -0.0032196838946787674  0.0016370435777009504  -4.483907725558834e-05  0.005744771448394444  0.004003422896919193  0.0021296235772334366  0.002586583398791179  0.004303394621306782  0.0029133515598069905  0.003519048515938838  
0.01451531713303215  0.03216639028087132  0.010285983299913985  0.0  0.006816151572267693  0.00914133410010234  -0.00027910675330535033  0.0037938252500826124  0.011471548468552487  0.015803998484879234  0.007165430239726069  0.006891222858965641  0.01014266510781066  0.02609813447127556  0.011204976075386761  0.010854975382411893  0.002348219399859685  0.01153521251797289  0.008357361437522002  0.010005405062998697  0.008349145277672125  0.012267719233014581  0.007901663756838094  0.006709964368537655  0.007955023572819794  0.015838591754090026  
-0.002263346775131498  -0.002121106243023885  -0.004267959505580039  -0.006817266689089331  0.0  -0.001262870377903679  -0.006509328891244973  -0.0035477762558574514  -0.0006580801632813961  -0.001617654470873525  -0.003812008235903955  -0.0045164826083069305  -0.0054694150672663  -0.0018595029003952695  -0.005073886796084263  -0.0028610588799873535  -0.0038540258385552912  -0.0010429463816575312  -0.004885637369043448  -0.00019471721202547255  -0.002982053271036782  -0.0012588050915958797  -0.00028991780785107417  1.877573234150843e-05  -0.0004542158958538409  -0.0005313658377749093  
-0.002035230912709739  -0.002079823939557157  -0.007536423343246135  -0.009158109242199421  0.0012585608795814558  0.0  -0.008572145475413458  -0.003952450140251067  -0.00020864480005133103  -0.001655145088890802  -0.0029649920113749514  -0.0035366385363544126  -0.008608631026286152  -0.0018893510733245056  -0.007827722068689221  -0.0026615015473809363  -0.0043238957035353805  -0.0007550393836148734  -0.010309271692463194  0.0010155777726838107  -0.0012988163899273783  -0.0011186950218399275  0.00030910433971086457  0.0017883420969251422  0.00024208829395331468  0.0001086659968238089  
0.012756216901196502  0.03489732442287279  0.009213140634273106  0.0002800070976708514  0.006509328891244973  0.008573124925307814  0.0  0.004152873678791106  0.011081734308955019  0.016090666658356834  0.006647230810262257  0.006401456194340752  0.008450514724209966  0.02942744008040989  0.0093484973918908  0.009827076405957877  0.0025505369164019044  0.012884313785545363  0.007638973661876955  0.009739144118167294  0.00779341986302935  0.012169986913103505  0.007764832426792623  0.006412924856865316  0.007721608366201925  0.015242817527543119  
0.004983996743394304  0.008010031967519803  0.0026637979448203746  -0.0037706755626269756  0.003537467284092097  0.003938285724477478  -0.004150432726393698  0.0  0.006049102018429115  0.006226963234125096  0.0028421501721427036  0.0025778991082179327  0.0007838859912839826  0.007629021710362263  0.0010799734318819884  0.0039505108376436116  -0.009983524856103808  0.030067945571178378  0.0024399419195451698  0.004823623559332148  0.0036524591811570497  0.006044277802463132  0.005926883925408652  0.0034637811424011546  0.005320906179143976  0.009893011362106565  
-0.0011198667704388759  -0.0022327804255892446  -0.0031760017012492548  -0.011453508606202192  0.0006585709570181519  0.0002078952806012852  -0.011028167013201763  -0.006018192659607738  0.0  -0.004039009857466366  -0.0015633081408623487  -0.00166093231656805  -0.006882607200270206  -0.003018790951641573  -0.007370114086439978  -0.0011308156208477815  -0.006354627362481184  -0.0010695975957437356  -0.0028146767711812017  0.00157126418690812  -0.0003848692883664528  -0.004896183588383473  0.0003823514470997249  0.0008075303414519964  0.0003029741694933431  0.000281440464849897  
0.00025181845961570076  -0.0009485681786729918  -0.0019708989505907945  -0.015741940899205626  0.00162206409723573  0.0016669501540555389  -0.015766749970070958  -0.006149640050299903  0.004089741382246136  0.0  -0.000665982620924744  -0.0007777131352843127  -0.007210804693730715  -0.0012555743178564714  -0.007741557436168939  7.018148418763313e-05  -0.006578253892997375  0.0008145842123066939  -0.00169693025009122  0.0032926444184642354  0.0007346939164856362  0.0023020487088437976  0.001409394200721216  0.0017970628903774784  0.001297292445591173  0.001852748768178458  
0.0026551639624761403  0.0002791367081063196  -0.0008006756804707473  -0.007143228313885614  0.003833700240281254  0.0029779325111518196  -0.006626530664490389  -0.0028421501721427036  0.0015623217487867197  0.0006647994820937417  0.0  -0.0011063751817243905  -0.00405197525724248  0.0004600096431165085  -0.0033345409127166666  0.002491209572766711  -0.003336722830641515  0.0009820487389429937  -0.0008974108731033341  0.0023716907225353836  0.005223745766709307  0.0008914398637650657  0.0035974297505595126  0.0031451709954927877  0.004729382009540019  0.0036902064247808764  
0.002673739407611106  0.00039596752926681484  -0.0006530187981006572  -0.006853889331320611  0.004539283256120395  0.003537182718311076  -0.006367776686649983  -0.002568031141256293  0.0016572556539967871  0.0007748691772649889  0.0010275594964724304  0.0  -0.003887450945398454  0.0005721895766995301  -0.003182087117380772  0.003605935709281827  -0.0030406790998371873  0.0010149868413542019  -0.0007715929187578472  0.002587069985782619  0.00812352880701633  0.0009897653559745503  0.003281637819821209  0.003591835950718426  0.004121272436099924  0.0033157180453257024  
0.010710252757830906  0.0065931613820293025  0.010305265357076562  -0.01016142003589463  0.005458726353044557  0.008593018710315375  -0.008422200480540666  -0.0007862689131932847  0.006916191132933921  0.007210804693730715  0.004081754912432312  0.003928773503362104  0.0  0.007734284696395543  0.002914825352703192  0.007776522314847563  -0.0015254204196306655  0.00452556313663706  0.00668943377247714  0.00842003892639376  0.006343973597041289  0.006178279474951924  0.0047057034223129245  0.005541217783852062  0.005065145600848748  0.00792503438501029  
0.0007223893717413955  -0.0006968426341125607  -0.0016330997163857073  -0.026337566897617536  0.001856972239618283  0.001887510995447661  -0.029292726468648094  -0.007629021710362263  0.0030070148995579313  0.0013006308125163926  -0.00046107213258092457  -0.0005745608555088941  -0.007655181810214049  0.0  -0.007612888231018552  0.0004311030181544788  -0.008014185128706254  0.0016299183041830795  -0.0013833830187203655  0.0031270376293000036  0.001046029593094282  0.001763405011730335  0.0018923310836847988  0.0019345479715638732  0.0017094106895692185  0.002736628076473272  
0.008313775965261906  0.005773692471097756  0.007719106382484916  -0.011188189594374945  0.005072442752787778  0.00777361650747485  -0.009262043963482439  -0.0010820832700883512  0.007419757341944496  0.0076943168110817145  0.0033548351770746002  0.003210884285863856  -0.002921934682831736  0.007587721658354028  0.0  0.006274791874592653  -0.0017992925561845462  0.004326888278049956  0.005371801966710926  0.009080949634188895  0.00556702291535933  0.006422075556670901  0.004229579156512684  0.0053704232168270425  0.004530871651774212  0.006704354183999276  
0.0006994719927580859  -0.0009266256455714687  -0.0034385794085920545  -0.010854975382411893  0.002860334561283559  0.002645041736461976  -0.00982390689252264  -0.003948155604632298  0.001132192468564464  -7.019763085372944e-05  -0.002509836952537073  -0.0036868333114011536  -0.00773134149730836  -0.00043115886051434333  -0.006248123056667851  0.0  -0.0044606037607387026  0.0003652993905684413  -0.004296794053801233  0.0022073308621661566  0.002412977338231227  0.00030000942746112233  0.0020551970676353217  0.0026556543039237077  0.002435808872214815  0.0  
0.005557406648690286  0.008832130642650432  0.0032147921519843545  -0.002339714160018244  0.003841774653286407  0.004317431561029918  -0.002549180969077927  0.011388241921284244  0.006454683706109769  0.0067434347176233  0.0033350025748429372  0.0030505314419994787  0.0015273524431903588  0.008130310882358941  0.0017984660552400424  0.0044606037607387026  0.0  0.024728803486366704  0.002954428603322532  0.005146317818439781  0.004062850531304652  0.006530966655157655  0.006440235205171843  0.0037629530067869  0.005809587444235419  0.010595443368474684  
-0.0002916077519640962  -0.0019734521735823513  -0.0016339712912552453  -0.01159941208494904  0.0010323931065413907  0.000754428060692765  -0.012992845911296045  -0.029478378010959195  0.0010673764975565976  -0.0008187577453249166  -0.000977920289309835  -0.0010147685315764054  -0.004553868719169374  -0.0016291799493453973  -0.0043328251336142015  -0.0003631810860038157  -0.02402159270982619  0.0  -0.0014822868751877684  0.0014045573212805931  0.0002519763870806094  -0.00013742165204337766  0.0013614452565615782  0.0010530333787541837  0.001152721606741369  0.0018092447198088724  
0.003595340673677394  0.0010185966078082589  4.940602030939827e-05  -0.00842481864512439  0.0048815868198912775  0.010176400108860562  -0.007675477199604943  -0.0024467956889820943  0.002817232663822456  0.0016926648200532865  0.0008974108731033341  0.0007764076088708692  -0.006779980746617636  0.0013915723513752145  -0.005410252085172322  0.004304057059301236  -0.0029552035015398747  0.0014877349936891309  0.0  0.005235403100333156  0.005146123534071051  0.00187990152799294  0.002677737854424904  0.0049336475135580565  0.003098506626956128  0.00335877685384511  
-0.0020323867483422963  -0.0026609283009880443  -0.0057407590359981496  -0.00996721179160934  0.00019448027212278884  -0.0010138857070845374  -0.009644195857830863  -0.004841156924450884  -0.0015730926557059185  -0.003287442768514055  -0.002368652440862174  -0.0025895816818434923  -0.008424018777784838  -0.003117920901517788  -0.009035962622554556  -0.0022048973070572853  -0.005133648984668716  -0.0014129401995063835  -0.005212943518560028  0.0  -0.00127908326681527  -0.002861393391989791  -9.67442570445455e-05  0.0002788891378475213  -0.00020065569545870863  -0.0003982902696596756  
-0.0012802436524354994  -0.0014478695094657353  -0.004085493887015937  -0.008341975112423235  0.002987277814435523  0.0013067299703686723  -0.007785409267007506  -0.0036516075935652667  0.00038447163292623947  -0.0007289035610937698  -0.0052073931712656955  -0.008273578595139771  -0.006383954524074794  -0.0010500787399062598  -0.005482164642562654  -0.0024137805930042736  -0.004063771464556931  -0.00025400226710333736  -0.005261294808530251  0.0012913421580031574  0.0  -0.0003501901459683692  0.001111965716840236  0.0022475622913563477  0.0012161362999657172  0.0008971845003653996  
-0.0001920008306192535  -0.001282136781273073  -0.0021278905321414254  -0.012260641702687843  0.0012589669229376033  0.0011165575313516975  -0.01215148094554889  -0.006041714857811911  0.004949577084439999  -0.0022106975696039644  -0.0008901089150633594  -0.0009899302344279861  -0.0061395933452221526  -0.001760466819541948  -0.00640629053450476  -0.0002988481006451438  -0.006443479392121988  0.00013869469513885506  -0.0018756458233543285  0.002841995718532188  0.0003510018449822031  0.0  0.0010282803570190518  0.001459345850657896  0.0009305381229769254  0.0012322892001260762  
-0.002145440148958465  -0.0027310949691891086  -0.002590456495969304  -0.00781504647201755  0.000289106962352959  -0.0003079898386914353  -0.0077579267109489725  -0.005928091398959718  -0.00038690076317035837  -0.001420108954845835  -0.0035763001945870966  -0.0032994620445516805  -0.004700999429433477  -0.0019052532711147001  -0.004222339205885309  -0.002042464349880307  -0.006447902151844667  -0.0013615722440214993  -0.002677530990556322  9.65571557805047e-05  -0.001109105496357663  -0.0010372543397266564  0.0  0.0002459499103522782  -0.0006811781386351276  -0.0006206901617391088  
-0.0021653068352042283  -0.002088112846760324  -0.004348370465744392  -0.006685767846654154  -1.8779623684998897e-05  -0.0017935799189663455  -0.006384520913245752  -0.0034574499409245323  -0.0008047711261622971  -0.0017820932084533663  -0.003139002083661017  -0.0036024954341927645  -0.005550011622826634  -0.0019302419588656302  -0.0053704232168270425  -0.0026631358983942055  -0.0037574379363184843  -0.0010574049718967387  -0.004931586674997673  -0.000278203063707675  -0.0022442945357713574  -0.0014564293193501414  -0.00024448414394793376  0.0  -0.00037168645471621014  -0.0005202624711130283  
-0.002320720717218484  -0.0025620147050829105  -0.0029271617707093966  -0.007899269725534414  0.0004552548669414896  -0.00024237260554291502  -0.007724669459706861  -0.005311445462561183  -0.00030299276941780093  -0.0012913075727094912  -0.004749352528582222  -0.004194699706584373  -0.005072297596654283  -0.001708994425315314  -0.004538599851312916  -0.0024403480802622337  -0.0058048120047434005  -0.0011488973498328234  -0.0031193279158530656  0.0002012942321250812  -0.0012220671885112549  -0.0009310945909574431  0.0006834444157123357  0.00037583028140625747  0.0  -0.000325990280204634  
-0.0030059692656464014  -0.005548419448975486  -0.0034896206264520804  -0.015275314530767957  0.0005290219722673333  -0.00010857499524463198  -0.015017509818720546  -0.009909048304156091  -0.00028136604907389226  -0.0018184032709310715  -0.0036819363927740037  -0.003349744274053216  -0.00784182856446019  -0.002738682057811022  -0.006637821688861069  -0.002485086709978072  -0.01063006304586093  -0.001806382036117461  -0.003363616589945752  0.00039588590953214216  -0.0008956833550775601  -0.0012112441821969734  0.0006206901617391088  0.0005204818368773768  0.0003251996321369735  0.0  
