Height_Data

node	height
0	40.97466269563797
1	49.57939253250786
2	108.00497056729161
3	322.1194770104345
4	32.26011850548167
5	324.2610457984856
6	19.46549495959037
7	103.618774345043
8	9.454911955970037
9	24.70830516481821
10	11.303788608773607
11	178.408851730444
12	131.93556268219945
13	27.005015715586158
14	103.98583668923449
15	681.2222607120445
16	127.75876446494945
17	37.05233690533103
18	178.5664328292925
19	12.679828338707539
20	118.95295747895777
21	19.63731514690866
22	230.93933894623763
23	561.1459037753347
24	149.86660415757453
25	171.2994542340913



height_matrix
0.0  -7.17060819739158  -55.85858989304471  -234.28734526233046  7.262120158463578  -236.07198591903972  17.92430644670633  -52.20342637450419  26.266458949723273  13.555297942349796  24.725728405720297  -114.52849086233839  -75.80074998880124  11.641372483376507  -52.50931166133044  -533.5396650136721  -72.32008480775957  3.2686048252557782  -114.65980844471211  23.579028630775355  -64.98191231943318  17.781122957274423  -158.30389687549973  -433.4760342330806  -90.74328455161381  -108.60399294871111  
7.17060819739158  0.0  -48.68798169565313  -227.11673706493886  14.432728355855158  -228.90137772164812  25.09491464409791  -45.03281817711261  33.43706714711485  20.725906139741376  31.896336603111877  -107.3578826649468  -68.63014179140967  18.811980680768087  -45.33870346393886  -526.3690568162806  -65.149476610368  10.439213022647358  -107.48920024732053  30.749636828166935  -57.8113041220416  24.951731154666003  -151.13328867810813  -426.30542603568904  -83.57267635422224  -101.43338475131952  
55.85858989304471  48.68798169565313  0.0  -178.42875536928574  63.12071005150828  -180.213396025995  73.78289633975103  3.655163518540519  82.12504884276798  69.4138878353945  80.58431829876501  -58.66990096929368  -19.942160095756535  67.49996237642122  3.3492782317142655  -477.68107512062744  -16.461494914714862  59.12719471830049  -58.801218551667404  79.43761852382006  -9.12332242638847  73.63971285031913  -102.44530698245501  -377.6174443400359  -34.8846946585691  -52.7454030556664  
234.28734526233046  227.11673706493886  178.42875536928574  0.0  241.54946542079404  -1.7846406567092572  252.21165170903677  182.08391888782626  260.5538042120537  247.84264320468026  259.01307366805077  119.75885439999206  158.4865952735292  245.92871774570696  181.778033601  -299.2523197513417  161.96726045457086  237.5559500875862  119.62753681761833  257.8663738931058  169.30543294289726  252.06846821960488  75.98344838683073  -199.18868897075015  143.54406071071662  125.68335231361934  
-7.262120158463578  -14.432728355855158  -63.12071005150828  -241.54946542079404  0.0  -243.3341060775033  10.66218628824275  -59.465546532967764  19.0043387912597  6.293177783886218  17.463608247256722  -121.79061102080196  -83.06287014726482  4.37925232491293  -59.77143181979402  -540.8017851721357  -79.58220496622314  -3.9935153332077995  -121.92192860317569  16.316908472311777  -72.24403247789675  10.519002798810845  -165.5660170339633  -440.7381543915442  -98.00540471007739  -115.86611310717468  
236.07198591903972  228.90137772164812  180.213396025995  1.7846406567092572  243.3341060775033  0.0  253.99629236574603  183.86855954453551  262.33844486876296  249.62728386138951  260.79771432476  121.54349505670132  160.27123593023845  247.71335840241622  183.56267425770926  -297.46767909463244  163.75190111128012  239.34059074429547  121.41217747432759  259.65101454981505  171.0900735996065  253.85310887631414  77.76808904353999  -197.4040483140409  145.32870136742588  127.4679929703286  
-17.92430644670633  -25.09491464409791  -73.78289633975103  -252.21165170903677  -10.66218628824275  -253.99629236574603  0.0  -70.12773282121051  8.342152503016946  -4.3690085043565325  6.80142195901397  -132.4527973090447  -93.72505643550757  -6.282933963329821  -70.43361810803677  -551.4639714603785  -90.2443912544659  -14.65570162145055  -132.58411489141844  5.654722184069026  -82.9062187661395  -0.1431834894319053  -176.22820332220604  -451.40034067978695  -108.66759099832014  -126.52829939541743  
52.20342637450419  45.03281817711261  -3.655163518540519  -182.08391888782626  59.465546532967764  -183.86855954453551  70.12773282121051  0.0  78.46988532422746  65.75872431685399  76.9291547802245  -62.3250644878342  -23.597323614297053  63.8447988578807  -0.3058852868262534  -481.33623863916796  -20.11665843325538  55.47203119975997  -62.45638207020792  75.78245500527954  -12.778485944928988  69.98454933177861  -106.10047050099553  -381.2726078585764  -38.53985817710962  -56.40056657420692  
-26.266458949723273  -33.43706714711485  -82.12504884276798  -260.5538042120537  -19.0043387912597  -262.33844486876296  -8.342152503016946  -78.46988532422746  0.0  -12.711161007373478  -1.540730544002976  -140.79494981206167  -102.06720893852452  -14.625086466346767  -78.77577061105372  -559.8061239633954  -98.58654375748284  -22.997854124467494  -140.9262673944354  -2.6874303189479196  -91.24837126915645  -8.485335992448851  -184.570355825223  -459.74249318280386  -117.00974350133708  -134.8704518984344  
-13.555297942349796  -20.725906139741376  -69.4138878353945  -247.84264320468026  -6.293177783886218  -249.62728386138951  4.3690085043565325  -65.75872431685399  12.711161007373478  0.0  11.170430463370502  -128.0837888046882  -89.35604793115104  -1.9139254589732886  -66.06460960368024  -547.094962956022  -85.87538275010937  -10.286693117094018  -128.2151063870619  10.023730688425559  -78.53721026178297  4.225825014924627  -171.85919481784953  -447.0313321754304  -104.29858249396361  -122.1592908910609  
-24.725728405720297  -31.896336603111877  -80.58431829876501  -259.01307366805077  -17.463608247256722  -260.79771432476  -6.80142195901397  -76.9291547802245  1.540730544002976  -11.170430463370502  0.0  -139.25421926805868  -100.52647839452155  -13.084355922343791  -77.23504006705075  -558.2653934193925  -97.04581321347987  -21.45712358046452  -139.3855368504324  -1.1466997749449437  -89.70764072515348  -6.944605448445875  -183.02962528122  -458.2017626388009  -115.46901295733412  -133.3297213544314  
114.52849086233839  107.3578826649468  58.66990096929368  -119.75885439999206  121.79061102080196  -121.54349505670132  132.4527973090447  62.3250644878342  140.79494981206167  128.0837888046882  139.25421926805868  0.0  38.727740873537144  126.1698633457149  62.019179201007944  -419.01117415133376  42.208406054578816  117.79709568759417  -0.13131758237372537  138.10751949311373  49.54657854290521  132.30961381961282  -43.77540601316133  -318.9475433707422  23.785206310724575  5.9244979136272775  
75.80074998880124  68.63014179140967  19.942160095756535  -158.4865952735292  83.06287014726482  -160.27123593023845  93.72505643550757  23.597323614297053  102.06720893852452  89.35604793115104  100.52647839452155  -38.727740873537144  0.0  87.44212247217774  23.2914383274708  -457.7389150248709  3.4806651810416724  79.06935481405702  -38.85905845591087  99.3797786195766  10.818837669368065  93.58187294607566  -82.50314688669847  -357.67528424427934  -14.942534562812568  -32.803242959909866  
-11.641372483376507  -18.811980680768087  -67.49996237642122  -245.92871774570696  -4.37925232491293  -247.71335840241622  6.282933963329821  -63.8447988578807  14.625086466346767  1.9139254589732886  13.084355922343791  -126.1698633457149  -87.44212247217774  0.0  -64.15068414470696  -545.1810374970487  -83.96145729113607  -8.372767658120729  -126.30118092808863  11.937656147398847  -76.62328480280968  6.139750473897916  -169.94526935887623  -445.1174067164571  -102.38465703499031  -120.24536543208762  
52.50931166133044  45.33870346393886  -3.3492782317142655  -181.778033601  59.77143181979402  -183.56267425770926  70.43361810803677  0.3058852868262534  78.77577061105372  66.06460960368024  77.23504006705075  -62.019179201007944  -23.2914383274708  64.15068414470696  0.0  -481.0303533523417  -19.810773146429128  55.77791648658622  -62.15049678338167  76.0883402921058  -12.472600658102735  70.29043461860486  -105.79458521416927  -380.96672257175015  -38.23397289028337  -56.094681287380666  
533.5396650136721  526.3690568162806  477.68107512062744  299.2523197513417  540.8017851721357  297.46767909463244  551.4639714603785  481.33623863916796  559.8061239633954  547.094962956022  558.2653934193925  419.01117415133376  457.7389150248709  545.1810374970487  481.0303533523417  0.0  461.21958020591256  536.8082698389279  418.87985656896  557.1186936444475  468.55775269423896  551.3207879709465  375.23576813817243  100.06363078059155  442.7963804620583  424.93567206496107  
72.32008480775957  65.149476610368  16.461494914714862  -161.96726045457086  79.58220496622314  -163.75190111128012  90.2443912544659  20.11665843325538  98.58654375748284  85.87538275010937  97.04581321347987  -42.208406054578816  -3.4806651810416724  83.96145729113607  19.810773146429128  -461.21958020591256  0.0  75.58868963301535  -42.33972363695254  95.89911343853493  7.338172488326393  90.10120776503399  -85.98381206774015  -361.155949425321  -18.42319974385424  -36.28390814095154  
-3.2686048252557782  -10.439213022647358  -59.12719471830049  -237.5559500875862  3.9935153332077995  -239.34059074429547  14.65570162145055  -55.47203119975997  22.997854124467494  10.286693117094018  21.45712358046452  -117.79709568759417  -79.06935481405702  8.372767658120729  -55.77791648658622  -536.8082698389279  -75.58868963301535  0.0  -117.92841326996789  20.310423805519576  -68.25051714468896  14.512518132018645  -161.57250170075548  -436.74463905833636  -94.01188937686959  -111.87259777396689  
114.65980844471211  107.48920024732053  58.801218551667404  -119.62753681761833  121.92192860317569  -121.41217747432759  132.58411489141844  62.45638207020792  140.9262673944354  128.2151063870619  139.3855368504324  0.13131758237372537  38.85905845591087  126.30118092808863  62.15049678338167  -418.87985656896  42.33972363695254  117.92841326996789  0.0  138.23883707548748  49.677896125278934  132.44093140198655  -43.644088430787605  -318.81622578836846  23.9165238930983  6.055815496001003  
-23.579028630775355  -30.749636828166935  -79.43761852382006  -257.8663738931058  -16.316908472311777  -259.65101454981505  -5.654722184069026  -75.78245500527954  2.6874303189479196  -10.023730688425559  1.1466997749449437  -138.10751949311373  -99.3797786195766  -11.937656147398847  -76.0883402921058  -557.1186936444475  -95.89911343853493  -20.310423805519576  -138.23883707548748  0.0  -88.56094095020853  -5.797905673500932  -181.88292550627506  -457.05506286385594  -114.32231318238917  -132.18302157948648  
64.98191231943318  57.8113041220416  9.12332242638847  -169.30543294289726  72.24403247789675  -171.0900735996065  82.9062187661395  12.778485944928988  91.24837126915645  78.53721026178297  89.70764072515348  -49.54657854290521  -10.818837669368065  76.62328480280968  12.472600658102735  -468.55775269423896  -7.338172488326393  68.25051714468896  -49.677896125278934  88.56094095020853  0.0  82.7630352767076  -93.32198455606654  -368.4941219136474  -25.761372232180634  -43.62208062927793  
-17.781122957274423  -24.951731154666003  -73.63971285031913  -252.06846821960488  -10.519002798810845  -253.85310887631414  0.1431834894319053  -69.98454933177861  8.485335992448851  -4.225825014924627  6.944605448445875  -132.30961381961282  -93.58187294607566  -6.139750473897916  -70.29043461860486  -551.3207879709465  -90.10120776503399  -14.512518132018645  -132.44093140198655  5.797905673500932  -82.7630352767076  0.0  -176.08501983277415  -451.25715719035503  -108.52440750888823  -126.38511590598553  
158.30389687549973  151.13328867810813  102.44530698245501  -75.98344838683073  165.5660170339633  -77.76808904353999  176.22820332220604  106.10047050099553  184.570355825223  171.85919481784953  183.02962528122  43.77540601316133  82.50314688669847  169.94526935887623  105.79458521416927  -375.23576813817243  85.98381206774015  161.57250170075548  43.644088430787605  181.88292550627506  93.32198455606654  176.08501983277415  0.0  -275.1721373575809  67.5606123238859  49.69990392678861  
433.4760342330806  426.30542603568904  377.6174443400359  199.18868897075015  440.7381543915442  197.4040483140409  451.40034067978695  381.2726078585764  459.74249318280386  447.0313321754304  458.2017626388009  318.9475433707422  357.67528424427934  445.1174067164571  380.96672257175015  -100.06363078059155  361.155949425321  436.74463905833636  318.81622578836846  457.05506286385594  368.4941219136474  451.25715719035503  275.1721373575809  0.0  342.73274968146677  324.8720412843695  
90.74328455161381  83.57267635422224  34.8846946585691  -143.54406071071662  98.00540471007739  -145.32870136742588  108.66759099832014  38.53985817710962  117.00974350133708  104.29858249396361  115.46901295733412  -23.785206310724575  14.942534562812568  102.38465703499031  38.23397289028337  -442.7963804620583  18.42319974385424  94.01188937686959  -23.9165238930983  114.32231318238917  25.761372232180634  108.52440750888823  -67.5606123238859  -342.73274968146677  0.0  -17.860708397097298  
108.60399294871111  101.43338475131952  52.7454030556664  -125.68335231361934  115.86611310717468  -127.4679929703286  126.52829939541743  56.40056657420692  134.8704518984344  122.1592908910609  133.3297213544314  -5.9244979136272775  32.803242959909866  120.24536543208762  56.094681287380666  -424.93567206496107  36.28390814095154  111.87259777396689  -6.055815496001003  132.18302157948648  43.62208062927793  126.38511590598553  -49.69990392678861  -324.8720412843695  17.860708397097298  0.0  



slope_matrix
0.0  -0.0005155002298628023  -0.0006521650639577437  -0.002624774201908251  0.0002792049272765697  -0.0024787062780243564  0.0001908871826060312  -0.0005420860258408967  0.0002704258102514493  0.00021431301094624184  0.00037754967790075276  -0.0015701524638041483  -0.00102267606568809  0.0001454444338252937  -0.0007639940588000937  -0.0059026403917875  -0.0008515257836778473  0.00024837422684314425  -0.0011545645800494625  0.00046025822039381914  -0.0007052442704055  0.0006975724973430531  -0.0016824552494446837  -0.004872707219346679  -0.0009723779701419167  -0.0014168633540164004  
0.0005162424908129287  0.0  -0.0006066206712556924  -0.002707961572253951  0.0011639297061173514  -0.002547594632405655  0.00030629701750394125  -0.0004953505975856894  0.00039263817692713544  0.0002969752993228453  0.0004428201666404537  -0.0015892863564558157  -0.0009981114280309725  0.00021727859414146555  -0.0007157989179655646  -0.006192577139015065  -0.0008175364112230894  0.0006055227971373178  -0.0011444761525481316  0.0005322769054555467  -0.000666405045729059  0.0012183462477864259  -0.0017038510127068255  -0.0051011777675683745  -0.0009504347312577162  -0.0014234066986334674  
0.0006504942284711336  0.0006056397071270805  0.0  -0.0056233455836522455  0.0007575697317751835  -0.00610685855730244  0.002233138509072368  0.0003056156788077357  0.0012332569804596346  0.0009742300047072913  0.0006461736693029028  -0.0037488754612967205  -0.0005486151333082953  0.0009992592505761839  7.951752686880972e-05  -0.017269742412170188  -0.0004218732679322107  0.0007999782808824192  -0.0017193338757797486  0.0006744977076564244  -0.0011418426065567546  0.0007336751935351758  -0.004434861774132251  -0.013476711075661523  -0.0018575449764946274  -0.0035808148713962254  
0.002632116763796952  0.0027189514918406206  0.005648267026568083  0.0  0.002659943457997952  -0.00022252377265701462  0.0039023928780602935  0.005587110122363494  0.002858454057092041  0.005303715882830735  0.0025852188209207583  0.004817331230892681  0.009344728494901484  0.0061636270111706006  0.008221530239755767  -0.07125055232174803  0.01844729617933609  0.0030831001555798915  0.010567803605796672  0.0025616798018448265  0.004702928692858257  0.0024351853254205337  0.0064832293845418715  -0.03370366987660747  0.008468676148124875  0.0053165546663967575  
-0.0002794197829343431  -0.0011667524944102795  -0.0007572970612058582  -0.002658772321637799  0.0  -0.0025130032642518155  0.0001355649877716815  -0.0006308672452044108  0.00024949899949139684  7.735928437475376e-05  0.0002089198259032985  -0.001686383425931902  -0.0010966843167053712  4.519352244492187e-05  -0.0008499919200767067  -0.0058795584384881035  -0.0009182208949604609  -0.00013866372684749302  -0.0012083441883367263  0.00023535134101127617  -0.0008026222917219948  0.0003894484560833338  -0.0017587212346926206  -0.004867345713876799  -0.001058373700972758  -0.0015259596089447476  
0.002485988836670209  0.0025581003533895253  0.006096528958930819  0.00022363918003875404  0.0025148212699204558  0.0  0.004057448759836198  0.006070272682223028  0.0027854414311520564  0.004643364655159775  0.0024323607006599517  0.004357959664994669  0.00684627235925837  0.005426360534554572  0.006299336796764216  -0.060216129371383084  0.01035748900134599  0.002883586833222437  0.02195518580005924  0.002380721544687661  0.005036504963191243  0.0023191192194143497  0.009542096815158281  -0.028567879640237465  0.010365813221642359  0.004902615114243407  
-0.00019217654601379146  -0.00030912681256587717  -0.002264668395940793  -0.003921201052690248  -0.0001358586428165488  -0.004090117429400097  0.0  -0.0018262430422190238  0.00023237193601718514  -4.469116718858974e-05  4.710126010397486e-05  -0.0032535690815289784  -0.0014910126699889845  -6.737730791774607e-05  -0.0010262803163053587  -0.00915292898689425  -0.0013105488128734518  -0.0001720152772470722  -0.001985089308151197  4.3451069494921056e-05  -0.002530714858551267  -1.4154160679310527e-06  -0.003164449691546167  -0.007447621525817307  -0.0021153901303936178  -0.0029687540918680766  
0.0005434403803260864  0.0004971552331848026  -0.00030308155211778765  -0.005670629675734234  0.0006304659301629322  -0.006151507512363182  0.0017967648685936592  0.0  0.0010811204613296336  0.00087514937871778  0.0005982049360826166  -0.002597960170397424  -0.0005864146027409804  0.0008984632544030495  -6.648234879944651e-06  -0.017166057012809127  -0.0005036719687845614  0.0006595882474615042  -0.001828348421259014  0.0005989618883940433  -0.0017772581286410276  0.0006329949017445447  -0.0045187593910134384  -0.013270887847496568  -0.0021737088650372037  -0.0027948744585830983  
-0.00027151601147119364  -0.0003950037465695789  -0.0012340352944067315  -0.0028541330289413268  -0.0002495317593390192  -0.0027790089498809637  -0.0002310845568702755  -0.0010812992327990556  0.0  -0.00010687934925900512  -1.0419493771576222e-05  -0.002100790059863648  -0.0011560449534321498  -0.0001232312644619714  -0.0008497925632260379  -0.006183653197430635  -0.0010358993775084885  -0.00025936454409008114  -0.001422204737051523  -2.011399086107267e-05  -0.001356651371828077  -8.752280549199433e-05  -0.0020976287740109446  -0.005173202353806727  -0.0013984671148719622  -0.0019566292165738345  
-0.0002165729020985748  -0.0002969752993228453  -0.0009766974508990363  -0.005301446913469097  -7.818583406493003e-05  -0.0046381881059344016  4.44954527381254e-05  -0.0008749165023530333  0.00010686137879254711  0.0  0.00019975734018902902  -0.002211009646205562  -0.0025443066039621594  -9.885978610399217e-05  -0.0018249892155712774  -0.010941899259120438  -0.0021517259521450604  -0.00017955477600094287  -0.002426019042328513  0.00016689528285756842  -0.0010405035805747611  4.802073880596167e-05  -0.0029878163215898736  -0.008710665085257802  -0.001662128804684679  -0.0020839183024745976  
-0.00037783814800917325  -0.00043910155015297185  -0.0006470557114081019  -0.002584444957773406  -0.00020954653524426112  -0.0024307737377645636  -4.6922538523725215e-05  -0.0005980654184888789  1.0396994021209096e-05  -0.00019982880972040256  0.0  -0.0012659474478914426  -0.0011347384399426747  -0.0001796561296490978  -0.0008782697301233881  -0.005395432428910722  -0.0010392569416735904  -0.00035678622514906085  -0.0013110001584878894  -4.894151835018966e-05  -0.0006956777101601666  -7.644034615790726e-05  -0.0016490641074080549  -0.00437257145375323  -0.0009935382288533308  -0.0011894881020111643  
0.0015707985195970208  0.001591878570379247  0.003875158584497601  -0.004890112470395756  0.0016873179692546683  -0.004389436441195425  0.0032455966015448347  0.002605562896648587  0.0021063844560614835  0.0022364901135793294  0.0012709155724017402  0.0  0.001731235622420078  0.002391392406097705  0.00220395093109481  -0.01765744518126143  0.001487783082642891  0.0019326523877802523  -4.002364595358896e-06  0.0013567486909032422  0.0022906416339762  0.0015136494699707454  -0.0019473045379520164  -0.014451633138683381  0.001135874226873189  0.0013874702373834374  
0.001033552631426251  0.0010057024632026154  0.0005478615410922124  -0.009182305635778053  0.0010998791068228921  -0.00684627235925837  0.0014755204098788974  0.0005827938655049902  0.001148086757761631  0.0025327677985020136  0.0011328203560347257  -0.0016649931587935144  0.0  0.0027671557744360043  0.003787225744304195  -0.02466265705952968  0.0002715027442310197  0.0012802473213525854  -0.0014171793747596961  0.0011732734214794825  0.0002651026138046573  0.0010607664042130067  -0.0034078127586409943  -0.020880051619631017  -0.0005075589185737965  -0.0013696552384095978  
-0.00014650607202839803  -0.00021707801385608224  -0.0010159536781520352  -0.006111548651732281  -4.503087223560853e-05  -0.005399157768143335  6.752212749414101e-05  -0.0009052147860184417  0.00012348931425921008  9.730175185425971e-05  0.0001794343927913301  -0.0023900334030254764  -0.0027566873414936236  0.0  -0.0019558135409971636  -0.012535779202047567  -0.00251381608656096  -0.00011290139776322451  -0.0028835886056641238  0.00015449276753460396  -0.0010814860240340109  5.8546299932277255e-05  -0.0033316069272471324  -0.00993343911440431  -0.0018204953242352473  -0.0022271784669769886  
0.0007700441657329585  0.000719650536720669  -7.921660907555027e-05  -0.008173472733857913  0.0008504756946470407  -0.0062670766219771  0.001014893632680645  6.596620375808786e-06  0.0008511698607353183  0.0018254934955424216  0.0008811554792480576  -0.0021283177488334915  -0.003679532121243412  0.001973260047514825  0.0  -0.019682093017689924  -0.0011477852344396946  0.000986852965916849  -0.001919410030370033  0.0009564484091373776  -0.00026713644587926186  0.00084706661306329  -0.0035159383587294543  -0.01655657203701652  -0.0010825020637113072  -0.0018804787558625768  
0.005918945485557872  0.006217373487394202  0.01742089989499006  0.07142060137263526  0.005882116436503543  0.06058404869544449  0.00912113747039991  0.016936531971821534  0.006199266062361802  0.010948468340124515  0.005397519031416344  0.017451527453200073  0.024622857182618123  0.01263748348393715  0.019746730433183157  0.0  0.03837101332827891  0.0068662241444715204  0.041721101251888444  0.005413491916905031  0.014720633135225855  0.005268688066541284  0.04970010174015529  0.050793721208422106  0.034647604105012386  0.018645707418383548  
0.0008608509083175761  0.0008239364192987062  0.00042295721774704165  -0.018681344919789025  0.0009216236822955778  -0.01040355153184753  0.0013099780992083887  0.0004990488323804362  0.0010454342830213872  0.0021425993700127086  0.0010374792945636079  -0.0014742719544037308  -0.00027823062997935034  0.0025251566102597314  0.0011667121994363445  -0.03869291780250944  0.0  0.0010412956101033923  -0.0022898714784722845  0.0010055163771563746  0.0001693554693821  0.000909644604951328  -0.0044230356001923946  -0.02727763968469192  -0.0007467855591347483  -0.0012958538621768406  
-0.0002541683378892518  -0.0005978930711710973  -0.0007980347777503406  -0.0030573481349753695  0.00014181517518493605  -0.002860188703923225  0.00017077256608541774  -0.0006546067570569142  0.00025825776669811896  0.00017843353195306187  0.00035827556487668256  -0.0019191133361723361  -0.0012632905386492574  0.00011247672834659765  -0.000975650104715519  -0.006809695164771381  -0.0010281377806449312  0.0  -0.0013439135415380956  0.0004451111945106197  -0.0008469802700970323  0.00038710371117681104  -0.0019577189383474755  -0.005642695595068945  -0.0011498378123661597  -0.0017187106938588573  
0.0011574666967294103  0.0011486220519904737  0.0017163227831776826  -0.010567803605796672  0.0012088234047508992  -0.021915555500781152  0.001970046283676351  0.0018272785860212967  0.0014227503472361528  0.0024091526942326548  0.0013065760859620585  3.97691042924668e-06  0.0014291672841453059  0.0028770200666990574  0.0019217840687502062  -0.04159680800088977  0.002282464886089086  0.0013539272025575814  0.0  0.0012474177682321556  0.0013138824682697417  0.001166253655761983  -0.003499926899020658  -0.02647975297245585  0.001324281500171556  0.00019453310298750412  
-0.000455897692010351  -0.0005218879298738448  -0.0006771598203377382  -0.0025587058334303014  -0.0002343709921331769  -0.0023812455479623536  -4.308688040284232e-05  -0.0005986921710007864  1.99853522640583e-05  -0.00016689528285756842  4.906717051540195e-05  -0.0013497607456324642  -0.001170964753382545  -0.00015505463238600918  -0.0009543251008667478  -0.005409969835351015  -0.001002290065202079  -0.00043753605785264057  -0.0012512566715739272  0.0  -0.0007102489449852317  -7.517056493583471e-05  -0.0016558897078138661  -0.004500788408309758  -0.000993502330602148  -0.0012570900768377222  
0.0007041743405406658  0.0006660211762772502  0.0011404153032985587  -0.004689901189553941  0.00080288989195262  -0.00504988410860704  0.002523013352590977  0.0018023252390590957  0.0013647269191641956  0.0010377538353829674  0.0006946541793801571  -0.0022459917743837357  -0.00026529763779715705  0.0010645079855905763  0.00026793986376160545  -0.014628715351053355  -0.00016888774426527948  0.0008497219549643176  -0.0013021728997451884  0.0007094296501771035  0.0  0.000775072674695944  -0.0033972327832568817  -0.011355751060513017  -0.0011860668615184453  -0.002105312771683298  
-0.0006948465399481994  -0.001224324394242689  -0.0007317068873552441  -0.0024179229565429723  -0.0003894484560833338  -0.002302940296437577  1.4065175779165548e-06  -0.0006288428474160409  8.752280549199433e-05  -4.788470271869266e-05  7.67444518559606e-05  -0.0015046981590066395  -0.001049830300045722  -5.845154678120636e-05  -0.0008395895200502253  -0.005231740254042006  -0.0009003818103830717  -0.0003857660322174015  -0.0011587133106035568  7.605805684770998e-05  -0.0007725404903968749  0.0  -0.0016142593103544536  -0.004341098193269409  -0.0010019703216560482  -0.001379132876179718  
0.0016779968081268985  0.0017007831183320932  0.004446410893335721  -0.0065165907707402  0.0017581609539552225  -0.009542096815158281  0.003142442997899537  0.004463629385822277  0.0021014021748932393  0.0029919776256589403  0.0016504023920759243  0.001916611471679568  0.003412040814172807  0.0033579385370258097  0.0035323734629104935  -0.04943817762031257  0.004411688664327355  0.001961283569036009  0.0035168483828193074  0.0016553773004193445  0.0033997079983995094  0.0016178188351152062  0.0  -0.03323334992241315  0.010159490575020438  0.0024591738706971106  
0.004884181972406853  0.005119494494310013  0.01352498009813882  0.03393333713300684  0.004867345713876799  0.028485432657148757  0.007404861231623801  0.013039418873412326  0.00518358468839133  0.008727671459887357  0.004377166246071847  0.014238729614765277  0.02079507466536508  0.010027425247047918  0.016585403681835007  -0.04953645088148097  0.027215972074251773  0.005687445651942759  0.026435839617609324  0.0045019853911316245  0.011397900461294384  0.004370487038288782  0.03287600207378505  0.0  0.02520093747657844  0.015338623290102433  
0.0009723779701419167  0.000951408526248816  0.001861509853712332  -0.008549378243640061  0.0010586023407871828  -0.010365813221642359  0.002098640227854773  0.0021363557747843473  0.001400777468531067  0.001666910380277507  0.0009951651551955022  -0.0011193038263870388  0.000509810118144407  0.0018368255657515305  0.0010899080071346456  -0.03481103619984735  0.0007483021829347783  0.001155490829474436  -0.0013198964620915177  0.0009940724947166114  0.0011860668615184453  0.001006523845158997  -0.010083673481177  -0.025557997739110126  0.0  -0.0009592217184262781  
0.0014166785320920822  0.0014250064589050382  0.0037275903219552227  -0.005314306651738661  0.0015261606046782757  -0.004878223994272048  0.002963886141846274  0.0027633790580209173  0.001962551321242606  0.0020768325551013414  0.001187475252533233  -0.0012907402861933065  0.0013713730334410478  0.0021862793714925023  0.0018893459510737846  -0.01856424954412237  0.0012912422825961402  0.001729070613653064  -0.00019322959463947042  0.0012583705870880162  0.0021134728987053262  0.0013863945755968618  -0.0024555288501377772  -0.0153024984118874  0.0009551180961014598  0.0  
