Height_Data

node	height
0	18.60268798695047
1	39.07637468380451
2	28.604819751335725
3	16.480190239461916
4	37.84867323190561
5	43.810892637888365
6	24.30328848171236
7	24.66874952147082
8	22.65756739758805
9	38.83251296487493
10	18.642582193999008
11	67.16201520005684
12	16.675165572379154
13	28.563869467632337
14	19.01940415265946
15	46.094588948355884
16	22.65232277940738
17	54.72425331368937
18	18.815339612840276
19	25.435577126726074
20	47.49744871052032
21	22.557540292624466
22	52.77395080004831
23	19.7948596299412
24	42.50119393203954
25	47.17934383029019



height_matrix
0.0  -716.5790343898913  -350.07461175348385  74.28742116209946  -673.6094835734297  -882.2871627828264  -199.52101731666608  -212.31215370821212  -141.92077937231522  -708.043874227356  -1.3962972466987367  -1699.576452458723  67.46328450999613  -348.6413518238653  -14.585065799814629  -962.2165336491895  -141.73721773599186  -1264.2547864358612  -7.442806906143119  -239.15111989214608  -1011.3166253249445  -138.41983069858986  -1195.9941984584243  -41.72600750467552  -836.4477080781174  -1000.1829545168902  
716.5790343898913  0.0  366.5044226364074  790.8664555519907  42.969550816461606  -165.70812839293512  517.0580170732252  504.26688068167914  574.658255017576  8.535160162535249  715.1827371431925  -982.9974180688318  784.0423188998874  367.93768256602596  701.9939685900766  -245.63749925929824  574.8418166538994  -547.6757520459701  709.1362274837481  477.4279144977452  -294.7375909350533  578.1592036913014  -479.41516406853316  674.8530268852157  -119.86867368822618  -283.6039201269989  
350.07461175348385  -366.5044226364074  0.0  424.3620329155833  -323.5348718199458  -532.2125510293425  150.55359443681778  137.76245804527173  208.15383238116863  -357.96926247387216  348.6783145067851  -1349.5018407052394  417.53789626348  1.4332599296185435  335.4895459536692  -612.1419218957057  208.337394017492  -914.1801746823775  342.63180484734073  110.92349186133777  -661.2420135714607  211.654781054894  -845.9195867049406  308.34860424880833  -486.3730963246336  -650.1083427634063  
-74.28742116209946  -790.8664555519907  -424.3620329155833  0.0  -747.8969047355291  -956.5745839449258  -273.80843847876554  -286.5995748703116  -216.2082005344147  -782.3312953894555  -75.6837184087982  -1773.8638736208227  -6.824136652103334  -422.92877298596477  -88.87248696191409  -1036.503954811289  -216.02463889809133  -1338.542207597961  -81.73022806824258  -313.43854105424555  -1085.604046487044  -212.70725186068933  -1270.281619620524  -116.01342866677498  -910.7351292402169  -1074.4703756789895  
673.6094835734297  -42.969550816461606  323.5348718199458  747.8969047355291  0.0  -208.67767920939673  474.0884662567636  461.29732986521753  531.6887042011144  -34.43439065392636  672.2131863267309  -1025.9669688852935  741.0727680834258  324.96813174956435  659.024417773615  -288.60705007575984  531.8722658374378  -590.6453028624317  666.1666766672865  434.4583636812836  -337.7071417515149  535.1896528748398  -522.3847148849948  631.8834760687541  -162.8382245046878  -326.5734709434605  
882.2871627828264  165.70812839293512  532.2125510293425  956.5745839449258  208.67767920939673  0.0  682.7661454661603  669.9750090746143  740.3663834105112  174.24328855547037  880.8908655361276  -817.2892896758967  949.7504472928225  533.6458109589611  867.7020969830118  -79.92937086636312  740.5499450468345  -381.96762365303493  874.8443558766833  643.1360428906803  -129.02946254211815  743.8673320842365  -313.70703567559804  840.5611552781509  45.83945470470894  -117.89579173406378  
199.52101731666608  -517.0580170732252  -150.55359443681778  273.80843847876554  -474.0884662567636  -682.7661454661603  0.0  -12.791136391546047  57.60023794435085  -508.52285691068994  198.12472006996734  -1500.055435142057  266.9843018266622  -149.12033450719923  184.93595151685145  -762.6955163325234  57.78379958067421  -1064.7337691191951  192.07821041052296  -39.63010257548001  -811.7956080082785  61.10118661807621  -996.4731811417583  157.79500981199055  -636.9266907614514  -800.6619372002241  
212.31215370821212  -504.26688068167914  -137.76245804527173  286.5995748703116  -461.29732986521753  -669.9750090746143  12.791136391546047  0.0  70.3913743358969  -495.7317205191439  210.91585646151339  -1487.264298750511  279.77543821820825  -136.32919811565318  197.7270879083975  -749.9043799409774  70.57493597222026  -1051.9426327276492  204.869346802069  -26.838966183933962  -799.0044716167324  73.89232300962226  -983.6820447502123  170.5861462035366  -624.1355543699053  -787.870800808678  
141.92077937231522  -574.658255017576  -208.15383238116863  216.2082005344147  -531.6887042011144  -740.3663834105112  -57.60023794435085  -70.3913743358969  0.0  -566.1230948550408  140.5244821256165  -1557.655673086408  209.38406388231135  -206.72057245155008  127.3357135725006  -820.2957542768743  0.1835616363233612  -1122.334007063546  134.4779724661721  -97.23034051983086  -869.3958459526293  3.500948673725361  -1054.0734190861092  100.1947718676397  -694.5269287058022  -858.2621751445749  
708.043874227356  -8.535160162535249  357.96926247387216  782.3312953894555  34.43439065392636  -174.24328855547037  508.52285691068994  495.7317205191439  566.1230948550408  0.0  706.6475769806573  -991.5325782313671  775.5071587373521  359.4025224034907  693.4588084275414  -254.1726594218335  566.3066564913642  -556.2109122085053  700.6010673212129  468.89275433520993  -303.2727510975885  569.6240435287662  -487.9503242310684  666.3178667226805  -128.40383385076143  -292.13908028953415  
1.3962972466987367  -715.1827371431925  -348.6783145067851  75.6837184087982  -672.2131863267309  -880.8908655361276  -198.12472006996734  -210.91585646151339  -140.5244821256165  -706.6475769806573  0.0  -1698.1801552120244  68.85958175669487  -347.24505457716657  -13.188768553115892  -960.8202364024908  -140.34092048929313  -1262.8584891891626  -6.046509659444382  -237.75482264544735  -1009.9203280782458  -137.02353345189113  -1194.5979012117257  -40.329710257976785  -835.0514108314187  -998.7866572701914  
1699.576452458723  982.9974180688318  1349.5018407052394  1773.8638736208227  1025.9669688852935  817.2892896758967  1500.055435142057  1487.264298750511  1557.655673086408  991.5325782313671  1698.1801552120244  0.0  1767.0397369687194  1350.935100634858  1684.9913866589086  737.3599188095336  1557.8392347227314  435.3216660228618  1692.13364555258  1460.425332566577  688.2598271337786  1561.1566217601332  503.5822540002987  1657.8504449540476  863.1287443806057  699.393497941833  
-67.46328450999613  -784.0423188998874  -417.53789626348  6.824136652103334  -741.0727680834258  -949.7504472928225  -266.9843018266622  -279.77543821820825  -209.38406388231135  -775.5071587373521  -68.85958175669487  -1767.0397369687194  0.0  -416.10463633386144  -82.04835030981076  -1029.6798181591857  -209.200502245988  -1331.7180709458576  -74.90609141613925  -306.6144044021422  -1078.7799098349406  -205.883115208586  -1263.4574829684207  -109.18929201467165  -903.9109925881136  -1067.6462390268862  
348.6413518238653  -367.93768256602596  -1.4332599296185435  422.92877298596477  -324.96813174956435  -533.6458109589611  149.12033450719923  136.32919811565318  206.72057245155008  -359.4025224034907  347.24505457716657  -1350.935100634858  416.10463633386144  0.0  334.0562860240507  -613.5751818253242  206.90413408787344  -915.613434611996  341.1985449177222  109.49023193171922  -662.6752735010792  210.22152112527544  -847.3528466345591  306.9153443191898  -487.80635625425214  -651.5416026930249  
14.585065799814629  -701.9939685900766  -335.4895459536692  88.87248696191409  -659.024417773615  -867.7020969830118  -184.93595151685145  -197.7270879083975  -127.3357135725006  -693.4588084275414  13.188768553115892  -1684.9913866589086  82.04835030981076  -334.0562860240507  0.0  -947.6314678493749  -127.15215193617723  -1249.6697206360468  7.14225889367151  -224.56605409233146  -996.7315595251299  -123.83476489877523  -1181.40913265861  -27.140941704860893  -821.8626422783028  -985.5978887170755  
962.2165336491895  245.63749925929824  612.1419218957057  1036.503954811289  288.60705007575984  79.92937086636312  762.6955163325234  749.9043799409774  820.2957542768743  254.1726594218335  960.8202364024908  -737.3599188095336  1029.6798181591857  613.5751818253242  947.6314678493749  0.0  820.4793159131976  -302.0382527866718  954.7737267430464  723.0654137570434  -49.10009167575504  823.7967029505996  -233.77766480923492  920.490526144514  125.76882557107206  -37.96642086770066  
141.73721773599186  -574.8418166538994  -208.337394017492  216.02463889809133  -531.8722658374378  -740.5499450468345  -57.78379958067421  -70.57493597222026  -0.1835616363233612  -566.3066564913642  140.34092048929313  -1557.8392347227314  209.200502245988  -206.90413408787344  127.15215193617723  -820.4793159131976  0.0  -1122.5175686998696  134.29441082984874  -97.41390215615422  -869.5794075889527  3.317387037402  -1054.2569807224327  100.01121023131634  -694.7104903421256  -858.4457367808983  
1264.2547864358612  547.6757520459701  914.1801746823775  1338.542207597961  590.6453028624317  381.96762365303493  1064.7337691191951  1051.9426327276492  1122.334007063546  556.2109122085053  1262.8584891891626  -435.3216660228618  1331.7180709458576  915.613434611996  1249.6697206360468  302.0382527866718  1122.5175686998696  0.0  1256.8119795297182  1025.1036665437152  252.93816111091678  1125.8349557372715  68.2605879774369  1222.5287789311858  427.8070783577439  264.07183191897116  
7.442806906143119  -709.1362274837481  -342.63180484734073  81.73022806824258  -666.1666766672865  -874.8443558766833  -192.07821041052296  -204.869346802069  -134.4779724661721  -700.6010673212129  6.046509659444382  -1692.13364555258  74.90609141613925  -341.1985449177222  -7.14225889367151  -954.7737267430464  -134.29441082984874  -1256.8119795297182  0.0  -231.70831298600297  -1003.8738184188014  -130.97702379244674  -1188.5513915522813  -34.2832005985324  -829.0049011719743  -992.740147610747  
239.15111989214608  -477.4279144977452  -110.92349186133777  313.43854105424555  -434.4583636812836  -643.1360428906803  39.63010257548001  26.838966183933962  97.23034051983086  -468.89275433520993  237.75482264544735  -1460.425332566577  306.6144044021422  -109.49023193171922  224.56605409233146  -723.0654137570434  97.41390215615422  -1025.1036665437152  231.70831298600297  0.0  -772.1655054327985  100.73128919355622  -956.8430785662783  197.42511238747056  -597.2965881859714  -761.0318346247441  
1011.3166253249445  294.7375909350533  661.2420135714607  1085.604046487044  337.7071417515149  129.02946254211815  811.7956080082785  799.0044716167324  869.3958459526293  303.2727510975885  1009.9203280782458  -688.2598271337786  1078.7799098349406  662.6752735010792  996.7315595251299  49.10009167575504  869.5794075889527  -252.93816111091678  1003.8738184188014  772.1655054327985  0.0  872.8967946263547  -184.67757313347988  969.590617820269  174.8689172468271  11.133670808054376  
138.41983069858986  -578.1592036913014  -211.654781054894  212.70725186068933  -535.1896528748398  -743.8673320842365  -61.10118661807621  -73.89232300962226  -3.500948673725361  -569.6240435287662  137.02353345189113  -1561.1566217601332  205.883115208586  -210.22152112527544  123.83476489877523  -823.7967029505996  -3.317387037402  -1125.8349557372715  130.97702379244674  -100.73128919355622  -872.8967946263547  0.0  -1057.5743677598346  96.69382319391434  -698.0278773795276  -861.7631238183003  
1195.9941984584243  479.41516406853316  845.9195867049406  1270.281619620524  522.3847148849948  313.70703567559804  996.4731811417583  983.6820447502123  1054.0734190861092  487.9503242310684  1194.5979012117257  -503.5822540002987  1263.4574829684207  847.3528466345591  1181.40913265861  233.77766480923492  1054.2569807224327  -68.2605879774369  1188.5513915522813  956.8430785662783  184.67757313347988  1057.5743677598346  0.0  1154.268190953749  359.546490380307  195.81124394153426  
41.72600750467552  -674.8530268852157  -308.34860424880833  116.01342866677498  -631.8834760687541  -840.5611552781509  -157.79500981199055  -170.5861462035366  -100.1947718676397  -666.3178667226805  40.329710257976785  -1657.8504449540476  109.18929201467165  -306.9153443191898  27.140941704860893  -920.490526144514  -100.01121023131634  -1222.5287789311858  34.2832005985324  -197.42511238747056  -969.590617820269  -96.69382319391434  -1154.268190953749  0.0  -794.7217005734419  -958.4569470122146  
836.4477080781174  119.86867368822618  486.3730963246336  910.7351292402169  162.8382245046878  -45.83945470470894  636.9266907614514  624.1355543699053  694.5269287058022  128.40383385076143  835.0514108314187  -863.1287443806057  903.9109925881136  487.80635625425214  821.8626422783028  -125.76882557107206  694.7104903421256  -427.8070783577439  829.0049011719743  597.2965881859714  -174.8689172468271  698.0278773795276  -359.546490380307  794.7217005734419  0.0  -163.73524643877272  
1000.1829545168902  283.6039201269989  650.1083427634063  1074.4703756789895  326.5734709434605  117.89579173406378  800.6619372002241  787.870800808678  858.2621751445749  292.13908028953415  998.7866572701914  -699.393497941833  1067.6462390268862  651.5416026930249  985.5978887170755  37.96642086770066  858.4457367808983  -264.07183191897116  992.740147610747  761.0318346247441  -11.133670808054376  861.7631238183003  -195.81124394153426  958.4569470122146  163.73524643877272  0.0  



slope_matrix
0.0  -0.010196059111979102  -0.007019743568347381  0.0008385531229495367  -0.012513644502571608  -0.010926156814648005  -0.004514050165535431  -0.002943057301195067  -0.006057224898519642  -0.007554885555136108  -2.1547797016955813e-05  -0.019452631938408182  0.00216367172899282  -0.0056911745318946345  -0.00014992871915927867  -0.013057627000260408  -0.001903535021971419  -0.013709117181043822  -8.64738806337065e-05  -0.002766671909904513  -0.010757543083979838  -0.0017988282092084452  -0.014846005442631881  -0.0009468120604646136  -0.013268523288041203  -0.01322818350108306  
0.010185913779529371  0.0  0.012551521323164637  0.008775704122858307  0.0024167351415332735  -0.00402301841206446  0.005459957941639126  0.004147272643158805  0.008341678836080361  0.0001785224882354162  0.008060213424356954  -0.03307528324592301  0.007914023608558468  0.008192778502917523  0.01637494678306687  -0.007693000289987417  0.004576766056161619  -0.01532388785802938  0.012685800133877427  0.0034889499744062058  -0.00913348592919285  0.00830449876028873  -0.02547370691118667  0.006255589793151796  -0.0037157059419784927  -0.0071889460108238  
0.006995895518654753  -0.01275685425118021  0.0  0.0058914623478492755  -0.014411352865030994  -0.014581165781625823  0.0021640591409633142  0.0014392233393781  0.004756714633938954  -0.0051358574243023265  0.005503129963806583  -0.025568431995173158  0.005479499950964304  4.772760338390089e-05  0.006537208611723874  -0.022075078322960896  0.002073627889096168  -0.015862921649876408  0.005035000805985903  0.0009929593757169257  -0.011209391652338713  0.003895008852684836  -0.01857530932597586  0.0037262671208315207  -0.010951882376145769  -0.012021234148731626  
-0.0008392162354507396  -0.008780575725013775  -0.00590047320516662  0.0  -0.00817195044509975  -0.018360356697599344  -0.004606467672926742  -0.004732489677515052  -0.0032704311077660668  -0.0058036446245508565  -0.0026233524578439583  -0.016050161722953517  -6.99265975212966e-05  -0.008987011750657985  -0.0012739748704402823  -0.016788207884860528  -0.0026633539501675664  -0.010893084371728198  -0.0006151142324696514  -0.004216283845227946  -0.010099581788883096  -0.009200140651413898  -0.012511391900133203  -0.0013974154260030713  -0.008291470586673497  -0.008777635615382645  
0.012529938310517665  -0.0024290305718745963  0.014109676049714165  0.008166596470141178  0.0  -0.004399698064714247  0.005512656584380972  0.004001191168923736  0.008833505635506137  -0.0006913148093540726  0.008107745583484875  -0.030069371889955846  0.00898487837152553  0.006744876125976844  0.011085356060111271  -0.007679804419259176  0.004491405724011466  -0.015156410132471944  0.014347763873945435  0.0033507509153268824  -0.008285258629821268  0.007342429042047466  -0.019127964660746788  0.0066767062137442325  -0.007145161233202624  -0.010060797009964895  
0.010932926428535644  0.004028887147895335  0.014577172035862573  0.018283153362861734  0.004397843608206465  0.0  0.008672248767511244  0.007007373800592138  0.010940836166846626  0.0020955296278469078  0.015179921860005646  -0.013821905795296748  0.009104202907331504  0.02335430244896985  0.02799942229696714  -0.007663410437810461  0.0067322722276984956  -0.0053429517926008524  0.009401873786960594  0.005879294660304235  -0.0022979423426913296  0.024762560988157007  -0.006246655429621626  0.008251312018044084  0.0006604157139419239  -0.0014908420806027285  
0.0045511180957268724  -0.005427860771291468  -0.0021572373468522394  0.004590250435519958  -0.005487135026119949  -0.008699874432545366  0.0  -0.0004555248002687339  0.0020637849496363617  -0.003980297878136271  0.0057344347342971735  -0.012558019549117262  0.006900602270009362  -0.002293453314475534  0.0018109670144619218  -0.008969722642979225  0.0018414212740813962  -0.008565838850516453  0.00159918583307404  -0.0009351133217432754  -0.00646025471914912  0.0009483344190295858  -0.008936177752145622  0.00669190033129731  -0.006661716251034948  -0.007301978451438432  
0.0029557587875290565  -0.004111094738966894  -0.0014383217586685293  0.00468223451838444  -0.004001885398327558  -0.007005175753603244  0.0004494425998435013  0.0  0.001272669939177308  -0.003194971129924877  0.005451430769230121  -0.010127778677225134  0.004173261309937474  -0.0016272284329870278  0.0016934488515621573  -0.0072252084010114405  0.0029272059714732586  -0.006934361455027352  0.0013888505647215036  -0.001709488291970316  -0.0052243001936493555  0.0010510999005636167  -0.007081434344181213  0.0033819616614499722  -0.005013942435490885  -0.005748783661500752  
0.006064990571466463  -0.0083368381694121  -0.0047895497556642574  0.0032571286612596367  -0.008851152059282745  -0.010940836166846626  -0.002145260258635041  -0.0012873331078254737  0.0  -0.005663496347089243  0.003299471287288483  -0.016854097306712917  0.005434312584539615  -0.004259645012395427  0.0014093604158550148  -0.012287234186292306  3.1791069678448423e-06  -0.011538336661494255  0.0014568082815098267  -0.001409543933311552  -0.00881472012524211  5.806848024092488e-05  -0.012374658594577474  0.002521257470247602  -0.010024926800026014  -0.010485793221069944  
0.0075734717534212855  -0.0001788591819475115  0.005105095015314777  0.005780915505722718  0.000691870416996712  -0.0020907522024894453  0.003999078774069597  0.0031966192966155784  0.005665763559397926  0.0  0.005429903004308108  -0.04048724288409012  0.006345693140801507  0.0039023075179532105  0.008672571391039788  -0.0034310564176813375  0.0035636942702873585  -0.04348795247916382  0.017813401152331883  0.002728023937253956  -0.008554943613472173  0.0050556851293935045  -0.013248719093974163  0.0049327647817788015  -0.004178452126611176  -0.01590305281924519  
2.1567767171744465e-05  -0.008046610453906306  -0.005506606356708545  0.0026160981129899137  -0.008106767804229751  -0.0151930125135586  -0.005736094964388169  -0.0055635942089557735  -0.003319737352365143  -0.00543157245949775  0.0  -0.01484812586527957  0.0009473047428352574  -0.007529164236278547  -0.00016200428145333364  -0.014529264122221242  -0.0024006315513050483  -0.01059267311851336  -4.9379417390317536e-05  -0.004599628992947327  -0.008803350140152074  -0.003916076977761964  -0.011253866238452433  -0.0006939041682377286  -0.008399229640227506  -0.00891853430904716  
0.019430392734179982  0.03306415802451503  0.02525265420481361  0.01600671244920432  0.029920296555418297  0.013803230698799135  0.012611866782764897  0.010133299030799965  0.016814072464231517  0.04043770710568381  0.014865022367052035  0.0  0.015208191212399684  0.01909718830413992  0.030180752044759243  0.0147619603365272  0.010396684695159713  0.03385082939524586  0.03232964550157776  0.009066459725394693  0.060800338086022844  0.017632218452226487  0.03965214598427549  0.01284557914887686  0.023823592171697643  0.02381319366502666  
-0.002160207637207689  -0.007915621594143234  -0.005498984541860661  6.979072051649963e-05  -0.00897182527946036  -0.009098969604261568  -0.006828243013469622  -0.004173261309937474  -0.005425863277592935  -0.006331187515204116  -0.0009501805127182954  -0.015214738565255032  0.0  -0.004881565419214705  -0.0006652209365154107  -0.01032260469332517  -0.0035088980584701106  -0.011006844127166357  -0.0006522648155358695  -0.004093650259040617  -0.008786283676779121  -0.0021229440627818725  -0.011556365891963969  -0.005078571721612635  -0.009845452484349346  0.0  
0.0056671221037689415  -0.008180028514140195  -4.7679971045194397e-05  0.008964153730096753  -0.006740678941082023  -0.02335430244896985  0.0022941589924184496  0.001630342000904726  0.004258767458828802  -0.0038955400217157024  0.007542247058583114  -0.01912693049178618  0.004884430523933107  0.0  0.007436693811755358  -0.028765831309204133  0.002130616147542719  -0.011418050063748547  0.003637123386821471  0.0011241296912907518  -0.009795643362913218  0.007876415178916277  -0.013728983257202837  0.003516848221830982  -0.006951779339521906  -0.008160591216095001  
0.00014997496966390363  -0.016413232840544228  -0.0065461374820228145  0.0012716051933311502  -0.011102163372197018  -0.02820878078618374  -0.0018019677630015732  -0.001691999725384199  -0.0014112347730522066  -0.008616535890004242  0.0001626235333306522  -0.029843984885917618  0.0006648436132388847  -0.007446640348284679  0.0  -0.03936981586412027  -0.0009496762412142597  -0.01815852543789664  7.32840026028269e-05  -0.0017189685708231127  -0.020970577730383546  -0.002601024257483202  -0.024845617931831963  -0.00021579821662448035  -0.011133333002957232  -0.012475922641988298  
0.013119941827777332  0.007600170150349574  0.02238997519735573  0.016494334099479455  0.0076553594184551686  0.0071174862748319785  0.00901211764542743  0.007262996415893243  0.012368753834090385  0.003419056489397814  0.01463103755752232  -0.014653416510523322  0.010348540886021967  0.02928759817781977  0.03850595155828423  0.0  0.007028262085944814  -0.004818734090406378  0.011461869468704039  0.00617846205038916  -0.0010371797988118934  0.02031056959937376  -0.005645439864989977  0.008759068666328994  0.002108092952917735  -0.0005476189365022453  
0.0018986901237239364  -0.004543485746553109  -0.002061725819074636  0.0026421800256615866  -0.004464637503881791  -0.00673533374303624  -0.0018309188713775098  -0.0029479923129582396  -3.1022754153010175e-06  -0.003543846411084882  0.0023690229657206806  -0.010336668002937638  0.003494245903557508  -0.0021271114844029345  0.0009447369933589214  -0.0069959013976227625  0.0  -0.0072159781994077495  0.000887193042411632  -0.006061848298453903  -0.005541546059068013  3.6514992156323607e-05  -0.007384303290063968  0.0025703215171245524  -0.0054130472989101265  -0.006092156247114458  
0.013728469827732232  0.0153367614686634  0.015731890805065867  0.010856859498726262  0.015160300381479253  0.005328789392480956  0.00861365398526976  0.006946266724297737  0.011533593742303424  0.04328489589171248  0.010620288362536057  -0.0339299817632784  0.011023243696265686  0.011432306587738745  0.01829677482629644  0.004838805715903105  0.007265015654002133  0.0  0.02881935288992704  0.006184637505542777  0.010632121105965396  0.011145777207576195  0.002711982041217199  0.009145188352267996  0.014217583195671115  0.013535204096308106  
8.690806756355813e-05  -0.01269943100794678  -0.0050239267572923865  0.0006147440997987407  -0.014412952762165438  -0.009417054422784534  -0.0016099087286105351  -0.001391491861727019  -0.0014606057615528631  -0.017899873973459705  4.944402370957872e-05  -0.03244743328001112  0.0006550025482348657  -0.0036433373723195107  -7.31863807118712e-05  -0.011496372387032466  -0.00089350905409081  -0.02889222941447628  0.0  -0.00143437113399779  -0.01634973645633227  -0.0011364600762902104  -0.021900707417583955  -0.0002694584657591166  -0.03520190663150634  -0.04009451323145182  
0.002776307405295404  -0.003485638566822992  -0.0009948295234200697  0.004179180547389941  -0.0033528195993307885  -0.0058771455989279015  0.0009265864525480479  0.0017051439761076215  0.0013965863332351459  -0.0027319976363992886  0.004530389151018433  -0.009061959124885685  0.004095290562336613  -0.001122171076475548  0.0017201536123502984  -0.006149561266856978  0.005947124673757889  -0.006174951307413501  0.001431889216326801  0.0  -0.004631233163994473  0.001197898551475279  -0.006244896740414296  0.003662124140001309  -0.004303599597852665  -0.005027958738271301  
0.010759832166453287  0.00913348592919285  0.011120787311999003  0.010067736682621198  0.008275107614592377  0.0022865401832734035  0.006496443726058567  0.0052294290962545485  0.008812039792749131  0.008557357536613672  0.008799514926184943  -0.06026793582607518  0.008791295818066503  0.00975096046940964  0.021320461166312938  0.0010409177798548874  0.005579233976574828  -0.010636592140913238  0.016222912385565634  0.004630677693749916  0.0  0.010203352362669255  -0.01211795099301049  0.007151428070661373  0.0038206012070532464  0.0002861390595747719  
0.0018151039955230772  -0.00839128016968507  -0.003948783228636082  0.009051372419603802  -0.007419792775195339  -0.0251902245880202  -0.0009511392686500033  -0.0010536478398634288  -5.907777039698551e-05  -0.005090928979611817  0.003931808707371338  -0.017766662362127383  0.002141715543624113  -0.008119796103718635  0.0026241738694379154  -0.021031317410022968  -3.658344769962505e-05  -0.011232514773393909  0.0011434048345041181  -0.0012004682301698989  -0.010282681053438034  0.0  -0.013393798983787165  0.0011010455840800995  -0.0076270528559826  -0.00830535007534985  
0.01483127726262927  0.025339067868315707  0.01834568611374844  0.012459849138013967  0.019023478327931345  0.0062317647134604295  0.008967541226977667  0.007079395788054784  0.01235580141936595  0.01327755984302227  0.011257047693288029  -0.03955870023568725  0.011553195711123086  0.013695698183846115  0.024845617931831963  0.005690790282600655  0.007423299399538323  -0.002720629253783854  0.021780307706657162  0.006243266857407532  0.012086228608212034  0.01327443664817164  0.0  0.009443411527069859  0.01011667108554606  0.006196558352580198  
0.0009459534687072211  -0.006237088973061144  -0.003727167946921411  0.0013893823792428142  -0.00666825111934101  -0.008254553228696365  -0.006610599489400526  -0.003383974334527606  -0.0025124065162397116  -0.0049225610721238214  0.0006905772304448079  -0.012850557669591874  0.005080934947169458  -0.0035104122648883652  0.00021631419227592964  -0.008683872888155792  -0.0025876121663988704  -0.00913289092283868  0.00026844570196955916  -0.0036607660372236337  -0.007147737691266266  -0.001095308373288563  -0.009445729876871922  0.0  -0.007643759743901529  -0.008174472895626565  
0.013329843953436135  0.003713403769771567  0.010846857634358465  0.008274896685809711  0.007186152890762921  -0.0006610824157010231  0.006705197291940745  0.005019587858853991  0.010039417876637789  0.00418526185954242  0.00840091962607061  -0.02375801663585482  0.009882048678125217  0.006959714028452734  0.011101751212728661  -0.0021141170881000516  0.005452558593062755  -0.014217583195671115  0.03506788922047269  0.0043079451005118745  -0.0038365273639058162  0.007557685982887912  -0.010122367409355489  0.00766883817980741  0.0  -0.013025874816131482  
0.0132685454300463  0.007183483285891563  0.011813707845964133  0.008757603518452926  0.009941353757791796  0.0014824065350693295  0.007342154398901643  0.005752141350724086  0.01049092012155696  0.01590305281924519  0.008915349971170146  -0.02373238880019793  0.010255967713995064  0.008115864507885212  0.012479081903229623  0.0005448682673320991  0.0061300038330541155  -0.013528270077816146  0.03991717521555074  0.00503061762708054  -0.0002875431510344622  0.008208049564894754  -0.006198519909513588  0.008194040754143922  0.012974266754260912  0.0  
