Height_Data

node	height
0	57.51714057251192
1	114.5550226487798
2	27.77295937767922
3	131.52994256487895
4	11.744672890616842
5	120.83655717151986
6	51.87567100272795
7	24.58177807212863
8	58.559456944696166
9	84.48043289189562
10	56.39606565268368
11	153.3133348027967
12	41.097090943560566
13	18.50741689700816
14	20.63779385974856
15	59.00623338487409
16	38.70226028212592
17	60.97516601252212
18	42.13700903546205
19	26.2231100798428
20	103.56454755312542
21	124.63707075537613
22	51.937218511806556
23	23.862747279339686
24	128.768899752704
25	117.03892008805958



height_matrix
0.0  -342.22729245760723  178.4650871689962  -444.0768119542021  274.6348060913705  -379.9164995940476  33.848817418703845  197.61217500229975  -6.253898233105474  -161.77975391630218  6.726449518969446  -574.7771653817088  98.52029777370814  234.05834205302256  221.27608027658016  -8.93455687417304  112.889281742316  -20.74815264006122  92.28078922229923  187.7641829560147  -276.28444188368104  -402.7195810971852  33.47953236423217  201.9263597590334  -427.5105550811524  -357.130677093286  
342.22729245760723  0.0  520.6923796266035  -101.8495194965949  616.8620985489777  -37.68920713644036  376.0761098763111  539.8394674599069  335.97339422450176  180.44753854130505  348.9537419765767  -232.54987292410146  440.74759023131537  576.2856345106297  563.5033727341875  333.2927355834342  455.1165741999232  321.479139817546  434.50808167990647  529.991475413622  65.9428505739262  -60.492288639577964  375.7068248218394  544.1536522166407  -85.28326262354517  -14.903384635678776  
-178.4650871689962  -520.6923796266035  0.0  -622.5418991231984  96.16971892237426  -558.3815867630437  -144.61626975029236  19.147087833303544  -184.71898540210168  -340.2448410852984  -171.73863765002676  -753.242252550705  -79.94478939528807  55.59325488402635  42.810993107583954  -187.39964404316925  -65.5758054266802  -199.21323980905743  -86.18429794669697  9.299095787018501  -454.74952905267725  -581.1846682661815  -144.98555480476404  23.461272590037197  -605.9756422501487  -535.5957642622823  
444.0768119542021  101.8495194965949  622.5418991231984  0.0  718.7116180455725  64.16031236015453  477.925629372906  641.6889869565018  437.82291372109665  282.29705803789994  450.8032614731716  -130.70035342750657  542.5971097279103  678.1351540072246  665.3528922307823  435.1422550800291  556.9660936965181  423.3286593141409  536.3576011765014  631.8409949102169  167.7923700705211  41.35723085701693  477.5563443184343  646.0031717132356  16.566256873049724  86.94613486091612  
-274.6348060913705  -616.8620985489777  -96.16971892237426  -718.7116180455725  0.0  -654.551305685418  -240.78598867266663  -77.02263108907071  -280.88870432447595  -436.41456000767266  -267.90835657240103  -849.4119714730791  -176.11450831766234  -40.57646403834791  -53.358725814790304  -283.5693629655435  -161.74552434905445  -295.3829587314317  -182.35401686907124  -86.87062313535576  -550.9192479750515  -677.3543871885556  -241.1552737271383  -72.70844633233706  -702.1453611725228  -631.7654831846564  
379.9164995940476  37.68920713644036  558.3815867630437  -64.16031236015453  654.551305685418  0.0  413.76531701275144  577.5286745963474  373.6626013609421  218.1367456777454  386.64294911301704  -194.8606657876611  478.43679736775573  613.9748416470702  601.1925798706277  370.98194271987455  492.80578133636357  359.1683469539864  472.1972888163468  567.6806825500623  103.63205771036655  -22.803081503137605  413.39603195827976  581.8428593530809  -47.59405548710481  22.785822500761583  
-33.848817418703845  -376.0761098763111  144.61626975029236  -477.925629372906  240.78598867266663  -413.76531701275144  0.0  163.7633575835959  -40.10271565180932  -195.62857133500603  -27.1223678997344  -608.6259828004125  64.67148035500429  200.2095246343187  187.42726285787631  -42.783374292876886  79.04046432361216  -54.596970058765066  58.43197180359539  153.91536553731086  -310.1332593023849  -436.56839851588904  -0.3692850544716748  168.07754234032956  -461.35937249985625  -390.97949451198986  
-197.61217500229975  -539.8394674599069  -19.147087833303544  -641.6889869565018  77.02263108907071  -577.5286745963474  -163.7633575835959  0.0  -203.86607323540522  -359.39192891860193  -190.8857254833303  -772.3893403840084  -99.09187722859161  36.446167050722806  23.66390527428041  -206.5467318764728  -84.72289325998375  -218.36032764236097  -105.33138578000052  -9.847992046285043  -473.8966168859808  -600.3317560994849  -164.13264263806758  4.314184756733653  -625.1227300834521  -554.7428520955857  
6.253898233105474  -335.97339422450176  184.71898540210168  -437.82291372109665  280.88870432447595  -373.6626013609421  40.10271565180932  203.86607323540522  0.0  -155.5258556831967  12.98034775207492  -568.5232671486033  104.77419600681361  240.31224028612803  227.52997850968563  -2.6806586410675664  119.14317997542148  -14.494254406955747  98.53468745540471  194.01808118912018  -270.03054365057557  -396.4656828640797  39.733430597337644  208.18025799213888  -421.25665684804693  -350.87677886018054  
161.77975391630218  -180.44753854130505  340.2448410852984  -282.29705803789994  436.41456000767266  -218.1367456777454  195.62857133500603  359.39192891860193  155.5258556831967  0.0  168.50620343527163  -412.9974114654065  260.3000516900103  395.83809596932474  383.05583419288234  152.84519704212914  274.6690356586182  141.03160127624096  254.06054313860142  349.54393687231686  -114.50468796737886  -240.93982718088301  195.25928628053435  363.7061136753356  -265.7308011648502  -195.35092317698383  
-6.726449518969446  -348.9537419765767  171.73863765002676  -450.8032614731716  267.90835657240103  -386.64294911301704  27.1223678997344  190.8857254833303  -12.98034775207492  -168.50620343527163  0.0  -581.5036149006781  91.79384825473869  227.3318925340531  214.54963075761071  -15.661006393142486  106.16283222334656  -27.474602159030667  85.55433970332979  181.03773343704526  -283.0108914026505  -409.44603061615464  26.753082845262725  195.19991024006396  -434.23700460012185  -363.85712661225546  
574.7771653817088  232.54987292410146  753.242252550705  130.70035342750657  849.4119714730791  194.8606657876611  608.6259828004125  772.3893403840084  568.5232671486033  412.9974114654065  581.5036149006781  0.0  673.2974631554168  808.8355074347312  796.0532456582889  565.8426085075357  687.6664471240247  554.0290127416474  667.0579546040079  762.5413483377234  298.49272349802766  172.0575842845235  608.2566977459409  776.7035251407422  147.2666103005563  217.6464882884227  
-98.52029777370814  -440.74759023131537  79.94478939528807  -542.5971097279103  176.11450831766234  -478.43679736775573  -64.67148035500429  99.09187722859161  -104.77419600681361  -260.3000516900103  -91.79384825473869  -673.2974631554168  0.0  135.53804427931442  122.75578250287202  -107.45485464788118  14.368983968607864  -119.26845041376936  -6.239508551408903  89.24388518230657  -374.8047396573892  -501.23987887089334  -65.04076540947597  103.40606198532527  -526.0308528548605  -455.65097486699415  
-234.05834205302256  -576.2856345106297  -55.59325488402635  -678.1351540072246  40.57646403834791  -613.9748416470702  -200.2095246343187  -36.446167050722806  -240.31224028612803  -395.83809596932474  -227.3318925340531  -808.8355074347312  -135.53804427931442  0.0  -12.782261776442397  -242.9928989271956  -121.16906031070656  -254.80649469308378  -141.77755283072332  -46.29415909700785  -510.3427839367036  -636.7779231502077  -200.5788096887904  -32.131982293989154  -661.5688971341749  -591.1890191463085  
-221.27608027658016  -563.5033727341875  -42.810993107583954  -665.3528922307823  53.358725814790304  -601.1925798706277  -187.42726285787631  -23.66390527428041  -227.52997850968563  -383.05583419288234  -214.54963075761071  -796.0532456582889  -122.75578250287202  12.782261776442397  0.0  -230.2106371507532  -108.38679853426416  -242.02423291664138  -128.99529105428093  -33.51189732056545  -497.5605221602612  -623.9956613737654  -187.796547912348  -19.349720517546757  -648.7866353577326  -578.4067573698662  
8.93455687417304  -333.2927355834342  187.39964404316925  -435.1422550800291  283.5693629655435  -370.98194271987455  42.783374292876886  206.5467318764728  2.6806586410675664  -152.84519704212914  15.661006393142486  -565.8426085075357  107.45485464788118  242.9928989271956  230.2106371507532  0.0  121.82383861648904  -11.81359576588818  101.21534609647227  196.69873983018775  -267.349885009508  -393.78502422301216  42.41408923840521  210.86091663320644  -418.57599820697936  -348.19612021911297  
-112.889281742316  -455.1165741999232  65.5758054266802  -556.9660936965181  161.74552434905445  -492.80578133636357  -79.04046432361216  84.72289325998375  -119.14317997542148  -274.6690356586182  -106.16283222334656  -687.6664471240247  -14.368983968607864  121.16906031070656  108.38679853426416  -121.82383861648904  0.0  -133.63743438237722  -20.608492520016767  74.8749012136987  -389.173723625997  -515.6088628395012  -79.40974937808383  89.0370780167174  -540.3998368234684  -470.019958835602  
20.74815264006122  -321.479139817546  199.21323980905743  -423.3286593141409  295.3829587314317  -359.1683469539864  54.596970058765066  218.36032764236097  14.494254406955747  -141.03160127624096  27.474602159030667  -554.0290127416474  119.26845041376936  254.80649469308378  242.02423291664138  11.81359576588818  133.63743438237722  0.0  113.02894186236045  208.51233559607593  -255.53628924361982  -381.971428457124  54.22768500429339  222.67451239909462  -406.7624024410912  -336.3825244532248  
-92.28078922229923  -434.50808167990647  86.18429794669697  -536.3576011765014  182.35401686907124  -472.1972888163468  -58.43197180359539  105.33138578000052  -98.53468745540471  -254.06054313860142  -85.55433970332979  -667.0579546040079  6.239508551408903  141.77755283072332  128.99529105428093  -101.21534609647227  20.608492520016767  -113.02894186236045  0.0  95.48339373371547  -368.5652311059803  -495.00037031948443  -58.80125685806706  109.64557053673417  -519.7913443034516  -449.41146631558524  
-187.7641829560147  -529.991475413622  -9.299095787018501  -631.8409949102169  86.87062313535576  -567.6806825500623  -153.91536553731086  9.847992046285043  -194.01808118912018  -349.54393687231686  -181.03773343704526  -762.5413483377234  -89.24388518230657  46.29415909700785  33.51189732056545  -196.69873983018775  -74.8749012136987  -208.51233559607593  -95.48339373371547  0.0  -464.0486248396958  -590.4837640531999  -154.28465059178254  14.162176803018696  -615.2747380371671  -544.8948600493007  
276.28444188368104  -65.9428505739262  454.74952905267725  -167.7923700705211  550.9192479750515  -103.63205771036655  310.1332593023849  473.8966168859808  270.03054365057557  114.50468796737886  283.0108914026505  -298.49272349802766  374.8047396573892  510.3427839367036  497.5605221602612  267.349885009508  389.173723625997  255.53628924361982  368.5652311059803  464.0486248396958  0.0  -126.43513921350416  309.7639742479132  478.21080164271444  -151.22611319747136  -80.84623520960497  
402.7195810971852  60.492288639577964  581.1846682661815  -41.35723085701693  677.3543871885556  22.803081503137605  436.56839851588904  600.3317560994849  396.4656828640797  240.93982718088301  409.44603061615464  -172.0575842845235  501.23987887089334  636.7779231502077  623.9956613737654  393.78502422301216  515.6088628395012  381.971428457124  495.00037031948443  590.4837640531999  126.43513921350416  0.0  436.19911346141737  604.6459408562187  -24.790973983967206  45.58890400389919  
-33.47953236423217  -375.7068248218394  144.98555480476404  -477.5563443184343  241.1552737271383  -413.39603195827976  0.3692850544716748  164.13264263806758  -39.733430597337644  -195.25928628053435  -26.753082845262725  -608.2566977459409  65.04076540947597  200.5788096887904  187.796547912348  -42.41408923840521  79.40974937808383  -54.22768500429339  58.80125685806706  154.28465059178254  -309.7639742479132  -436.19911346141737  0.0  168.44682739480123  -460.9900874453846  -390.6102094575182  
-201.9263597590334  -544.1536522166407  -23.461272590037197  -646.0031717132356  72.70844633233706  -581.8428593530809  -168.07754234032956  -4.314184756733653  -208.18025799213888  -363.7061136753356  -195.19991024006396  -776.7035251407422  -103.40606198532527  32.131982293989154  19.349720517546757  -210.86091663320644  -89.0370780167174  -222.67451239909462  -109.64557053673417  -14.162176803018696  -478.21080164271444  -604.6459408562187  -168.44682739480123  0.0  -629.4369148401859  -559.0570368523195  
427.5105550811524  85.28326262354517  605.9756422501487  -16.566256873049724  702.1453611725228  47.59405548710481  461.35937249985625  625.1227300834521  421.25665684804693  265.7308011648502  434.23700460012185  -147.2666103005563  526.0308528548605  661.5688971341749  648.7866353577326  418.57599820697936  540.3998368234684  406.7624024410912  519.7913443034516  615.2747380371671  151.22611319747136  24.790973983967206  460.9900874453846  629.4369148401859  0.0  70.3798779878664  
357.130677093286  14.903384635678776  535.5957642622823  -86.94613486091612  631.7654831846564  -22.785822500761583  390.97949451198986  554.7428520955857  350.87677886018054  195.35092317698383  363.85712661225546  -217.6464882884227  455.65097486699415  591.1890191463085  578.4067573698662  348.19612021911297  470.019958835602  336.3825244532248  449.41146631558524  544.8948600493007  80.84623520960497  -45.58890400389919  390.6102094575182  559.0570368523195  -70.3798779878664  0.0  



slope_matrix
0.0  -0.011279739369070773  0.003292713785405834  -0.0058990012214957775  0.0032424416303585652  -0.01232294841368951  0.002035406940391091  0.003954616269807879  -0.0006480723557622253  -0.003154216297841727  7.763676730112472e-05  -0.008038841473870052  0.0038665736959854055  0.0028401691791411546  0.00305629945133398  -0.00013309335430020916  0.0029012922575768697  -0.00040397493458063123  0.0030485890063527993  0.003546735605515956  -0.004315595780751032  -0.007081406384687625  0.00040404938889973655  0.0035184938100545986  -0.0072398061825766705  -0.0053728099457392205  
0.011305823999260233  0.0  0.017549456677674536  -0.0011539583677569356  0.008388002591057745  -0.007583341476144942  0.008168464593316922  0.021405212825531598  0.010611920221873081  0.0025526600444377573  0.0036206032576943004  -0.002786697099150407  0.008229043880345694  0.009956558992927259  0.012002201762176517  0.003845537505289422  0.006786707041454268  0.004074513812643169  0.021278554440739787  0.011597187645812296  0.0008579494226451151  -0.0008270753163737758  0.004293301620635806  0.010036031947927715  -0.001111906944244396  -0.00017994910209706322  
-0.003308585227456363  -0.017602852590486932  0.0  -0.006811925802858063  0.0020119188059074112  -0.019274476588299748  -0.0021809119250534212  0.0007322022115986059  -0.0038451079392610673  -0.00414780983890404  -0.0017971812227922431  -0.008799559025125058  -0.0010501088847404186  0.0018402269077797534  0.0012933834775705122  -0.001953483691853199  -0.0007384662773274798  -0.0022005218138634423  -0.002947479409941757  0.00029482564874349265  -0.005653276094637957  -0.00708580324875558  -0.0016726529165293498  0.0004952770232222334  -0.007033878216737457  -0.0058567060061485215  
0.005927346662496024  0.00116344934940879  0.006835110881897215  0.0  0.007328557337061003  0.0007750608516465679  0.007209510029610445  0.00613586715391568  0.006320527121713536  0.008259129843121707  0.028768555295033284  -0.02160336420289365  0.00766380098485749  0.005907563781195604  0.005503332441941955  0.014499908533156584  0.010060803715616295  0.009817454993370615  0.00755752573166833  0.009079479737177997  0.012364949894658887  0.0020047130808054743  0.025187570902871007  0.011612496345734956  0.0007810587870367621  0.007763047755438939  
-0.003252810684488576  -0.008342625857764673  -0.0020131823094489062  -0.007325569442927046  0.0  -0.009051891215519326  -0.00251106464357771  -0.00105597245803497  -0.003618767126056119  -0.0043510923231074045  -0.00285982447237832  -0.009180847076016851  -0.0016660155928262448  -0.0006962330823326682  -0.0007057099036475374  -0.002535944937985544  -0.0014113920100266531  -0.0026973149368224973  -0.0029023399151531315  -0.002658219802183469  -0.006106398226280774  -0.007025768978203045  -0.00285966173042972  -0.0016222321805519201  -0.006932714861498053  -0.00616597192255179  
0.012318952645721387  0.007613981239684921  0.0192213971347003  -0.0007681018108265738  0.009099710913033575  0.0  0.00915409993391043  0.023128901665852918  0.013875328680317198  0.00330710651421688  0.00415655718246632  -0.002474106980544199  0.008830505673085192  0.010722578443015546  0.012873502780955625  0.004527482825480529  0.007281409298705135  0.004842501644249513  0.029961756904590534  0.01318960693657208  0.001436720102457564  -0.0003333296521435113  0.004912608817091857  0.01144008767898311  -0.0006613040918035961  0.0002917892495935662  
-0.002041545079535817  -0.008196950956327618  0.0021792686821924707  -0.007174875461604029  0.002508187382006944  -0.009184579733912351  0.0  0.0024998222803174464  -0.002094136587561844  -0.005426590050901693  -0.00034785199496908335  -0.00968671488278736  0.005270699295436373  0.0021170511222831628  0.0021313084245835378  -0.0008245013353801674  0.003339267609785051  -0.0015115440215604946  0.001377138152335503  0.0023959428010166695  -0.0056030290202956565  -0.009057247744152383  -4.960108722135026e-06  0.0026448079046472  -0.009491038315158531  -0.006764234087852976  
-0.003924770109281028  -0.020755073720104072  -0.0007296908473057753  -0.006008830210003669  0.001054960020395435  -0.022471932863671103  -0.002476759794065274  0.0  -0.003953957975861234  -0.004029509237791254  -0.0017087613059111118  -0.0076565160624901705  -0.0013456257092421457  0.0008573551411602636  0.0008696767833252632  -0.0019315888926174148  -0.0009722618000916198  -0.002241892480927731  -0.00290249065252137  -0.0001814294776397392  -0.004974770280138366  -0.006550979442377617  -0.0015960000256521546  6.227171992975826e-05  -0.006565725554914947  -0.005401533111611238  
0.0006494183004263213  -0.010692978810455181  0.00385071889518661  -0.006293271722309856  0.003619233401938873  -0.014015851513913808  0.002073563373930161  0.0040473709199008384  0.0  -0.003388362868914961  0.00016038981529809614  -0.00864148452878254  0.0035930794241019757  0.0031545319018919404  0.0032337973068460152  -4.315290793734009e-05  0.0028482710967110084  -0.0002885002867626542  0.00409878067618156  0.004231583013939371  -0.004630947412975057  -0.0077495246845989  0.0005243952830584353  0.00413877252469461  -0.007897575119011003  -0.005774798862083287  
0.0031752650425181978  -0.0025570006878461817  0.004144778183521725  -0.008276079098150101  0.004352828246635475  -0.0033146443652597693  0.005495184588061967  0.004092369948970644  0.003404681604273133  0.0  0.003590586052317742  -0.012688092518138449  0.0070389413653328915  0.0036057396244245283  0.003543860062844688  0.008959272980195143  0.012805083247488028  0.014390979722065404  0.004322963129804346  0.004952450224884059  -0.003841150216953333  -0.015594810820769127  0.003986510540639737  0.006018635010348099  -0.020085472499232822  -0.008489827169795038  
-7.780739755892939e-05  -0.003622106518336897  0.0018028410418856472  -0.029140482318886333  0.0028668630986880797  -0.004156110384962023  0.000348522479789959  0.0017245074124431323  -0.00016064786821874902  -0.0035670237814409743  0.0  -0.03430699792924355  0.0011032914453694555  0.0019106571009997657  0.0017151621293277697  -0.00034957603556121623  0.0015516344961026974  -0.0004890459622468969  0.0010788693531315233  0.002453750792044528  -0.011911232803141856  -0.012563548039771544  0.0023633465411009476  0.003263121200937211  -0.012062139016670052  -0.013999889442564658  
0.008116028881413566  0.0027977607425902487  0.008811912173031176  0.02160336420289365  0.009184818030634506  0.0024772522983430093  0.009786399684848492  0.007820080392669924  0.008723695982025522  0.012633753792150704  0.03463392584280394  0.0  0.009891251111435535  0.007406850737948656  0.006949395422595276  0.017710253787403308  0.012765295101615457  0.013308407704579568  0.010237230733640391  0.01191470856777693  0.03846555715180769  0.009537560104463608  0.03356825042748018  0.015521653180270626  0.006780230676821192  0.016563659687094574  
-0.0038319835773515418  -0.008227507751191252  0.0010469459061719234  -0.007704062327529608  0.001661457625638324  -0.008769002884306373  -0.005287937886754235  0.001353714169789503  -0.003594312041400124  -0.00695803399331757  -0.0011164418420668777  -0.009999962322225112  0.0  0.001296146545656636  0.0012836534822008995  -0.0020270676221067945  0.0006332738637553048  -0.0033315209612784736  -0.00011900645720787532  0.0012020997465289139  -0.006177760666843402  -0.009782199041196201  -0.0007989284536233383  0.0014044012221285517  -0.010526933217027428  -0.0076259577383597345  
-0.002853674006986376  -0.009994547945033468  -0.001862420599129861  -0.005899854307925149  0.0006907807973842  -0.010762048056916218  -0.0021210882999715937  -0.0008456187250747751  -0.003157018395771519  -0.0036073826298124918  -0.0019085717736737422  -0.007396690541784997  -0.0013006241654286  0.0  -0.000685375966565276  -0.0019654690079931054  -0.0010366962723366406  -0.002155176306293528  -0.0024899464845578386  -0.0008627151767020341  -0.004767286470343141  -0.005803610276521429  -0.001819622517157518  -0.0004586941270501371  -0.005810830797570289  -0.004991422051032231  
-0.0030668895395229404  -0.012258067712294702  -0.0012844582390514237  -0.005502422198402104  0.0007056165804653572  -0.013166723168432494  -0.002131793253615518  -0.0008658582244522653  -0.003230124623930801  -0.0035616535024907705  -0.0017152992545379814  -0.0069548597384089545  -0.001286208953299162  0.0006962016218105881  0.0  -0.0018955021955418497  -0.0009922804955988663  -0.002087495540077983  -0.0024030419346922675  -0.0005249275124225098  -0.004552246314366525  -0.005802397795945411  -0.001616010222118131  -0.00024388354572153716  -0.0058098041152826845  -0.004934327103248277  
0.00013210937267740707  -0.0038419911882816623  0.0019563387379103385  -0.014661127192723352  0.002521288903401294  -0.0045247218285141425  0.0008183506942019297  0.0019858353223389364  4.313901900655884e-05  -0.00903874612904371  0.00035137999535881726  -0.01789508565804983  0.002033589224978826  0.0019678565846340374  0.0018902105833005164  0.0  0.003565227937269214  -0.000553330012453779  0.00139490009917824  0.002367012512998649  -0.008728367124045315  -0.021114478510617273  0.0009016600603402468  0.0029540615947493197  -0.032074789134634435  -0.018831591142191073  
-0.0028879325081175747  -0.006743466798043017  0.0007375526422976066  -0.01007901001984289  0.0014108995494509285  -0.007290026351129638  -0.003329421412115087  0.0009724850006885187  -0.0028571505989309705  -0.01258794847198067  -0.001559383552046806  -0.012805706650354277  -0.0006316036909278182  0.0010345718947293934  0.0009891111382940698  -0.0035341989734983766  0.0  -0.007627707441916508  -0.0003171513160975187  0.0009021072435385386  -0.007720169086014621  -0.014087673848073802  -0.001132322107202108  0.001138144931825609  -0.015718436207779768  -0.0106435679084149  
0.00040186234050089523  -0.004065239501992236  0.002196397351808792  -0.009831134679845354  0.0026946082715875908  -0.004832728026829741  0.0015048778957763248  0.0022667946397006227  0.000288730167469238  -0.01381308533557698  0.0004916714774343355  -0.013350096692569818  0.0033287315214560243  0.0021522636598790756  0.0020739008818906716  0.0005446563285333416  0.00761466862577648  0.0  0.0016799783273240257  0.0026330639676231333  -0.0065775106626414365  -0.015654566740046064  0.0009360898498928602  0.003190636371960089  -0.01833915249959834  -0.010525110277009536  
-0.0030576802260536525  -0.021436017843113293  0.002932436132926062  -0.007529939648694389  0.0029028019240539835  -0.030076260434162217  -0.001373254331459351  0.0030250254388282743  -0.004058265545939238  -0.004314154239066079  -0.0010818707600319902  -0.01019654470504445  0.00011914280220372166  0.002483839397875321  0.0023927896689720073  -0.001390110643947649  0.00031685874108266864  -0.0016844849755940454  0.0  0.0031254793366191644  -0.006116250101327253  -0.008403938308678706  -0.0008375054387988472  0.00296981501995488  -0.008246598408774279  -0.006553002527166201  
-0.0035676265049594284  -0.01172288156190272  -0.00029987409825922286  -0.009080784635099409  0.002661477424490066  -0.013313336832787579  -0.0024015504062616768  0.00017863217932677386  -0.004234353583350506  -0.004943345168608639  -0.002455081820410161  -0.011916570531922542  -0.0012074669893425325  0.0008678907237773542  0.0005308394950192532  -0.0023824944262377393  -0.000904286246542255  -0.0026270925487725328  -0.003117316151933251  0.0  -0.007522266572210987  -0.008793503559988085  -0.0023783667425895257  0.0006782651725583666  -0.008543109386797655  -0.0073704160699215576  
0.00430148593933802  -0.0008654939635117821  0.005656792250935157  -0.012364949894658887  0.006108429404313687  -0.0014507994807627857  0.005577835997596894  0.0050858190264647  0.0046096029984734645  0.003839862104875213  0.01195147345450382  -0.03846555715180769  0.006072662664572086  0.004807252983079507  0.004548500979616612  0.008601991152172072  0.007730904323122706  0.006565680607492801  0.006142753851766338  0.007519828631335209  0.0  -0.008215408655848223  0.013432956385425552  0.010014885898276742  -0.00793005313043898  -0.0058840054737703765  
0.0070479450664540635  0.0008265102970293478  0.007097918543571543  -0.002035296794144534  0.007035255371713291  0.00033323223006192614  0.008999369184636249  0.006637900885664362  0.007699857892097101  0.015201250926238676  0.012751355671633591  -0.009704319474592413  0.009563821386584494  0.00585699104267076  0.005784110838551417  0.020509636678281883  0.013924084872792362  0.015408286746959418  0.00843976011183926  0.008825045046378717  0.008384293051293379  0.0  0.012769294890556714  0.011096456980293974  -0.0034479796917895973  0.0045543360643255934  
-0.0004041469382451976  -0.0043016581729086265  0.001680797064743381  -0.024963739901643193  0.0028354529538758178  -0.004910274758977073  4.963442083731063e-06  0.0016140489983092494  -0.0005228770969514099  -0.003998756630770722  -0.0023633465411009476  -0.033679772854149546  0.0007889466934676852  0.0018237587373163581  0.0016176806608006547  -0.0008934925055488775  0.0011342629535506903  -0.0009386824477115006  0.0008364332412242826  0.0023816710495798477  -0.013415503432131364  -0.012761823097174293  0.0  0.003314577477268816  -0.012192279488108557  -0.013629107099006218  
-0.0035117627784179723  -0.010041587972257624  -0.0004986455385767736  -0.011614584173197332  0.001630965597405497  -0.011399742542184187  -0.0026307331717065198  -6.331354207123059e-05  -0.004110172911986947  -0.006031610508712033  -0.0032653046209445294  -0.015524755649425188  -0.0013977569881768758  0.0004609974361054957  0.00024440723149610655  -0.0029656950300029038  -0.0011382904374420532  -0.0032034888850394853  -0.0029514285474221847  -0.0006782651725583666  -0.010019082372568917  -0.011076130076135164  -0.0033588599679920486  0.0  -0.01039360823712328  -0.009322278420082031  
0.007245941611544956  0.0011117619948317712  0.007047785467139818  -0.0007788555182439927  0.006923827641973403  0.0006614879150396777  0.009481285912450807  0.006652364904580739  0.007896094786280167  0.019801102918394205  0.012028725889200051  -0.006780230676821192  0.0105122072912642  0.005820032348920788  0.0057937206790235184  0.031806686793843415  0.01561849239374186  0.018191520681623042  0.00828339539295711  0.008540737618505928  0.00793005313043898  0.0034966112812365594  0.012083619592277446  0.010434962116050826  0.0  0.006920341985040943  
0.005382527160411244  0.00018001430892231884  0.005880498070512542  -0.007653709054658109  0.006168982357041855  -0.0002920136165674943  0.006773609163250634  0.0055446561928594275  0.005780507065241854  0.00848245432813651  0.013861223870943065  -0.016364397615670878  0.007638742244207781  0.005039502000207214  0.004923406826379297  0.018462148473972057  0.010631530396643338  0.010521818093626048  0.006584686910310255  0.0073704160699215576  0.006001947677030807  -0.0044563933532648274  0.013600634034036147  0.009322278420082031  -0.006996011728416142  0.0  
