Height_Data

node	height
0	21.898128193266515
1	13.262262289667348
2	15.973738496207991
3	20.611134699330943
4	33.34760990059123
5	4.8799686546930605
6	34.2095523618266
7	7.411738710909286
8	31.729314347259788
9	42.65171583119547
10	24.876154667422618
11	41.17167551513391
12	11.570696032209641
13	43.52047115410945
14	21.09889569914263
15	52.604202486762205
16	38.65605756472634
17	33.336736763233844
18	26.39660598254179
19	10.625854540493789
20	26.58643201499512
21	22.292264058873837
22	27.70808671098109
23	38.41998379883166
24	23.09522180827734
25	38.552838762418176



height_matrix
0.0  569.9671496375452  391.0097200058626  84.94157059974782  -755.6657926834309  1123.198529545848  -812.5539951249657  956.1017058355771  -648.8582861635559  -1369.7367841033106  -196.54974729430273  -1272.0541232432483  681.6105226297537  -1427.0746354156336  52.7493446121764  -2026.6009033707155  -1106.0233385163483  -754.9481656178436  -296.8995340921681  743.970061083  -309.4280522340878  -26.012967130083098  -383.4572621691618  -1090.4424699672995  -79.00817859071435  -1099.2108975640094  
-569.9671496375452  0.0  -178.95742963168254  -485.02557903779734  -1325.632942320976  553.2313799083029  -1382.5211447625109  386.13455619803204  -1218.825435801101  -1939.7039337408557  -766.5168969318479  -1842.0212728807935  111.64337299220858  -1997.0417850531787  -517.2178050253688  -2596.568053008261  -1675.9904881538935  -1324.9153152553888  -866.8666837297133  174.00291144545486  -879.3952018716329  -595.9801167676283  -953.424411806707  -1660.4096196048447  -648.9753282282595  -1669.1780472015546  
-391.0097200058626  178.95742963168254  0.0  -306.0681494061148  -1146.6755126892936  732.1888095399854  -1203.5637151308283  565.0919858297145  -1039.8680061694185  -1760.7465041091732  -587.5594673001654  -1663.063843249111  290.6008026238911  -1818.0843554214962  -338.2603753936862  -2417.610623376578  -1497.033058522211  -1145.9578856237063  -687.9092540980307  352.9603410771374  -700.4377722399504  -417.0226871359457  -774.4669821750244  -1481.4521899731621  -470.01789859657697  -1490.220617569872  
-84.94157059974782  485.02557903779734  306.0681494061148  0.0  -840.6073632831788  1038.2569589461002  -897.4955657247135  871.1601352358293  -733.7998567633038  -1454.6783547030584  -281.49131789405055  -1356.9956938429962  596.6689520300059  -1512.0162060153814  -32.19222598757142  -2111.542473970463  -1190.9649091160961  -839.8897362175915  -381.8411046919159  659.0284904832522  -394.3696228338356  -110.95453772983092  -468.39883276890964  -1175.3840405670474  -163.94974919046217  -1184.1524681637572  
755.6657926834309  1325.632942320976  1146.6755126892936  840.6073632831788  0.0  1878.864322229279  -56.88820244153476  1711.767498519008  106.807506519875  -614.0709914198796  559.1160453891282  -516.3883305598174  1437.2763153131846  -671.4088427322026  808.4151372956073  -1270.9351106872846  -350.35754583291737  0.717627065587294  458.76625859126284  1499.635853766431  446.23774044934316  729.6528255533478  372.2085305142691  -334.7766772838686  676.6576140927166  -343.5451048805785  
-1123.198529545848  -553.2313799083029  -732.1888095399854  -1038.2569589461002  -1878.864322229279  0.0  -1935.7525246708137  -167.09682371027083  -1772.056815709404  -2492.9353136491586  -1319.7482768401508  -2395.2526527890964  -441.5880069160943  -2550.2731649614816  -1070.4491849336716  -3149.7994329165635  -2229.2218680621963  -1878.1466951636917  -1420.0980636380161  -379.228468462848  -1432.6265817799358  -1149.2114966759311  -1506.6557917150099  -2213.6409995131476  -1202.2067081365624  -2222.4094271098575  
812.5539951249657  1382.5211447625109  1203.5637151308283  897.4955657247135  56.88820244153476  1935.7525246708137  0.0  1768.6557009605428  163.69570896140976  -557.1827889783449  616.004247830663  -459.50012811828265  1494.1645177547193  -614.5206402906679  865.3033397371421  -1214.0469082457498  -293.4693433913826  57.60582950712205  515.6544610327976  1556.5240562079657  503.1259428908779  786.5410279948826  429.0967329558039  -277.88847484233384  733.5458165342513  -286.65690243904373  
-956.1017058355771  -386.13455619803204  -565.0919858297145  -871.1601352358293  -1711.767498519008  167.09682371027083  -1768.6557009605428  0.0  -1604.959991999133  -2325.838489938888  -1152.6514531298799  -2228.1558290788257  -274.49118320582346  -2383.176341251211  -903.3523612234007  -2982.702609206293  -2062.1250443519257  -1711.0498714534208  -1253.0012399277452  -212.1316447525772  -1265.529758069665  -982.1146729656602  -1339.558968004739  -2046.5441758028767  -1035.1098844262915  -2055.312603399587  
648.8582861635559  1218.825435801101  1039.8680061694185  733.7998567633038  -106.807506519875  1772.056815709404  -163.69570896140976  1604.959991999133  0.0  -720.8784979397547  452.3085388692532  -623.1958370796924  1330.4688087933096  -778.2163492520776  701.6076307757323  -1377.7426172071596  -457.1650523527924  -106.08987945428771  351.95875207138783  1392.828347246556  339.43023392946816  622.8453190334728  265.4010239943941  -441.5841838037436  569.8501075728416  -450.3526114004535  
1369.7367841033106  1939.7039337408557  1760.7465041091732  1454.6783547030584  614.0709914198796  2492.9353136491586  557.1827889783449  2325.838489938888  720.8784979397547  0.0  1173.1870368090079  97.68266086006224  2051.347306733064  -57.33785131232298  1422.486128715487  -656.8641192674049  263.7134455869623  614.7886184854669  1072.8372500111425  2113.7068451863106  1060.3087318692228  1343.7238169732275  986.2795219341488  279.29431413601105  1290.7286055125962  270.52588653930115  
196.54974729430273  766.5168969318479  587.5594673001654  281.49131789405055  -559.1160453891282  1319.7482768401508  -616.004247830663  1152.6514531298799  -452.3085388692532  -1173.1870368090079  0.0  -1075.5043759489456  878.1602699240565  -1230.5248881213308  249.29909190647913  -1830.0511560764128  -909.4735912220456  -558.3984183235409  -100.34978679786536  940.5198083773028  -112.87830493978504  170.53678016421964  -186.9075148748591  -893.8927226729968  117.54156870358838  -902.6611502697067  
1272.0541232432483  1842.0212728807935  1663.063843249111  1356.9956938429962  516.3883305598174  2395.2526527890964  459.50012811828265  2228.1558290788257  623.1958370796924  -97.68266086006224  1075.5043759489456  0.0  1953.664645873002  -155.02051217238522  1324.8034678554247  -754.5467801274672  166.03078472690004  517.1059576254047  975.1545891510802  2016.0241843262484  962.6260710091606  1246.0411561131652  888.5968610740865  181.6116532759488  1193.045944652534  172.8432256792389  
-681.6105226297537  -111.64337299220858  -290.6008026238911  -596.6689520300059  -1437.2763153131846  441.5880069160943  -1494.1645177547193  274.49118320582346  -1330.4688087933096  -2051.347306733064  -878.1602699240565  -1953.664645873002  0.0  -2108.685158045387  -628.8611780175773  -2708.211426000469  -1787.633861146102  -1436.5586882475973  -978.5100567219218  62.35953845324627  -991.0385748638415  -707.6234897598368  -1065.0677847989155  -1772.0529925970532  -760.6187012204681  -1780.821420193763  
1427.0746354156336  1997.0417850531787  1818.0843554214962  1512.0162060153814  671.4088427322026  2550.2731649614816  614.5206402906679  2383.176341251211  778.2163492520776  57.33785131232298  1230.5248881213308  155.02051217238522  2108.685158045387  0.0  1479.82398002781  -599.526267955082  321.05129689928526  672.1264697977899  1130.1751013234655  2171.0446964986336  1117.6465831815458  1401.0616682855505  1043.6173732464717  336.63216544833404  1348.0664568249192  327.86373785162414  
-52.7493446121764  517.2178050253688  338.2603753936862  32.19222598757142  -808.4151372956073  1070.4491849336716  -865.3033397371421  903.3523612234007  -701.6076307757323  -1422.486128715487  -249.29909190647913  -1324.8034678554247  628.8611780175773  -1479.82398002781  0.0  -2079.350247982892  -1158.7726831285247  -807.69751023002  -349.6488787043445  691.2207164708236  -362.1773968462642  -78.7623117422595  -436.2066067813382  -1143.191814579476  -131.75752320289075  -1151.9602421761858  
2026.6009033707155  2596.568053008261  2417.610623376578  2111.542473970463  1270.9351106872846  3149.7994329165635  1214.0469082457498  2982.702609206293  1377.7426172071596  656.8641192674049  1830.0511560764128  754.5467801274672  2708.211426000469  599.526267955082  2079.350247982892  0.0  920.5775648543672  1271.6527377528719  1729.7013692785474  2770.5709644537155  1717.1728511366277  2000.5879362406324  1643.1436412015537  936.158433403416  1947.5927247800012  927.3900058067061  
1106.0233385163483  1675.9904881538935  1497.033058522211  1190.9649091160961  350.35754583291737  2229.2218680621963  293.4693433913826  2062.1250443519257  457.1650523527924  -263.7134455869623  909.4735912220456  -166.03078472690004  1787.633861146102  -321.05129689928526  1158.7726831285247  -920.5775648543672  0.0  351.07517289850466  809.1238044241802  1849.9933995993483  796.5952862822605  1080.0103713862652  722.5660763471865  15.580868549048773  1027.015159925634  6.812440952338875  
754.9481656178436  1324.9153152553888  1145.9578856237063  839.8897362175915  -0.717627065587294  1878.1466951636917  -57.60582950712205  1711.0498714534208  106.08987945428771  -614.7886184854669  558.3984183235409  -517.1059576254047  1436.5586882475973  -672.1264697977899  807.69751023002  -1271.6527377528719  -351.07517289850466  0.0  458.04863152567555  1498.9182267008437  445.52011338375587  728.9351984877605  371.4909034486818  -335.4943043494559  675.9399870271293  -344.2627319461658  
296.8995340921681  866.8666837297133  687.9092540980307  381.8411046919159  -458.76625859126284  1420.0980636380161  -515.6544610327976  1253.0012399277452  -351.95875207138783  -1072.8372500111425  100.34978679786536  -975.1545891510802  978.5100567219218  -1130.1751013234655  349.6488787043445  -1729.7013692785474  -809.1238044241802  -458.04863152567555  0.0  1040.8695951751681  -12.528518141919676  270.886566962085  -86.55772807699373  -793.5429358751314  217.89135550145375  -802.3113634718413  
-743.970061083  -174.00291144545486  -352.9603410771374  -659.0284904832522  -1499.635853766431  379.228468462848  -1556.5240562079657  212.1316447525772  -1392.828347246556  -2113.7068451863106  -940.5198083773028  -2016.0241843262484  -62.35953845324627  -2171.0446964986336  -691.2207164708236  -2770.5709644537155  -1849.9933995993483  -1498.9182267008437  -1040.8695951751681  0.0  -1053.3981133170878  -769.9830282130831  -1127.4273232521618  -1834.4125310502995  -822.9782396737144  -1843.1809586470094  
309.4280522340878  879.3952018716329  700.4377722399504  394.3696228338356  -446.23774044934316  1432.6265817799358  -503.1259428908779  1265.529758069665  -339.43023392946816  -1060.3087318692228  112.87830493978504  -962.6260710091606  991.0385748638415  -1117.6465831815458  362.1773968462642  -1717.1728511366277  -796.5952862822605  -445.52011338375587  12.528518141919676  1053.3981133170878  0.0  283.4150851040047  -74.02920993507405  -781.0144177332118  230.41987364337342  -789.7828453299217  
26.012967130083098  595.9801167676283  417.0226871359457  110.95453772983092  -729.6528255533478  1149.2114966759311  -786.5410279948826  982.1146729656602  -622.8453190334728  -1343.7238169732275  -170.53678016421964  -1246.0411561131652  707.6234897598368  -1401.0616682855505  78.7623117422595  -2000.5879362406324  -1080.0103713862652  -728.9351984877605  -270.886566962085  769.9830282130831  -283.4150851040047  0.0  -357.4442950390787  -1064.4295028372164  -52.99521146063125  -1073.1979304339263  
383.4572621691618  953.424411806707  774.4669821750244  468.39883276890964  -372.2085305142691  1506.6557917150099  -429.0967329558039  1339.558968004739  -265.4010239943941  -986.2795219341488  186.9075148748591  -888.5968610740865  1065.0677847989155  -1043.6173732464717  436.2066067813382  -1643.1436412015537  -722.5660763471865  -371.4909034486818  86.55772807699373  1127.4273232521618  74.02920993507405  357.4442950390787  0.0  -706.9852077981377  304.44908357844747  -715.7536353948476  
1090.4424699672995  1660.4096196048447  1481.4521899731621  1175.3840405670474  334.7766772838686  2213.6409995131476  277.88847484233384  2046.5441758028767  441.5841838037436  -279.29431413601105  893.8927226729968  -181.6116532759488  1772.0529925970532  -336.63216544833404  1143.191814579476  -936.158433403416  -15.580868549048773  335.4943043494559  793.5429358751314  1834.4125310502995  781.0144177332118  1064.4295028372164  706.9852077981377  0.0  1011.4342913765852  -8.768427596709898  
79.00817859071435  648.9753282282595  470.01789859657697  163.94974919046217  -676.6576140927166  1202.2067081365624  -733.5458165342513  1035.1098844262915  -569.8501075728416  -1290.7286055125962  -117.54156870358838  -1193.045944652534  760.6187012204681  -1348.0664568249192  131.75752320289075  -1947.5927247800012  -1027.015159925634  -675.9399870271293  -217.89135550145375  822.9782396737144  -230.41987364337342  52.99521146063125  -304.44908357844747  -1011.4342913765852  0.0  -1020.2027189732951  
1099.2108975640094  1669.1780472015546  1490.220617569872  1184.1524681637572  343.5451048805785  2222.4094271098575  286.65690243904373  2055.312603399587  450.3526114004535  -270.52588653930115  902.6611502697067  -172.8432256792389  1780.821420193763  -327.86373785162414  1151.9602421761858  -927.3900058067061  -6.812440952338875  344.2627319461658  802.3113634718413  1843.1809586470094  789.7828453299217  1073.1979304339263  715.7536353948476  8.768427596709898  1020.2027189732951  0.0  



slope_matrix
0.0  0.011686839238005847  0.00993924046786636  0.003821033315328287  -0.011735763203656328  0.011423906931914647  -0.019453052313262286  0.010203860254381827  -0.009776379179803464  -0.02070339758318184  -0.0019722029630172863  -0.01695846051517462  0.011709509064245898  -0.018519006428959688  0.0006870193359231102  -0.034512958163670227  -0.01698960581438323  -0.00877948791275548  -0.008686352665072209  0.007559134942928267  -0.0033411948195020817  -0.0006532638656474911  -0.007489399651741442  -0.019690185445418916  -0.0009762532879119529  -0.022762702372416843  
-0.011694032614639827  0.0  -0.0033550324265407302  -0.01502557555879174  -0.012019520739151112  0.0055657080473672325  -0.018150467963273086  0.0029484923350491144  -0.01087557272955386  -0.023116481155295625  -0.008478231356396946  -0.026194841764516405  0.0037127826069906413  -0.01620975474880827  -0.00444803753891786  -0.03226351954533127  -0.027975137508828133  -0.01002736180470286  -0.010852111714192704  0.0012056742755366884  -0.011363163223564194  -0.007474979515460031  -0.009818994972262688  -0.0190983393099246  -0.0072511209857906095  -0.02440675606377474  
-0.010018183961205806  0.003350635267397164  0.0  -0.01084578842686445  -0.015972635641305105  0.01146553099812066  -0.016939672274888507  0.007136802043820592  -0.01188556413498021  -0.017440040650843633  -0.004358749757419624  -0.015098173792547534  0.007687851921266961  -0.020432505680169657  -0.003372486295051707  -0.027039599858814205  -0.015115438797679836  -0.01192712204021343  -0.011922170781594986  0.00350471989948503  -0.005482878843365561  -0.012087614119882484  -0.01415844574360191  -0.017498844672491874  -0.003986242885222432  -0.017281927607211783  
-0.003819315224808805  0.015034890856720315  0.010868897351069417  0.0  -0.01062311845422948  0.011701306874181226  -0.014147155827943151  0.008503271207767978  -0.008791180744738274  -0.018469760725026135  -0.0026273223622741326  -0.016597305453069915  0.015839366924077673  -0.016064770569649185  -0.0003429082444351451  -0.028933166264325336  -0.016691869784388174  -0.008175700732187204  -0.007446199389467939  0.005823864355631426  -0.003989172798238272  -0.002284425318711775  -0.007103409656792685  -0.015838620678709708  -0.0017967095801694484  -0.019447404633991743  
0.011672316847133626  0.011999936112256505  0.016039663067412134  0.01058432842209996  0.0  0.01641646415228728  -0.0009855890928886827  0.026416165100601977  0.004262071289699721  -0.007028396376558083  0.0038957361022096447  -0.004344143438713026  0.01318481162565989  -0.035524277393238234  0.017430253068038106  -0.016762531135416574  -0.0031223379897773584  2.7601040984126695e-05  0.013747865106121152  0.033053468233776306  0.003193800031844712  0.0189520214429441  0.020828681058436996  -0.005533498798080473  0.006381756239674777  -0.004226166870224856  
-0.011451861027180344  -0.005564588411871885  -0.011456560937881168  -0.011681558944038032  -0.016400701136777922  0.0  -0.015111260926391989  -0.0020910627419630937  -0.01330672685822185  -0.01569166811637917  -0.006871183822773732  -0.014354864274176534  -0.006076620433687826  -0.019356912068018834  -0.007083438227459447  -0.021380664084418705  -0.014397867777964195  -0.013526443609389208  -0.012993851803806534  -0.002946585251574176  -0.008001265466517374  -0.014570958497222406  -0.01569433116369802  -0.015620923008349077  -0.006719992778851662  -0.015512036205136158  
0.01947169890067016  0.018160004528602534  0.016825999093119368  0.014133788436609661  0.0009850770985547145  0.01505602025877587  0.0  0.016470997401383337  0.003558602368726299  -0.014957927220895164  0.006905877217832544  -0.007118514765581451  0.01614614780370347  -0.010192745733797776  0.01963029355120558  -0.047239179309173145  -0.004997774921515372  0.0007999698584519102  0.019894076428734475  0.015560572390362548  0.005834697238674219  0.014701701457848272  0.007609447294836032  -0.01758787815457809  0.013120118342590794  -0.011162651964137217  
-0.010187551474007215  -0.0029455683591275614  -0.007096471001252223  -0.008489184712880815  -0.026097995098627962  0.0020887102963783855  -0.016457203879785456  0.0  -0.01831100960637916  -0.0165965355354566  -0.00629279605355615  -0.014055991856414495  -0.0024033900989915372  -0.030041300154433518  -0.008455188704824044  -0.02319544761805967  -0.013876085353286627  -0.023188099626689534  -0.014608852045327565  -0.003908819693248152  -0.007185610709003321  -0.0179611315465556  -0.02367130178485137  -0.017000699250729993  -0.006549255833130601  -0.01639005265868889  
0.009801336628805545  0.010896866686941566  0.011876062199285274  0.008716929672530663  -0.004221640573908103  0.013074918769207074  -0.003567132468106554  0.018471170353310314  0.0  -0.010240915131545554  0.0035059959605399055  -0.005971596752392607  0.011012811820060338  -0.045377046603619686  0.031448123297881325  -0.022836774692643124  -0.004639856412796025  -0.0037342442609745764  0.010524767562913425  0.022483104878879032  0.002693035813467694  0.011384487644552601  0.006729234888295996  -0.00983264715661865  0.006320992408075712  -0.006681789486653613  
0.020715922324611474  0.023108219367892015  0.017429682281817196  0.018474452053632948  0.007048565098942604  0.015361843429909592  0.014986088998879637  0.01664999992797543  0.010229434773733233  0.0  0.019179124355223277  0.0025692441046833835  0.018641833031016578  -0.0006920515052421545  0.025437877838259782  -0.054196709510511955  0.006181749779347451  0.006548524940728435  0.01737388259127356  0.016558352749555905  0.017221191032470728  0.015659291655672154  0.010694854933139762  0.009921645262380499  0.06377117616168954  0.013951824989133634  
0.0019700285385817655  0.008457650854373253  0.004351647661829102  0.002631005868717175  -0.0038900441479797414  0.006859398528275212  -0.006915956526671864  0.006290392125790656  -0.0034919210906296087  -0.01923888220414903  0.0  -0.041461232688856806  0.007303395458450237  -0.008611572993039013  0.002149871437620551  -0.025965538536839  -0.02542559662348464  -0.003624269291782679  -0.0008882870390180169  0.005098220990770288  -0.008480714120194218  0.0013183115349738686  -0.0013622996710995561  -0.010313750117376218  0.002875282991770753  -0.014119523702013245  
0.017072260411263567  0.026194841764516405  0.015151820729310414  0.016607461679635248  0.004358810927321832  0.014430971519394483  0.007201067671497926  0.014104037403967753  0.0059767510988749635  -0.002611835851873322  0.04154130459439728  0.0  0.01928021953886314  -0.0013075279366766635  0.014285135517095371  -0.016536199432992924  0.01582752952591993  0.0039691891128753815  0.011117940818049028  0.012661877806344984  0.03884689552095079  0.011969655678320512  0.007938153127336846  0.0029406031942349224  0.04302365469356415  0.004469698103936874  
-0.011707497812259597  -0.0036748970701846145  -0.007665544780371699  -0.015860418714247898  -0.013142614441415366  0.006109407954013479  -0.016149638108027664  0.0024050747674215674  -0.011086316213593114  -0.018687686132213395  -0.007298539477427331  -0.019223306561773117  0.0  -0.016662861778312027  -0.004821815503891868  -0.02604299861525598  -0.019798802316381682  -0.010748662089394668  -0.011142223374196332  0.0004509657105383734  -0.009236147016438412  -0.0098185582039661  -0.011542947705634719  -0.017156094419566784  -0.006464547860109367  -0.01979570275893467  
0.018428133205263864  0.016196608151282876  0.020379826873909834  0.01594281111361642  0.0347340322158408  0.01929540111191255  0.010189365615829346  0.030428707115056318  0.044292336326242326  0.0006909590074150486  0.008591071108762163  0.0013051061809427954  0.016639194808217368  0.0  0.045213076077843264  -0.007955286058691143  0.002842419627262375  0.05734867489742235  0.025176544916985198  0.048460819118273074  0.007957045302445863  0.024921054220660804  0.0293233316450259  0.00561596485683384  0.013120762064811414  0.004006644725059564  
-0.0006882653489930507  0.004438494851329003  0.0033694292854308276  0.00034022284680537533  -0.017434012018451742  0.0070786604127287805  -0.019423195055828107  0.008546379954809846  -0.03186229022596423  -0.02549669532210369  -0.002148370764699366  -0.014194677736822972  0.004791286756044353  -0.045144111654295604  0.0  -0.0421432964731028  -0.012998011027801735  -0.019401813841701178  -0.007968115555806487  0.009116481139404962  -0.003104555090401716  -0.0010862268892878155  -0.007488525438306235  -0.03370258887321568  -0.0017439547220141462  -0.01947852962759868  
0.03451883671215663  0.03227153931156178  0.02689222050474503  0.028956973038541733  0.016749276630038015  0.020837381552891047  0.04680211674039128  0.023199055838891598  0.02278390304625698  0.054196709510511955  0.02591773340994778  0.01630747309547152  0.02598303200614477  0.007981870404535713  0.0421432964731028  0.0  0.02071972912118765  0.014762456179436875  0.03424473112806469  0.02363363443191773  0.024499541320254354  0.0267852180511532  0.020290734023234794  0.057117659146029044  0.0632746174392463  0.0643127604581627  
0.017018361879002127  0.027975137508828133  0.01513224561328425  0.0167035751629186  0.0031201135081745245  0.014428620505256935  0.005008864027844045  0.013890105377555743  0.004615497752173573  -0.006183199193129245  0.02531237381636642  -0.015842632130429392  0.019864805657807554  -0.002832638935056337  0.012948627591111015  -0.02059918471368018  0.0  0.002807253901315406  0.010056224265774051  0.012358005341345011  0.02870613644260398  0.011419014288287854  0.007054931423034432  0.0002755724893712199  0.02826128673433225  0.00020366041711028027  
0.008766235086133809  0.010038758260762152  0.011949508713490159  0.008232598865100877  -2.7579825733562416e-05  0.01352546950283517  -0.0008003032718410955  0.023442250602184144  0.0037120321712486954  -0.00654845518875054  0.0036228349433511378  -0.003964016539865119  0.010767191487390176  -0.05657630217153114  0.019434492546439367  -0.014741748832079848  -0.0028171655665102284  0.0  0.008550469134322858  0.04224684968153449  0.0029285486977174515  0.01158695276566143  0.00878644520928765  -0.004735810738678409  0.005947924527046358  -0.00368234818639604  
0.008635821235956024  0.010808811517826849  0.011895370121010388  0.007334635126621512  -0.013839102823265847  0.012956980900156168  -0.01991712866098098  0.014608852045327565  -0.010503096152533208  -0.01735140304077539  0.0008881298061586456  -0.011038652809045509  0.01103292430625687  -0.02531754259237154  0.007961040043359392  -0.03440137965947787  -0.010035021758950517  -0.008550469134322858  0.0  0.013799146164326767  -0.00011585461570112517  0.008494404733837724  -0.002508192642045602  -0.020713728422739008  0.0027070611939551963  -0.016218139548652543  
-0.007569902941422467  -0.0012082696440903747  -0.00350715760211782  -0.005834175730198762  -0.03324397813714101  0.0029413060253687838  -0.015579261897787666  0.003945167281989533  -0.02254132298505512  -0.016571204481167126  -0.005118196606319671  -0.012670631539980192  -0.0004513574005012035  -0.048417589127980235  -0.009125025960010873  -0.02369629630904649  -0.012399419568360243  -0.0425829041676376  -0.013775404912323558  0.0  -0.005961168656652639  -0.011381862944761022  -0.023366369393827188  -0.01805524144734547  -0.005593544754120263  -0.014982774822362294  
0.0033451681322604083  0.011335333873055336  0.005482878843365561  0.003991191406070596  -0.0031919723923415104  0.007987881693782747  -0.005843506886072915  0.007191735853098056  -0.0026819708749167837  -0.01722958615322104  0.008461642049459149  -0.038505042840366425  0.009245625290268136  -0.007935013015133446  0.003098711471990624  -0.024548575427257007  -0.02870613644260398  -0.0029201029913073074  0.00011603703011873368  0.005944349152514462  0.0  0.002321361987910596  -0.0005697622561000081  -0.00929225958040704  0.005315337338947484  -0.01295575533677693  
0.0006527720735278067  0.007480608971603217  0.012087614119882484  0.002282076053678135  -0.0187523213968992  0.014598723280944246  -0.014709950027957408  0.01800063550157002  -0.011390733705806014  -0.015599301334725186  -0.0013202506786732186  -0.011921557176742875  0.009825374753677268  -0.024974361288512485  0.0010862268892878155  -0.026821127982848  -0.011415393419155113  -0.011533784786198743  -0.008526489359838999  0.011351658974098233  -0.002320791722109439  0.0  -0.016381498397757963  -0.01603539473993999  -0.0005093244734323042  -0.015030783339410733  
0.007467522145455927  0.009821017838964843  0.01407354138061102  0.00709372759001832  -0.020598147787175933  0.015705783297352338  -0.00758255403703488  0.02373841871353427  -0.0067394876585676515  -0.01065902433734085  0.0013659834456980129  -0.007921170093368573  0.01150802576768142  -0.02959777008640022  0.007447611520937992  -0.020290734023234794  -0.007065278931721781  -0.008769851356201177  0.002510374944228356  0.023318041845959914  0.0005704207885273081  0.016217980718651485  0.0  -0.010231334410971602  0.0027395760242818995  -0.009120204324603053  
0.019690185445418916  0.019153415845020703  0.017392019135632333  0.015872843221702192  0.005513449889391776  0.015346822328693974  0.017543464320854407  0.017083006475817  0.009874422714752765  -0.009949922128108694  0.010316130671355993  -0.0029292202141282067  0.017189378141401233  -0.005670931511401999  0.03403369498599214  -0.057222398129793156  -0.00027738772563732907  0.004766153405257148  0.020757073917738202  0.01797210278289703  0.009333346292222894  0.016045063352987887  0.010278935850510871  0.0  0.021644217662670343  -0.0003350564614715284  
0.0009736066369773796  0.007251931257439485  0.003983202530479466  0.0017967095801694484  -0.006382960231041568  0.006717364408205634  -0.013082679089250069  0.00654511466598983  -0.006295921021454205  -0.06259595565046538  -0.0028364278162062834  -0.042186914591673765  0.006457413203331931  -0.013101761622136991  0.0017345645498010895  -0.06280531198903583  -0.02827684911689521  -0.005933357797678493  -0.0027020257378652496  0.005584814330033349  -0.005240388302100828  0.0005082498461746548  -0.002740069152897556  -0.021501579323481828  0.0  -0.029639823328683763  
0.022871637485726373  0.024467576182960343  0.017249920333023173  0.01951470778120892  0.004226686821857511  0.015201158872160447  0.01121944823636179  0.016434612213334292  0.006671890539265978  -0.013937449074667757  0.014119523702013245  -0.0044002857861313366  0.01984865604317614  -0.004008604204079033  0.019462075387332082  -0.06274627914795035  -0.00020366041711028027  0.0036815606025683433  0.016224698957974546  0.014979121971938313  0.01295575533677693  0.015075121933332299  0.009051007023202422  0.00033416263706973696  0.02984794379676112  0.0  
