Height_Data

node	height
0	90.89948746046193
1	50.196590942765695
2	25.577270286010986
3	97.0208255854971
4	66.41344615253762
5	203.20037449854212
6	85.70986485990571
7	27.244977706997748
8	88.48098939281248
9	65.33238343498972
10	173.45529947837966
11	83.94342271001112
12	64.93041507966582
13	57.63334166230058
14	157.34381703822734
15	169.36587970692474
16	65.74949455939361
17	17.557647115554776
18	95.46780102777633
19	6.641909083501509
20	182.81147500176863
21	77.65838645715563
22	21.896093834479352
23	64.73114606301942
24	154.71168981398256
25	154.18106801391951



height_matrix
0.0  244.2173791061773  391.9333030467056  -36.728028750211024  146.91624784754583  -673.8053222284811  31.137735603337205  381.927058520785  14.510988405896683  153.40262415283314  -495.3348721075065  41.73638850270481  155.81443428477655  199.59687478896802  -398.6659774665925  -470.798353478777  150.89995740640984  440.0510420694428  -27.409881403886516  505.54547026176243  -551.4719252478403  79.44660601983776  414.0203617558954  157.01004838465497  -382.87321412112385  -379.6894833207456  
-244.2173791061773  0.0  147.71592394052828  -280.94540785638833  -97.30113125863147  -918.0227013346584  -213.0796435028401  137.7096794146077  -229.70639070028062  -90.81475495334416  -739.5522512136838  -202.4809906034725  -88.40294482140075  -44.62050431720928  -642.8833565727698  -715.0157325849543  -93.31742169976746  195.83366296326554  -271.6272605100638  261.3280911555851  -795.6893043540176  -164.77077308633955  169.8029826497181  -87.20733072152234  -627.0905932273012  -623.9068624269229  
-391.9333030467056  -147.71592394052828  0.0  -428.6613317969166  -245.01705519915976  -1065.7386252751867  -360.7955674433684  -10.006244525920579  -377.4223146408089  -238.53067889387245  -887.268175154212  -350.1969145440008  -236.11886876192904  -192.33642825773757  -790.599280513298  -862.7316565254825  -241.03334564029575  48.117739022737254  -419.3431844505921  113.61216721505687  -943.4052282945459  -312.48669702686783  22.08705870918982  -234.92325466205062  -774.8065171678295  -771.6227863674512  
36.728028750211024  280.94540785638833  428.6613317969166  0.0  183.64427659775686  -637.0772934782701  67.86576435354823  418.65508727099603  51.23901715610771  190.13065290304417  -458.6068433572955  78.46441725291584  192.54246303498758  236.32490353917905  -361.93794871638147  -434.070324728566  187.62798615662086  476.77907081965384  9.318147346324508  542.2734990119735  -514.7438964976293  116.17463477004878  450.74839050610643  193.738077134866  -346.1451853709128  -342.96145457053456  
-146.91624784754583  97.30113125863147  245.01705519915976  -183.64427659775686  0.0  -820.721570076027  -115.77851224420863  235.01081067323918  -132.40525944164915  6.486376305287308  -642.2511199550523  -105.17985934484102  8.89818643723072  52.68062694142219  -545.5822253141383  -617.7146013263228  3.983709558864007  293.134794221897  -174.32612925143235  358.6292224142166  -698.3881730953862  -67.46964182770807  267.1041139083496  10.093800537109132  -529.7894619686697  -526.6057311682914  
673.8053222284811  918.0227013346584  1065.7386252751867  637.0772934782701  820.721570076027  0.0  704.9430578318184  1055.7323807492662  688.3163106343778  827.2079463813143  178.47045012097465  715.541710731186  829.6197565132577  873.4021970174492  275.13934476188865  203.00696874970413  824.705279634891  1113.856364297924  646.3954408245946  1179.3507924902435  122.33339698064083  753.2519282483189  1087.8256839843766  830.8153706131361  290.9321081073573  294.11583890773557  
-31.137735603337205  213.0796435028401  360.7955674433684  -67.86576435354823  115.77851224420863  -704.9430578318184  0.0  350.7893229174478  -16.626747197440523  122.26488854949594  -526.4726077108437  10.598652899367607  124.67669868143935  168.45913918563082  -429.8037130699297  -501.9360890821142  119.76222180307263  408.9133064661056  -58.54761700722372  474.4077346584252  -582.6096608511775  48.308870416500554  382.8826261525582  125.87231278131776  -414.01094972446106  -410.8272189240828  
-381.927058520785  -137.7096794146077  10.006244525920579  -418.65508727099603  -235.01081067323918  -1055.7323807492662  -350.7893229174478  0.0  -367.4160701148883  -228.52443436795187  -877.2619306282916  -340.1906700180802  -226.11262423600846  -182.330183731817  -780.5930359873776  -852.7254119995621  -231.02710111437517  58.12398354865783  -409.3369399246715  123.61841174097745  -933.3989837686254  -302.48045250094725  32.0933032351104  -224.91701013613005  -764.8002726419088  -761.6165418415305  
-14.510988405896683  229.70639070028062  377.4223146408089  -51.23901715610771  132.40525944164915  -688.3163106343778  16.626747197440523  367.4160701148883  0.0  138.89163574693646  -509.8458605134032  27.22540009680813  141.30344587887987  185.08588638307134  -413.1769658724892  -485.3093418846737  136.38896900051316  425.54005366354613  -41.9208698097832  491.03448185586575  -565.982913653737  64.93561761394108  399.5093733499987  142.49905997875828  -397.38420252702053  -394.20047172664226  
-153.40262415283314  90.81475495334416  238.53067889387245  -190.13065290304417  -6.486376305287308  -827.2079463813143  -122.26488854949594  228.52443436795187  -138.89163574693646  0.0  -648.7374962603396  -111.66623565012833  2.4118101319434118  46.19425063613488  -552.0686016194256  -624.2009776316102  -2.5026667464233014  286.6484179166097  -180.81250555671966  352.1428461089293  -704.8745494006735  -73.95601813299538  260.61773760306227  3.607424231821824  -536.275838273957  -533.0921074735787  
495.3348721075065  739.5522512136838  887.268175154212  458.6068433572955  642.2511199550523  -178.47045012097465  526.4726077108437  877.2619306282916  509.8458605134032  648.7374962603396  0.0  537.0712606102113  651.149306392283  694.9317468964746  96.668894640914  24.536518628729482  646.2348295139163  935.3859141769493  467.92499070362  1000.880342369269  -56.13705314033382  574.7814781273443  909.355233863402  652.3449204921615  112.46165798638265  115.64538878676092  
-41.73638850270481  202.4809906034725  350.1969145440008  -78.46441725291584  105.17985934484102  -715.541710731186  -10.598652899367607  340.1906700180802  -27.22540009680813  111.66623565012833  -537.0712606102113  0.0  114.07804578207174  157.8604862862632  -440.4023659692973  -512.5347419814818  109.16356890370503  398.314653566738  -69.14626990659133  463.8090817590576  -593.2083137505451  37.710217517132946  372.2839732531906  115.27365988195015  -424.60960262382866  -421.4258718234504  
-155.81443428477655  88.40294482140075  236.11886876192904  -192.54246303498758  -8.89818643723072  -829.6197565132577  -124.67669868143935  226.11262423600846  -141.30344587887987  -2.4118101319434118  -651.149306392283  -114.07804578207174  0.0  43.78244050419147  -554.480411751369  -626.6127877635536  -4.914476878366713  284.23660778466626  -183.22431568866307  349.7310359769859  -707.2863595326169  -76.3678282649388  258.20592747111886  1.1956140998784122  -538.6876484059004  -535.5039176055221  
-199.59687478896802  44.62050431720928  192.33642825773757  -236.32490353917905  -52.68062694142219  -873.4021970174492  -168.45913918563082  182.330183731817  -185.08588638307134  -46.19425063613488  -694.9317468964746  -157.8604862862632  -43.78244050419147  0.0  -598.2628522555606  -670.3952282677451  -48.69691738255818  240.45416728047482  -227.00675619285454  305.9485954727944  -751.0688000368084  -120.15026876913026  214.42348696692738  -42.58682640431306  -582.4700889100918  -579.2863581097135  
398.6659774665925  642.8833565727698  790.599280513298  361.93794871638147  545.5822253141383  -275.13934476188865  429.8037130699297  780.5930359873776  413.1769658724892  552.0686016194256  -96.668894640914  440.4023659692973  554.480411751369  598.2628522555606  0.0  -72.13237601218452  549.5659348730023  838.7170195360353  371.256096062706  904.211447728355  -152.80594778124782  478.11258348643025  812.686339222488  555.6760258512475  15.792763345468643  18.976494145846914  
470.798353478777  715.0157325849543  862.7316565254825  434.070324728566  617.7146013263228  -203.00696874970413  501.9360890821142  852.7254119995621  485.3093418846737  624.2009776316102  -24.536518628729482  512.5347419814818  626.6127877635536  670.3952282677451  72.13237601218452  0.0  621.6983108851869  910.8493955482198  443.3884720748905  976.3438237405395  -80.6735717690633  550.2449594986148  884.8187152346725  627.808401863432  87.92513935765317  91.10887015803144  
-150.89995740640984  93.31742169976746  241.03334564029575  -187.62798615662086  -3.983709558864007  -824.705279634891  -119.76222180307263  231.02710111437517  -136.38896900051316  2.5026667464233014  -646.2348295139163  -109.16356890370503  4.914476878366713  48.69691738255818  -549.5659348730023  -621.6983108851869  0.0  289.151084663033  -178.30983881029636  354.6455128553526  -702.3718826542502  -71.45335138657208  263.12040434948557  6.110090978245125  -533.7731715275337  -530.5894407271554  
-440.0510420694428  -195.83366296326554  -48.117739022737254  -476.77907081965384  -293.134794221897  -1113.856364297924  -408.9133064661056  -58.12398354865783  -425.54005366354613  -286.6484179166097  -935.3859141769493  -398.314653566738  -284.23660778466626  -240.45416728047482  -838.7170195360353  -910.8493955482198  -289.151084663033  0.0  -467.46092347332933  65.49442819231962  -991.5229673172831  -360.60443604960506  -26.030680313547435  -283.04099368478785  -822.9242561905667  -819.7405253901884  
27.409881403886516  271.6272605100638  419.3431844505921  -9.318147346324508  174.32612925143235  -646.3954408245946  58.54761700722372  409.3369399246715  41.9208698097832  180.81250555671966  -467.92499070362  69.14626990659133  183.22431568866307  227.00675619285454  -371.256096062706  -443.3884720748905  178.30983881029636  467.46092347332933  0.0  532.955351665649  -524.0620438439538  106.85648742372427  441.4302431597819  184.41992978854148  -355.46333271723734  -352.27960191685906  
-505.54547026176243  -261.3280911555851  -113.61216721505687  -542.2734990119735  -358.6292224142166  -1179.3507924902435  -474.4077346584252  -123.61841174097745  -491.03448185586575  -352.1428461089293  -1000.880342369269  -463.8090817590576  -349.7310359769859  -305.9485954727944  -904.211447728355  -976.3438237405395  -354.6455128553526  -65.49442819231962  -532.955351665649  0.0  -1057.0173955096027  -426.0988642419247  -91.52510850586705  -348.53542187710747  -888.4186843828863  -885.2349535825081  
551.4719252478403  795.6893043540176  943.4052282945459  514.7438964976293  698.3881730953862  -122.33339698064083  582.6096608511775  933.3989837686254  565.982913653737  704.8745494006735  56.13705314033382  593.2083137505451  707.2863595326169  751.0688000368084  152.80594778124782  80.6735717690633  702.3718826542502  991.5229673172831  524.0620438439538  1057.0173955096027  0.0  630.9185312676781  965.4922870037358  708.4819736324953  168.59871112671647  171.78244192709474  
-79.44660601983776  164.77077308633955  312.48669702686783  -116.17463477004878  67.46964182770807  -753.2519282483189  -48.308870416500554  302.48045250094725  -64.93561761394108  73.95601813299538  -574.7814781273443  -37.710217517132946  76.3678282649388  120.15026876913026  -478.11258348643025  -550.2449594986148  71.45335138657208  360.60443604960506  -106.85648742372427  426.0988642419247  -630.9185312676781  0.0  334.57375573605765  77.5634423648172  -462.3198201409616  -459.13608934058334  
-414.0203617558954  -169.8029826497181  -22.08705870918982  -450.74839050610643  -267.1041139083496  -1087.8256839843766  -382.8826261525582  -32.0933032351104  -399.5093733499987  -260.61773760306227  -909.355233863402  -372.2839732531906  -258.20592747111886  -214.42348696692738  -812.686339222488  -884.8187152346725  -263.12040434948557  26.030680313547435  -441.4302431597819  91.52510850586705  -965.4922870037358  -334.57375573605765  0.0  -257.01031337124044  -796.8935758770192  -793.7098450766409  
-157.01004838465497  87.20733072152234  234.92325466205062  -193.738077134866  -10.093800537109132  -830.8153706131361  -125.87231278131776  224.91701013613005  -142.49905997875828  -3.607424231821824  -652.3449204921615  -115.27365988195015  -1.1956140998784122  42.58682640431306  -555.6760258512475  -627.808401863432  -6.110090978245125  283.04099368478785  -184.41992978854148  348.53542187710747  -708.4819736324953  -77.5634423648172  257.01031337124044  0.0  -539.8832625057788  -536.6995317054005  
382.87321412112385  627.0905932273012  774.8065171678295  346.1451853709128  529.7894619686697  -290.9321081073573  414.01094972446106  764.8002726419088  397.38420252702053  536.275838273957  -112.46165798638265  424.60960262382866  538.6876484059004  582.4700889100918  -15.792763345468643  -87.92513935765317  533.7731715275337  822.9242561905667  355.46333271723734  888.4186843828863  -168.59871112671647  462.3198201409616  796.8935758770192  539.8832625057788  0.0  3.183730800378271  
379.6894833207456  623.9068624269229  771.6227863674512  342.96145457053456  526.6057311682914  -294.11583890773557  410.8272189240828  761.6165418415305  394.20047172664226  533.0921074735787  -115.64538878676092  421.4258718234504  535.5039176055221  579.2863581097135  -18.976494145846914  -91.10887015803144  530.5894407271554  819.7405253901884  352.27960191685906  885.2349535825081  -171.78244192709474  459.13608934058334  793.7098450766409  536.6995317054005  -3.183730800378271  0.0  



slope_matrix
0.0  0.0032536288183610085  0.00465147523198084  -0.0027286796991241474  0.002236849084158737  -0.01212970877098976  0.0010487617245987606  0.004967187651460333  0.0014129492118691999  0.011975224367902665  -0.00831238248208603  0.0006465745701425997  0.0071540144299713756  0.004559088049085611  -0.007302912208583852  -0.018549974526350554  0.004489733930568576  0.009231194505337588  -0.0012074837622857496  0.005064570930292151  -0.024586354224156948  0.0033879149688630173  0.005550614851265524  0.006935072808509495  -0.00772544822681848  -0.0074874676261239516  
-0.0032475715306672513  0.0  0.0009763759927326874  -0.003269087827046641  -0.005872126207521513  -0.03587427515961932  -0.0033424257804367074  0.0009562508118506195  -0.0028108612315106353  -0.0013157744849803558  -0.030396722203603937  -0.015794149033032175  -0.0015679841224086688  -0.001092568665945379  -0.024444234090219383  -0.007326731556357765  -0.002163631386500521  0.001652604750744857  -0.0046392358754921235  0.001507169335922401  -0.008391576717507041  -0.0024807403355365785  0.004008568995507981  -0.0011443029880792853  -0.022945136964043218  -0.02286210562209318  
-0.004739790821704022  -0.0009770799501295023  0.0  -0.005097043184267736  -0.0017283812557696387  -0.007760873168721594  -0.004021798767621986  -0.0008708654939878659  -0.005041708718151334  -0.0025354026242971135  -0.006276567784512189  -0.0024552650864398395  -0.0022745291278482714  -0.001659503263656062  -0.005924266438717567  -0.009484736769189562  -0.0020960879508165418  0.0012296892160167966  -0.004455362612494471  0.0026016067601341165  -0.010383064365997643  -0.0036225721592245373  0.00015953094047807743  -0.0029922717445172668  -0.006104155148606956  -0.00609588158070683  
0.0028828907967198606  0.0032411791400137092  0.005086157235369205  0.0  0.0023757344967368288  -0.009484551041808398  0.0016928352295721683  0.0054434415195812776  0.0043644818701965675  0.009770331598306483  -0.006440202827654761  0.001030122321818509  0.005773387197450902  0.004265792482656661  -0.005466514857519732  -0.03517587720652885  0.004148308338638534  0.009997464265457199  0.000275848056433526  0.0057929013888684275  -0.05306638108222982  0.0035484005733063158  0.0052284931041190865  0.006549630734782488  -0.0056578160407144956  -0.0055023496642152185  
-0.0022253294130194765  0.005788288593612818  0.0017258368331278422  -0.0023924475846502976  0.0  -0.03394216584268102  -0.0021271084373361863  0.0017448274606373091  -0.0018287766666434048  0.00010839532595734138  -0.02719098729699629  -0.0075832631106590494  0.00018852089909387118  0.0018956684757618636  -0.029175520070274776  -0.006986931357610257  0.00011727140296920833  0.002684876298057309  -0.003541054829401429  0.0021962583511290676  -0.008154929625121278  -0.0011816049356866564  0.009141140106377467  0.00015090148807159713  -0.029157372700532178  -0.030510181411836118  
0.012125343210877833  0.035832267811657235  0.007757483697101416  0.009607559847357413  0.033900106157621936  0.0  0.013948220376569417  0.008114651433100691  0.010746546614119872  0.016985789453415077  0.03948461285862271  0.05063989460234862  0.02321913676219585  0.028174264419917716  0.03848102723942499  0.0026039888243933316  0.03385489653673608  0.010979362881201814  0.014476941563820709  0.007678065055275023  0.0016269902511057432  0.014156209890026666  0.023684425952196313  0.013326735918211416  0.0197375921375412  0.01760118724762032  
-0.001059467016105383  0.0033518899402680525  0.00401955846082184  -0.0016844319770054164  0.002138107335996466  -0.014107325551967547  0.0  0.00425302282877604  -0.0005069130243122111  0.003438270206678738  -0.00974768760805117  0.00019263273172242108  0.004109317688907032  0.006145900736433083  -0.009376171751089216  -0.009613792167824445  0.004194823881018306  0.0070151536535615995  -0.005411055176268366  0.004170617447546595  -0.011779410854249444  0.005211312882038895  0.0074072862478730545  0.0077987802218908156  -0.010529271356166355  -0.010542140593381648  
-0.00508152020384227  -0.0009597764123096975  0.0008762035486795603  -0.00546761247578681  -0.0017530140061109434  -0.00814470059672946  -0.004277396938391023  0.0  -0.005456944454402025  -0.0026403747471744872  -0.0065632859797720485  -0.002521219512329118  -0.0023484900730786087  -0.0016851218459502494  -0.006207449928727227  -0.010220848759433802  -0.0021532556119223723  0.001839366567995501  -0.004736544820410219  0.002499361337261978  -0.01120123585465769  -0.0038502622484559417  0.0002454554740735021  -0.003176345292135716  -0.006414441484529265  -0.00640654555262431  
-0.001614125517897295  0.0028122377382779427  0.004972626016347944  -0.0043682026561046635  0.001832319777496148  -0.010726450220264576  0.0005097102145138113  0.005361390195752055  0.0  0.006472117229586974  -0.0074746497656267875  0.00037228261745098697  0.004648139667068417  0.0037150920590740934  -0.006536575951154709  -0.022119842383075374  0.003229670116043409  0.01082523667421893  -0.0015601365764712765  0.0052686103203419075  -0.027568578356246324  0.0025901722223351047  0.004954847740915276  0.006643312819522531  -0.0069193328085358176  -0.006905983982877705  
-0.011560107321238368  0.0013178748360665239  0.0025257378112438843  -0.009710452140094186  -0.00010895979011065527  -0.017041778870649244  -0.003468507476581445  0.002624605884552106  -0.006460076081252858  0.0  -0.012338103770641682  -0.0019406714572493627  0.0001694877113101484  0.0010985553064479163  -0.011602955057154805  -0.019987223107000004  -9.113862878453391e-05  0.004955028831747791  -0.007005521331139855  0.003256963060570933  -0.02476720131414875  -0.00218804787375726  0.0035769659292212773  0.00010572755661845909  -0.01235373965155395  -0.01196346740290796  
0.008315173276943201  0.03030951849236409  0.006275679896692733  0.0065226403549608234  0.02719098729699629  -0.04001579599124992  0.009652963104342568  0.006541751283562449  0.007492224254421796  0.012310009416704737  0.0  0.04160118207670111  0.016389360845514296  0.02033153150662594  0.008669856021606637  0.0002993718719952353  0.022786841661280546  0.008870421187073962  0.009618190970269681  0.006350763593713636  -0.0007088906824136105  0.010046870794045521  0.019016211498607317  0.009833060813544382  0.0060011557089852  0.005814247802250423  
-0.0006472764966300375  0.01586841619149471  0.0024496146792389534  -0.001043132375072  0.007610698939568815  -0.05014307713603265  -0.00019124238360461218  0.002507301518411558  -0.00037315515483563776  0.0019383134117363014  -0.04128141895543515  0.0  0.0025555117782722165  0.004741979161497843  -0.03112384211797154  -0.0059000200527395165  0.003281141235458522  0.0036154547841221567  -0.0013768671825287002  0.0028540341010341373  -0.007053606584429787  0.0006491688331405224  0.008649720568150339  0.001698197700087657  -0.022347873822306772  0.0  
-0.0072708555429200445  0.0015696545600390758  0.0022725588908751593  -0.005985155829499147  -0.0001895651137032535  -0.023193171834309693  -0.004151738217830148  0.002342407792769175  -0.0047242877258067495  -0.00017105036396761786  -0.016356425681795607  -0.0025480912616053547  0.0  0.0014421093710207994  -0.01592876793310454  -0.014299698488442574  -0.0003304960913494763  0.004222799105402857  -0.008320813609839377  0.002927599497547178  -0.017229874775459605  -0.002489984619006808  0.0042211202790766525  3.165428767780605e-05  -0.017535405221546237  -0.016750200738364782  
-0.004455287383682322  0.001099027199931263  0.0016589307250106742  -0.004251977393652016  -0.0018929438354804956  -0.028065623297475875  -0.006154882688550633  0.001677988070419814  -0.003707649967609602  -0.001093613888166072  -0.020379230114266116  -0.00476344255540927  -0.0014383193332520195  0.0  -0.02483448950832547  -0.009971667830845531  -0.0022787513983415155  0.0028238892223191405  -0.008930242179105215  0.0021758665491273337  -0.011651703382513317  -0.003609200023103943  0.006721739403351956  -0.0009903913117282107  -0.029962453133235176  -0.0361827831423931  
0.007313630113127728  0.02472628294510653  0.005920761480665753  0.005546941742779793  0.029159926526677624  -0.03891645611907902  0.009347623163765327  0.006183404911180114  0.006559405713168585  0.011588341763631941  -0.008724629480226896  0.031367689883853085  0.01599308946499478  0.024875794272580482  0.0  -0.0009380022888450523  0.0235865208100001  0.008354587304871354  0.00910387680389176  0.005927700588228366  -0.002061323995430296  0.009827596782865987  0.020231175982635997  0.009508487779795472  0.001651962693040653  0.0019443129247793968  
0.019287109933583655  0.00726125452000563  0.009454593496169672  0.03503392451400855  0.006933601990417812  -0.0025710102425241152  0.009650761182121019  0.010166015879823105  0.022150129707196427  0.019974431284211527  -0.00029562070637023473  0.005826907025710344  0.013881541598660911  0.009977604230804363  0.0009247740514382631  0.0  0.010903162239305276  0.016663911371171236  0.009702154749997603  0.011012224495156096  -0.020579992798230435  0.012320755922494733  0.009028762400353801  0.015127913297914023  0.001204949148384996  0.001229207638397618  
-0.004205684431616774  0.002152651019602479  0.0020590229591182087  -0.004024624327683845  -0.00011727140296920833  -0.036459119347254244  -0.003874546159918235  0.002104416945531828  -0.003074593530218962  8.426487361694618e-05  -0.024239866073290185  -0.0034523582828496213  0.0002880701569968765  0.0021759123048506785  -0.02537238849829189  -0.010669269107348325  0.0  0.003536583716524376  -0.007328805540908194  0.002648387072327329  -0.012655349237013516  -0.0021665661427098873  0.005015638664687106  0.0001454021935711086  -0.030379804867816374  -0.02677040568754568  
-0.009535233847658565  -0.0016607191506454791  -0.00122811993421994  -0.010024791228335867  -0.002701678272291472  -0.01102391492773084  -0.007013950368200782  -0.0018272236261759772  -0.011104907454685441  -0.004981724329450985  -0.008901655064493237  -0.0036418671637521646  -0.004225310060720473  -0.0028215696700360808  -0.008380465822702191  -0.016737401608750823  -0.003655513080442895  0.0  -0.007620817141723661  0.0011418136016792123  -0.0182533683232195  -0.006742790502049459  -0.0002382889080332061  -0.006586944232831926  -0.00878526177995929  -0.008784094956014064  
0.0011990324323659894  0.004633696016889522  0.004451626161895882  -0.0002739825741347988  0.003543214009175454  -0.014601207156643203  0.005456441473180217  0.004709352737283382  0.0015451850280052781  0.006986572857678503  -0.009685882647559926  0.0013809920093187803  0.00830196265014332  0.008916211947873313  -0.009079386061694937  -0.009653570042997833  0.008127157648600563  0.00761213032850235  0.0  0.004561802205475041  -0.012136684665214307  0.011452999723871841  0.007844859483912954  0.009645393817392336  -0.010342255825348774  -0.010355073542529661  
-0.005090579702565325  -0.0015062137818765713  -0.002596849536344157  -0.005775625721716621  -0.002193840023087989  -0.007658619342101718  -0.004171717680781087  -0.002490800155973755  -0.005286762293883137  -0.0032599782087477254  -0.006333483151105923  -0.0028456290677897882  -0.0029090919645398923  -0.0021754024137712914  -0.005908720170740084  -0.010997339758284968  -0.0026856911234786262  -0.0011406204840181055  -0.004564537098883599  0.0  -0.011470617422784619  -0.003912753574306011  -0.0005558430007644058  -0.0035423866437352116  -0.006002828948533016  -0.005969579769389296  
0.02540174690224967  0.0083083356411613  0.010365951305291131  0.052686171596482013  0.008084132111302074  -0.0016041620375116814  0.011793717830995497  0.011159720035492891  0.027555156458312413  0.024689126073578756  0.0006990915708634349  0.006957639147906933  0.016665559838186073  0.011646283145244353  0.0020292954552622554  0.020685531222836742  0.01293026293546116  0.018219826668821815  0.012162033971778924  0.011476844685229129  0.0  0.01500400787794716  0.010131083809063334  0.018217587390910138  0.002399298578720883  0.0024052428161172603  
-0.0035674273021929844  0.0024829833195650925  0.003618000428700565  -0.003544070615315704  0.0011849252165034786  -0.014276950876579205  -0.00519450219532264  0.003824509451270037  -0.00256764007963389  0.0021848158975774114  -0.010119392220551835  -0.0006523130516715611  0.002489984619006808  0.0036189839990701887  -0.009831638566449316  -0.012309730637552902  0.002339664419992537  0.006730205973303566  0.0  0.003907729862820292  -0.01503977428528434  0.0  0.005530144722910044  0.006870101183774775  -0.010978860606529604  -0.010994638154707456  
-0.005479358943301951  -0.004016153799662207  -0.00015946183459093074  -0.005220620691523123  -0.009051308502485584  -0.023485010448712793  -0.00741015339950761  -0.0002445576715317412  -0.004951777061849265  -0.0035701059945624967  -0.018972569035330733  -0.008579948680645093  -0.004219051102469262  -0.006721739403351956  -0.02028166556582201  -0.009029683796659582  -0.005134056670233865  0.00023811452902988873  -0.007857426898536524  0.0005554382115904057  -0.010139595536691196  -0.005536550649281113  0.0  -0.0038188753844166485  -0.02083926715159569  -0.022176860717425004  
-0.007455367919499286  0.0011443029880792853  0.0030010635495918577  -0.006518777830917429  -0.0001511274223253351  -0.013314135520474609  -0.007755533751159443  0.00316784521318493  -0.0066557244268453195  -0.00010676011340106019  -0.009818409122261276  -0.0017037194780069487  -3.133981913180635e-05  0.0009892410314590722  -0.009501984026184122  -0.015077050957335062  -0.0001524816195813712  0.006576231265910499  -0.009630283539871618  0.0035384306789554057  -0.018217587390910138  -0.006870101183774775  0.003811512878114199  0.0  -0.010390363019741701  -0.010399138378325916  
0.0077301274807414465  0.0226550069807551  0.006102280201369059  0.005743241834592879  0.028950243823424572  -0.019591387751337192  0.010499897279342153  0.006389842698988293  0.006953232708561889  0.012370838253147796  -0.00595350227561581  0.022196006410027634  0.017541115219990244  0.030055216146031568  -0.0015872123965295119  -0.0012225408698227638  0.030571201118415447  0.008760011668925887  0.010384555440176376  0.006020728411377652  -0.00243815923538274  0.010981468411899325  0.020693159591716935  0.010404379697548252  0.0  0.000558549263224258  
0.007449273755557104  0.022795281783957722  0.006079599640462112  0.005557631738300674  0.03067010664928896  -0.017506895173079497  0.010432382400306825  0.0063659022220121245  0.00687347163478653  0.01190203410300466  -0.005846581839573353  0.02239244802462542  0.016656420454293067  0.036250710770319994  -0.0019423228399024477  -0.0012419420686754557  0.02746322156972854  0.008708600078510447  0.01030660040716381  0.005971593240618372  -0.0024335237558732784  0.010918813063985336  0.02211506952010702  0.010353000225798622  -0.0005536923131092645  0.0  
