Height_Data

node	height
0	18.142320094640667
1	33.297582206265055
2	70.30674737825454
3	80.14363151513213
4	80.94127398721362
5	74.49609957016568
6	117.49792823045794
7	86.17183194392041
8	16.737191797712153
9	179.9675152014469
10	141.0282383712105
11	155.7401597955249
12	57.72256609449129
13	12.736913452915967
14	109.3297668928481
15	35.84645066969794
16	75.77323353514926
17	48.147201839495814
18	44.1868230303621
19	90.37019274675707
20	89.77226191769212
21	128.8071412269619
22	9.089611164899862
23	93.97251121423146
24	30.72634010876537
25	138.92794339667321



height_matrix
0.0  -151.55262111624387  -521.6442728361387  -620.0131142049147  -627.9895389257294  -563.5377947552502  -993.5560813581728  -680.2951184927974  14.051282969285126  -1618.2519510680622  -1228.8591827656983  -1375.9783970088424  -395.8024599985062  54.054066417246986  -911.8744679820743  -177.0413057505727  -576.3091344050858  -300.04881744855146  -260.4450293572143  -722.2787265211641  -716.2994182305144  -1106.6482113232123  90.52708929740804  -758.3019111959079  -125.84020014124707  -1207.8562330203254  
151.55262111624387  0.0  -370.0916517198949  -468.4604930886708  -476.43691780948564  -411.98517363900635  -842.003460241929  -528.7424973765536  165.603904085529  -1466.6993299518185  -1077.3065616494546  -1224.4257758925987  -244.24983888226234  205.60668753349086  -760.3218468658305  -25.48868463432882  -424.75651328884203  -148.4961963323076  -108.89240824097044  -570.7261054049202  -564.7467971142706  -955.0955902069685  242.07971041365192  -606.7492900796641  25.712420974996803  -1056.3036119040817  
521.6442728361387  370.0916517198949  0.0  -98.36884136877586  -106.34526608959072  -41.893521919111436  -471.9118085220341  -158.6508456566587  535.695555805424  -1096.6076782319235  -707.2149099295596  -854.3341241727037  125.84181283763257  575.6983392533857  -390.23019514593557  344.6029670855661  -54.66486156894712  221.59545538758732  261.1992434789245  -200.63445368502528  -194.65514539437572  -585.0039384870736  612.1713621335468  -236.65763835976918  395.8040726948917  -686.2119601841866  
620.0131142049147  468.4604930886708  98.36884136877586  0.0  -7.976424720814862  56.475319449664426  -373.54296715325825  -60.28200428788284  634.0643971741997  -998.2388368631476  -608.8460685607837  -755.9652828039278  224.21065420640844  674.0671806221617  -291.8613537771597  442.97180845434195  43.703979799828744  319.9642967563632  359.56808484770033  -102.26561231624942  -96.28630402559986  -486.6350971182977  710.5402035023227  -138.28879699099332  494.1729140636676  -587.8431188154108  
627.9895389257294  476.43691780948564  106.34526608959072  7.976424720814862  0.0  64.45174417047929  -365.5665424324434  -52.30557956706798  642.0408218950147  -990.2624121423328  -600.8696438399688  -747.988858083113  232.1870789272233  682.0436053429764  -283.88492905634484  450.9482331751568  51.680404520643606  327.94072147717804  367.5445095685152  -94.28918759543456  -88.309879304785  -478.65867239748286  718.5166282231376  -130.31237227017846  502.14933878448244  -579.8666940945959  
563.5377947552502  411.98517363900635  41.893521919111436  -56.475319449664426  -64.45174417047929  0.0  -430.0182866029227  -116.75732373754727  577.5890777245354  -1054.714156312812  -665.3213880104481  -812.4406022535923  167.735334756744  617.5918611724971  -348.33667322682413  386.4964890046775  -12.771339649835681  263.48897730669876  303.0927653980359  -158.74093176591384  -152.7616234752643  -543.1104165679621  654.0648840526583  -194.76411644065774  437.69759461400315  -644.3184382650752  
993.5560813581728  842.003460241929  471.9118085220341  373.54296715325825  365.5665424324434  430.0182866029227  0.0  313.2609628653754  1007.6073643274581  -624.6958697098894  -235.30310140752545  -382.4223156506696  597.7536213596667  1047.6101477754198  81.68161337609854  816.5147756076002  417.246946953087  693.5072639096214  733.1110520009586  271.27735483700883  277.2566631276584  -113.09212996503948  1084.083170655581  235.25417016226493  867.7158812169258  -214.30015166215253  
680.2951184927974  528.7424973765536  158.6508456566587  60.28200428788284  52.30557956706798  116.75732373754727  -313.2609628653754  0.0  694.3464014620827  -937.9568325752648  -548.5640642729009  -695.683278516045  284.4926584942913  734.3491849100444  -231.57934948927686  503.2538127422248  103.98598408771159  380.246301044246  419.8500891355832  -41.983608028366575  -36.00429973771702  -426.3530928304149  770.8222077902055  -78.00679270311048  554.4549183515504  -527.5611145275279  
-14.051282969285126  -165.603904085529  -535.695555805424  -634.0643971741997  -642.0408218950147  -577.5890777245354  -1007.6073643274581  -694.3464014620827  0.0  -1632.3032340373475  -1242.9104657349835  -1390.0296799781277  -409.85374296779133  40.00278344796186  -925.9257509513595  -191.09258871985782  -590.3604173743711  -314.1001004178366  -274.49631232649944  -736.3300094904491  -730.3507011997997  -1120.6994942924975  76.47580632812291  -772.3531941651931  -139.8914831105322  -1221.9075159896106  
1618.2519510680622  1466.6993299518185  1096.6076782319235  998.2388368631476  990.2624121423328  1054.714156312812  624.6958697098894  937.9568325752648  1632.3032340373475  0.0  389.39276830236395  242.2735540592198  1222.4494910695562  1672.3060174853092  706.3774830859879  1441.2106453174897  1041.9428166629764  1318.203133619511  1357.806921710848  895.9732245468982  901.9525328375478  511.6037397448499  1708.7790403654703  859.9500398721543  1492.4117509268153  410.39571804773686  
1228.8591827656983  1077.3065616494546  707.2149099295596  608.8460685607837  600.8696438399688  665.3213880104481  235.30310140752545  548.5640642729009  1242.9104657349835  -389.39276830236395  0.0  -147.11921424314414  833.0567227671921  1282.9132491829453  316.984714783624  1051.8178770151258  652.5500483606124  928.8103653171469  968.414153408484  506.5804562445343  512.5597645351838  122.21097144248597  1319.3862720631064  470.5572715697904  1103.0189826244514  21.002949745372916  
1375.9783970088424  1224.4257758925987  854.3341241727037  755.9652828039278  747.988858083113  812.4406022535923  382.4223156506696  695.683278516045  1390.0296799781277  -242.2735540592198  147.11921424314414  0.0  980.1759370103363  1430.0324634260894  464.1039290267681  1198.93709125827  799.6692626037566  1075.9295795602911  1115.5333676516282  653.6996704876784  659.678978778328  269.3301856856301  1466.5054863062505  617.6764858129345  1250.1381968675955  168.12216398851706  
395.8024599985062  244.24983888226234  -125.84181283763257  -224.21065420640844  -232.1870789272233  -167.735334756744  -597.7536213596667  -284.4926584942913  409.85374296779133  -1222.4494910695562  -833.0567227671921  -980.1759370103363  0.0  449.8565264157532  -516.0720079835681  218.76115424793352  -180.5066744065797  95.75364254995475  135.3574306412919  -326.47626652265785  -320.4969582320083  -710.8457513247062  486.32954929591426  -362.49945119740175  269.96225985725914  -812.0537730218192  
-54.054066417246986  -205.60668753349086  -575.6983392533857  -674.0671806221617  -682.0436053429764  -617.5918611724971  -1047.6101477754198  -734.3491849100444  -40.00278344796186  -1672.3060174853092  -1282.9132491829453  -1430.0324634260894  -449.8565264157532  0.0  -965.9285343993213  -231.09537216781968  -630.3632008223328  -354.10288386579845  -314.4990957744613  -776.3327929384111  -770.3534846477614  -1160.7022777404593  36.473022880161054  -812.3559776131549  -179.89426655849405  -1261.9102994375723  
911.8744679820743  760.3218468658305  390.23019514593557  291.8613537771597  283.88492905634484  348.33667322682413  -81.68161337609854  231.57934948927686  925.9257509513595  -706.3774830859879  -316.984714783624  -464.1039290267681  516.0720079835681  965.9285343993213  0.0  734.8331622315017  335.56533357698845  611.8256505335229  651.42943862486  189.5957414609103  195.57504975155985  -194.77374334113802  1002.4015572794824  153.5725567861664  786.0342678408273  -295.98176503825107  
177.0413057505727  25.48868463432882  -344.6029670855661  -442.97180845434195  -450.9482331751568  -386.4964890046775  -816.5147756076002  -503.2538127422248  191.09258871985782  -1441.2106453174897  -1051.8178770151258  -1198.93709125827  -218.76115424793352  231.09537216781968  -734.8331622315017  0.0  -399.2678286545132  -123.00751169797877  -83.40372360664162  -545.2374207705914  -539.2581124799418  -929.6069055726397  267.56839504798074  -581.2606054453353  51.20110560932562  -1030.8149272697528  
576.3091344050858  424.75651328884203  54.66486156894712  -43.703979799828744  -51.680404520643606  12.771339649835681  -417.246946953087  -103.98598408771159  590.3604173743711  -1041.9428166629764  -652.5500483606124  -799.6692626037566  180.5066744065797  630.3632008223328  -335.56533357698845  399.2678286545132  0.0  276.26031695653444  315.8641050478716  -145.96959211607816  -139.9902838254286  -530.3390769181265  666.836223702494  -181.99277679082206  450.46893426383883  -631.5470986152395  
300.04881744855146  148.4961963323076  -221.59545538758732  -319.9642967563632  -327.94072147717804  -263.48897730669876  -693.5072639096214  -380.246301044246  314.1001004178366  -1318.203133619511  -928.8103653171469  -1075.9295795602911  -95.75364254995475  354.10288386579845  -611.8256505335229  123.00751169797877  -276.26031695653444  0.0  39.60378809133715  -422.2299090726126  -416.25060078196304  -806.5993938746609  390.5759067459595  -458.2530937473565  174.2086173073044  -907.807415571774  
260.4450293572143  108.89240824097044  -261.1992434789245  -359.56808484770033  -367.5445095685152  -303.0927653980359  -733.1110520009586  -419.8500891355832  274.49631232649944  -1357.806921710848  -968.414153408484  -1115.5333676516282  -135.3574306412919  314.4990957744613  -651.42943862486  83.40372360664162  -315.8641050478716  -39.60378809133715  0.0  -461.83369716394975  -455.8543888733002  -846.203181965998  350.97211865462236  -497.85688183869365  134.60482921596724  -947.4112036631111  
722.2787265211641  570.7261054049202  200.63445368502528  102.26561231624942  94.28918759543456  158.74093176591384  -271.27735483700883  41.983608028366575  736.3300094904491  -895.9732245468982  -506.5804562445343  -653.6996704876784  326.47626652265785  776.3327929384111  -189.5957414609103  545.2374207705914  145.96959211607816  422.2299090726126  461.83369716394975  0.0  5.979308290649556  -384.3694848020483  812.8058158185721  -36.0231846747439  596.438526379917  -485.57750649916136  
716.2994182305144  564.7467971142706  194.65514539437572  96.28630402559986  88.309879304785  152.7616234752643  -277.2566631276584  36.00429973771702  730.3507011997997  -901.9525328375478  -512.5597645351838  -659.678978778328  320.4969582320083  770.3534846477614  -195.57504975155985  539.2581124799418  139.9902838254286  416.25060078196304  455.8543888733002  -5.979308290649556  0.0  -390.34879309269786  806.8265075279226  -42.00249296539346  590.4592180892674  -491.5568147898109  
1106.6482113232123  955.0955902069685  585.0039384870736  486.6350971182977  478.65867239748286  543.1104165679621  113.09212996503948  426.3530928304149  1120.6994942924975  -511.6037397448499  -122.21097144248597  -269.3301856856301  710.8457513247062  1160.7022777404593  194.77374334113802  929.6069055726397  530.3390769181265  806.5993938746609  846.203181965998  384.3694848020483  390.34879309269786  0.0  1197.1753006206204  348.3463001273044  980.8080111819653  -101.20802169711305  
-90.52708929740804  -242.07971041365192  -612.1713621335468  -710.5402035023227  -718.5166282231376  -654.0648840526583  -1084.083170655581  -770.8222077902055  -76.47580632812291  -1708.7790403654703  -1319.3862720631064  -1466.5054863062505  -486.32954929591426  -36.473022880161054  -1002.4015572794824  -267.56839504798074  -666.836223702494  -390.5759067459595  -350.97211865462236  -812.8058158185721  -806.8265075279226  -1197.1753006206204  0.0  -848.829000493316  -216.36728943865512  -1298.3833223177335  
758.3019111959079  606.7492900796641  236.65763835976918  138.28879699099332  130.31237227017846  194.76411644065774  -235.25417016226493  78.00679270311048  772.3531941651931  -859.9500398721543  -470.5572715697904  -617.6764858129345  362.49945119740175  812.3559776131549  -153.5725567861664  581.2606054453353  181.99277679082206  458.2530937473565  497.85688183869365  36.0231846747439  42.00249296539346  -348.3463001273044  848.829000493316  0.0  632.4617110546609  -449.55432182441746  
125.84020014124707  -25.712420974996803  -395.8040726948917  -494.1729140636676  -502.14933878448244  -437.69759461400315  -867.7158812169258  -554.4549183515504  139.8914831105322  -1492.4117509268153  -1103.0189826244514  -1250.1381968675955  -269.96225985725914  179.89426655849405  -786.0342678408273  -51.20110560932562  -450.46893426383883  -174.2086173073044  -134.60482921596724  -596.438526379917  -590.4592180892674  -980.8080111819653  216.36728943865512  -632.4617110546609  0.0  -1082.0160328790785  
1207.8562330203254  1056.3036119040817  686.2119601841866  587.8431188154108  579.8666940945959  644.3184382650752  214.30015166215253  527.5611145275279  1221.9075159896106  -410.39571804773686  -21.002949745372916  -168.12216398851706  812.0537730218192  1261.9102994375723  295.98176503825107  1030.8149272697528  631.5470986152395  907.807415571774  947.4112036631111  485.57750649916136  491.5568147898109  101.20802169711305  1298.3833223177335  449.55432182441746  1082.0160328790785  0.0  



slope_matrix
0.0  -0.0026283839943850827  -0.006398972924879032  -0.008851008054317126  -0.007756787783173536  -0.0091721646281779  -0.01085023568153514  -0.007483171471706055  0.00015913117745509767  -0.017180719302134644  -0.014561668239906367  -0.0140506320535979  -0.007928735176252127  0.0015750019352344692  -0.01044410111077854  -0.007327868615503837  -0.009593959287582584  -0.0054121359568642035  -0.007283138404843801  -0.01052577567066692  -0.011599990578631814  -0.012207922904834113  0.0017009975441076295  -0.008652463614741077  -0.0012761403523095737  -0.012954271053414042  
0.0026238334680790142  0.0  -0.007960672224562163  -0.007339189927756083  -0.013271223337311578  -0.0078743343585437  -0.010850560054664034  -0.013683812043906667  0.0015720745396904244  -0.02013590513387999  -0.016952109546018168  -0.016690645800062687  -0.004323771267166974  0.0026915393053212576  -0.009942746787836151  -0.0007411655898321843  -0.007052241628571178  -0.005659153823639771  -0.004726232996569897  -0.02049285836283376  -0.027414893063799545  -0.013259691659127704  0.0024203130415282135  -0.017525976027719933  0.00026611627881099144  -0.016116930300642075  
0.006409193670428047  0.008036735107923885  0.0  -0.0033908597507333973  -0.007959975006705892  -0.0017972338875637682  -0.013429476622710134  -0.007108012798237397  0.007160652254420125  -0.039876642844797215  -0.03372507915734666  -0.030490154324507628  0.003696880518144318  0.005178540426854238  -0.011473983979592343  0.004932059068063061  -0.0016640749336056962  0.0052448628494103505  0.00449491040232188  -0.00778256220655645  -0.006090586526732657  -0.02044753367658419  0.004706476221523386  -0.010674679222362165  0.007179468033645778  -0.03397088911802904  
0.00883587165747349  0.007385472065090191  0.0034334674125227178  0.0  -0.0002201000198900348  0.004249459702758798  -0.016383463471634132  -0.00123909566881568  0.012783298666845421  -0.034553092310943154  -0.031000308989856604  -0.022783763797586735  0.009969348786412114  0.006744043828135685  -0.015742252091540437  0.006328168692204885  0.003645035846524499  0.0075785006337366935  0.0058267393428569165  -0.002374956161547827  -0.0021133956107462657  -0.019677925479914992  0.005978461956266914  -0.0029567841990804644  0.013998836125426123  -0.02060438551753981  
0.007721499310533991  0.013286026709690063  0.00802000498413203  0.0002198573517313909  0.0  0.00224336039577025  -0.008373031205507179  -0.0033104797194346823  0.007822039471924254  -0.02510170879955216  -0.020292794455925998  -0.018639144233319537  0.005884112491820154  0.006737564016032564  -0.006674933671675167  0.00778033528597579  0.0012881456759881258  0.00992857164629664  0.007955508865119377  -0.0067980668778251305  -0.004404482758343392  -0.012566518046665342  0.005754578153316816  -0.009361520996420866  0.007889227632120698  -0.01794697289057864  
0.009167688217915245  0.0078713254420903  0.0017865041330111487  -0.004122286091216382  -0.002224775428735909  0.0  -0.01220949138565936  -0.0028168232506042765  0.010060599497039512  -0.030160542073571977  -0.026433110369902587  -0.020987873992601196  0.011879272999769406  0.006768129985452023  -0.011251184535750133  0.0063214996566025115  -0.0009019307662313335  0.008613565783154585  0.0061342393320792535  -0.004628015503379412  -0.0044317268197059554  -0.016982814776984434  0.0059379471997517775  -0.004922014567618341  0.009033819624238987  -0.01897845178984021  
0.010783113537640252  0.01089548990996285  0.013467802754624262  0.01669838923349389  0.008355806684170134  0.01232850592324893  0.0  0.005633176818294829  0.02190450792016213  -0.03402482950489594  -0.015319212331219105  -0.016612611453113362  0.013444750817806269  0.008592602918105478  0.011752750126057344  0.008879021048364508  0.012286423644083834  0.011198244209746834  0.00898750829963171  0.004777692054191773  0.0045016506434105924  -0.010299829687162065  0.007698360819880563  0.004334085669901712  0.03553300086883398  -0.010867147650210575  
0.007476592136419358  0.013687354319869366  0.00711757943726598  0.0012340226056884922  0.0032855263547153252  0.0028270538435241467  -0.0056220560456815396  0.0  0.007335859118890267  -0.01950825358933579  -0.013202504555304473  -0.01431447075135895  0.005467858129815323  0.00662232108314586  -0.004242156979103808  0.007442381140819651  0.0019735430648645204  0.008597022406607417  0.0075161133035371135  -0.0016746552863329308  -0.001211042708971309  -0.008667474950811443  0.005730168062668789  -0.011437946144151096  0.007323404019965003  -0.012936761023235113  
-0.00015913117745509767  -0.0015734188186860836  -0.007209802772579426  -0.012778146292380237  -0.007849773470125254  -0.010115218257553026  -0.022033836963207043  -0.00736542946889375  0.0  -0.026352974395178357  -0.021990631028573664  -0.020871316516188104  -0.007496867440420547  0.0003338573147050731  -0.021227091952117368  -0.0021286909738204057  -0.012465117235159119  -0.00389799082176516  -0.0029525256784607877  -0.008405497762473593  -0.008321093541144567  -0.020247506671951174  0.0005436926370547627  -0.008359615050872847  -0.0055271229992308255  -0.01930343627155783  
0.017188018598704856  0.020286297786332206  0.04002217803766144  0.034362782680314896  0.025000313358806685  0.030212379155336925  0.032706590037166985  0.019552987962794765  0.02606264145038077  0.0  0.03629009956219608  0.046412558248892684  0.026294891182395273  0.013483076815974436  0.03143647009728473  0.015898628188830553  0.028229282488837073  0.02218450241702307  0.0171743855516171  0.017220319518487376  0.015604715100995637  0.04676451003152193  0.011955356050972296  0.01798306231434869  0.03594440633253409  0.04600848857037409  
0.014664190725127665  0.017113686443994514  0.03416497149418162  0.03192690448666931  0.02042384921277936  0.027089633062314662  0.015614008056239246  0.013292078126312112  0.02213553812528911  -0.03629009956219608  0.0  -0.01027368814547096  0.023050822434067298  0.011295239031369477  0.02273921913799311  0.013072556264170095  0.02431259494637155  0.01886675533855671  0.014061480374742035  0.011933579652403634  0.010768062280150922  0.013084686449944965  0.009959135507722724  0.011778655108129922  0.03146089511193529  0.0021719699840096088  
0.014046329083389571  0.016814416038074688  0.030599359748306007  0.02274948187793945  0.018639144233319537  0.020982453570598972  0.016211204563402696  0.014346943256672406  0.02070961978513301  -0.04571199133192826  0.01027368814547096  0.0  0.019486599145334717  0.011186111259590813  0.017214537426808906  0.012724868300342496  0.019504128356189185  0.01708095855787095  0.013500343309350456  0.012439575080640882  0.011232402158663852  0.017454969908336365  0.009993904090951687  0.012777751051157107  0.027171010581777778  0.01959465780751947  
0.007925559871816304  0.004320711814651731  -0.0036817382339857396  -0.010009404205643233  -0.005848541030912426  -0.011896123032393192  -0.013610055131139952  -0.005452139871488909  0.007485913113566965  -0.02619908896419966  -0.022600562202039938  -0.01944793525814159  0.0  0.00564295692944999  -0.01301240564759375  0.004395442118704712  -0.01453354866397582  0.003064116561598552  0.0027361518221405276  -0.008180312365889697  -0.007996431093612982  -0.01653129654243503  0.004931348096693513  -0.007206748532751526  0.00515982912571214  -0.01774980924637856  
-0.0015745431522646953  -0.002697896437914852  -0.0051720271247272095  -0.006751474164885434  -0.006776389521539756  -0.006769613736407948  -0.008632252371254283  -0.00663968521618485  -0.00033382945379255497  -0.013479816358901412  -0.011235884123164699  -0.011189612389875503  -0.00564366486533375  0.0  -0.008248749226296509  -0.0043976283952011355  -0.0070149477055679145  -0.004713202234337794  -0.0056717600680696355  -0.008790995277300545  -0.009459153789879193  -0.009637182644806204  0.001502183808902844  -0.007568769007855724  -0.0014010456897078976  -0.010256931638117308  
0.010385813986128409  0.009979286610655341  0.011494262007244052  0.016178567282547657  0.006654592804883845  0.011405915953727051  -0.011855096281001239  0.004247603622327162  0.021178539591751134  -0.03160525651391445  -0.02178589105042089  -0.01718267045637794  0.012863210567885548  0.008215075135221307  0.0  0.00838659167121093  0.01132901193710292  0.010554177169803742  0.008393627607587426  0.003422305802543507  0.0032803597744307253  -0.012234531616905655  0.007344677295424109  0.0028872449104374205  0.03432464051706669  -0.012627208406068732  
0.0073552682073357994  0.0007439779519652312  -0.004964745239671028  -0.0063381286085898115  -0.007834402939109744  -0.006356850148103249  -0.008932444761050215  -0.007454507669119016  0.002128453873021361  -0.016036615614971512  -0.013103499153047536  -0.012828344652881124  -0.004396325447104773  0.0043859436737107545  -0.008431820564905355  0.0  -0.006664460501661045  -0.003839185758363882  -0.006747874078207251  -0.012057439645523913  -0.014061489243284011  -0.010622864879129695  0.0037307361272724588  -0.009048265962723151  0.000520072174802698  -0.011652893141190966  
0.009601951589554913  0.007069848756472071  0.0016799281367224069  -0.0037131673576744897  -0.0012910418316423584  0.0009089921458957781  -0.012533702221480534  -0.0019803082096307672  0.012457226422197697  -0.028854688913402836  -0.024294491748347448  -0.019793793628805855  0.01462776940085735  0.00701963475303266  -0.011559260543471872  0.00667225649489494  0.0  0.007570850012511221  0.005710795607446603  -0.003440244923782186  -0.0032861568973105307  -0.016383660083970544  0.006134647872148059  -0.0035945640290504064  0.01029407985063617  -0.017665653108118587  
0.005399474850612767  0.005639809963247535  -0.0052523217678973055  -0.007533889728193153  -0.00998905639589333  -0.008607937840793818  -0.011221800386887078  -0.00862823465042537  0.0038989585454051214  -0.022342425993551032  -0.018801829257432123  -0.017190119500883387  -0.003064116561598552  0.004691968780519391  -0.010590715778665794  0.00382010905894344  -0.007550158976674896  0.0  0.0019215811786189787  -0.019484536643867678  -0.026941786458379486  -0.014240808507674098  0.0039412301387079665  -0.011554540941688262  0.0023147263165159164  -0.015708728423114274  
0.007285175646355645  0.004746835581559305  -0.004509655446804635  -0.005824851528393007  -0.007977957663740291  -0.006146679484851671  -0.009026238020203874  -0.007494646360863676  0.0029525256784607877  -0.017314548861398216  -0.014071696504046556  -0.01360240662908948  -0.0027361518221405276  0.005651376384087354  -0.008439298336894158  0.006736972827677029  -0.005712861368201693  -0.0019234476974908767  0.0  -0.013692075219802839  -0.016971496235044684  -0.011125469129187458  0.004426994433080504  -0.009438045153340164  0.0014040202899309202  -0.012308837256893738  
0.010476917994214739  0.020581540043451862  0.007818957665043853  0.0023744047438181894  0.006827602287866369  0.004638834943480825  -0.004792886127862347  0.0016786728519938654  0.008403579158996692  -0.0172269414448548  -0.011905533636769314  -0.012444311259997686  0.008180312365889697  0.008738550123124843  -0.003424778566851703  0.011964832582194237  0.0034337706919801967  0.019412869382648856  0.01365967752629251  0.0  0.0007805885496931534  -0.007532225843661538  0.007226867749787251  -0.001745309335016662  0.007916519907884379  -0.010860601800473303  
0.011542046700459465  0.027710834009532417  0.006165826588355265  0.002100486562513086  0.00447818860571932  0.004449799693424535  -0.0045045761677929876  0.001206578409440919  0.008324887453691395  -0.01563175966789511  -0.010709564658069031  -0.011288141320642162  0.008008419745927245  0.009399139636990744  -0.0032831131400295425  0.013937919681569962  0.003284614824622914  0.026228771315813675  0.01692738168857409  -0.000810204375426769  0.0  -0.006951893020350808  0.007641126124897458  -0.001582014800956439  0.007519761822815138  -0.009710723326547035  
0.012099805503205907  0.01325417138782915  0.02036921791389532  0.018935217786704192  0.012423012520048867  0.016824981925897216  0.01054963898927607  0.008649890298851996  0.020324619047742066  -0.049622089209005814  -0.012918707340643338  -0.017991328369113567  0.016236769102894157  0.009573591865229786  0.012639438244071254  0.010496916277920503  0.01576513308317855  0.01406941206828294  0.010993935065168221  0.0074547999379761115  0.006901499170662975  0.0  0.008542709437852293  0.007100413781640938  0.028821863390595514  -0.008672495432486122  
-0.0016952638445207498  -0.002419345496838416  -0.004695285796391677  -0.005975445324214302  -0.005771217897374599  -0.005929872022236249  -0.007719740587165  -0.0057331514153232096  -0.0005430247621517891  -0.01193865046017935  -0.009901585531430442  -0.009985058121510524  -0.004923360490948717  -0.0015003300238651195  -0.007361397938455478  -0.003720878807509119  -0.006121694883893271  -0.003946008352656694  -0.004425877914938491  -0.007246842152448039  -0.007662897782580706  -0.00858128665056713  0.0  -0.006470719625654185  -0.001467195290151591  -0.009137109938900306  
0.008617067172680772  0.017541176353849785  0.01066505806037716  0.002962484939824193  0.00947726343783116  0.0049773605019334975  -0.0043517234584214744  0.011522421374166984  0.00835147970031891  -0.017878379207321295  -0.01176099154135942  -0.012704164660899518  0.007270345992727673  0.007528785705404587  -0.002901427485096663  0.008993665564681034  0.0036023906728191225  0.011505224548012968  0.009416623450703493  0.0017427762300311516  0.0015707738580925002  -0.00718387915296565  0.0064535011061606935  0.0  0.008541008927139243  -0.011018488280010232  
0.0012906687193974058  -0.000266502430271212  -0.007253144084568292  -0.014323437409456756  -0.007935356175481707  -0.009197066559097375  -0.03559129947567374  -0.007378958189400458  0.005620389036180482  -0.03676796627067788  -0.031362495951789915  -0.027627363466687194  -0.005273730413308442  0.001413374187291751  -0.03512217461308433  -0.0005261108262363915  -0.010564468439583462  -0.002314418797509059  -0.001399786079761725  -0.007961961879829624  -0.00755343053164559  -0.02884729444652839  0.0014801429021662  -0.008568780802799904  0.0  -0.025792992440502465  
0.012954271053414042  0.016253325310110506  0.034156891995230795  0.02061883966381658  0.01795252922893486  0.018950542301913977  0.010790541372716643  0.012974941331223018  0.01927602959440938  -0.04595696730657747  -0.002187807265143012  -0.019617522052335714  0.017816010816626135  0.01025776539942751  0.012741358804918255  0.011606969116875946  0.01740758265201873  0.015600746100219522  0.01229605715331747  0.01085817322225316  0.009657304809230077  0.008650258264710517  0.009148698719826194  0.01109736662119026  0.02559167532826581  0.0  
