Height_Data

node	height
0	20.53750133370047
1	248.71521435919868
2	21.65661624613379
3	213.8811666171172
4	88.54777741419822
5	55.29749335265389
6	199.9133972603474
7	105.18767077949123
8	218.50047824114623
9	102.41028513474954
10	45.77698540006775
11	30.00079859072036
12	62.031229561923546
13	80.41138818266708
14	74.64561222025313
15	136.6973967316451
16	14.358998591316011
17	4.750533357154857
18	364.0206439598892
19	207.51334594392722
20	14.923190850307495
21	294.0075668012348
22	344.4605336191906
23	121.51356270548486
24	101.65713463569402
25	203.45007965877917



height_matrix
0.0  -456.3554260509964  -2.238229824866643  -386.68733056683345  -136.02055216099552  -69.51998403790684  -358.75179185329387  -169.30033889158153  -395.9259538148915  -163.74556760209816  -50.478968132734565  -18.926594514039785  -82.98745645644615  -119.74777369793323  -108.21622177310532  -232.31979079588928  12.357005484768916  31.573935953091222  -686.9662852523775  -373.9516892204535  11.228620966785947  -546.9401309350687  -647.8460645709803  -201.9521227435688  -162.23926660398712  -365.8251566501574  
456.3554260509964  0.0  454.1171962261298  69.66809548416296  320.33487389000095  386.8354420130896  97.60363419770255  287.05508715941494  60.429472236104914  292.6098584488983  405.87645791826185  437.42883153695664  373.3679695945503  336.6076523530632  348.1392042778911  224.03563525510714  468.71243153576535  487.92936200408764  -230.610859201381  82.40373683054293  467.5840470177824  -90.58470488407227  -191.4906385199838  254.40330330742765  294.1161594470093  90.53026940083902  
2.238229824866643  -454.1171962261298  0.0  -384.44910074196684  -133.78232233612886  -67.28175421304019  -356.51356202842726  -167.06210906671487  -393.6877239900249  -161.5073377772315  -48.24073830786792  -16.68836468917314  -80.74922663157952  -117.50954387306658  -105.97799194823867  -230.08156097102264  14.595235309635559  33.812165777957865  -684.7280554275108  -371.7134593955869  13.46685079165259  -544.701901110202  -645.6078347461136  -199.71389291870213  -160.00103677912045  -363.5869268252908  
386.68733056683345  -69.66809548416296  384.44910074196684  0.0  250.66677840583796  317.1673465289266  27.935538713539586  217.38699167525195  -9.238623248058047  222.94176296473532  336.2083624340989  367.7607360527937  303.6998741103873  266.93955686890024  278.47110879372815  154.36753977094418  399.0443360516024  418.2612665199247  -300.27895468554397  12.735641346379964  397.9159515336194  -160.25280036823523  -261.15873400414677  184.7352078232647  224.44806396284636  20.862173916676056  
136.02055216099552  -320.33487389000095  133.78232233612886  -250.66677840583796  0.0  66.50056812308867  -222.73123969229837  -33.27978673058601  -259.905401653896  -27.72501544110264  85.54158402826094  117.09395764695572  53.03309570454935  16.27277846306228  27.80433038789019  -96.29923863489378  148.37755764576443  167.59448811408674  -550.945733091382  -237.931137059458  147.24917312778146  -410.9195787740732  -511.82551240998475  -65.93157058257327  -26.218714442991597  -229.8046044891619  
69.51998403790684  -386.8354420130896  67.28175421304019  -317.1673465289266  -66.50056812308867  0.0  -289.231807815387  -99.78035485367468  -326.40596977698465  -94.22558356419131  19.041015905172273  50.59338952386705  -13.467472418539316  -50.22778966002639  -38.69623773519848  -162.79980675798245  81.87698952267576  101.09391999099806  -617.4463012144706  -304.4317051825467  80.74860500469279  -477.4201468971619  -578.3260805330734  -132.43213870566194  -92.71928256608027  -296.30517261225054  
358.75179185329387  -97.60363419770255  356.51356202842726  -27.935538713539586  222.73123969229837  289.231807815387  0.0  189.45145296171236  -37.17416196159763  195.00622425119573  308.2728237205593  339.8251973392541  275.76433539684774  239.00401815536065  250.53557008018856  126.43200105740459  371.1087973380628  390.3257278063851  -328.21449339908355  -15.199897367159622  369.98041282007983  -188.1883390817748  -289.09427271768635  156.7996691097251  196.51252524930678  -7.07336479686353  
169.30033889158153  -287.05508715941494  167.06210906671487  -217.38699167525195  33.27978673058601  99.78035485367468  -189.45145296171236  0.0  -226.62561492331  5.554771289483369  118.82137075884695  150.37374437754173  86.31288243513536  49.55256519364829  61.0841171184762  -63.01945190430777  181.65734437635044  200.87427484467275  -517.6659463607959  -204.65135032887198  180.52895985836747  -377.6397920434872  -478.54572567939874  -32.65178385198726  7.061072287594413  -196.5248177585759  
395.9259538148915  -60.429472236104914  393.6877239900249  9.238623248058047  259.905401653896  326.40596977698465  37.17416196159763  226.62561492331  0.0  232.18038621279337  345.44698568215694  376.9993593008517  312.9384973584454  276.1781801169583  287.7097320417862  163.60616301900222  408.28295929966043  427.4998897679827  -291.0403314374859  21.97426459443801  407.15457478167747  -151.01417712017718  -251.92011075608872  193.97383107132273  233.6866872109044  30.100797164734104  
163.74556760209816  -292.6098584488983  161.5073377772315  -222.94176296473532  27.72501544110264  94.22558356419131  -195.00622425119573  -5.554771289483369  -232.18038621279337  0.0  113.26659946936358  144.81897308805836  80.758111145652  43.99779390416492  55.52934582899283  -68.57422319379114  176.10257308686707  195.31950355518939  -523.2207176502793  -210.20612161835535  174.9741885688841  -383.1945633329706  -484.1004969688821  -38.20655514147063  1.506300998111044  -202.07958904805926  
50.478968132734565  -405.87645791826185  48.24073830786792  -336.2083624340989  -85.54158402826094  -19.041015905172273  -308.2728237205593  -118.82137075884695  -345.44698568215694  -113.26659946936358  0.0  31.55237361869478  -32.50848832371159  -69.26880556519866  -57.73725364037075  -181.8408226631547  62.835973617503484  82.05290408582579  -636.4873171196429  -323.4727210877189  61.70758909952051  -496.4611628023341  -597.3670964382457  -151.47315461083423  -111.76029847125254  -315.34618851742283  
18.926594514039785  -437.42883153695664  16.68836468917314  -367.7607360527937  -117.09395764695572  -50.59338952386705  -339.8251973392541  -150.37374437754173  -376.9993593008517  -144.81897308805836  -31.55237361869478  0.0  -64.06086194240638  -100.82117918389343  -89.28962725906553  -213.3931962818495  31.2835999988087  50.50053046713101  -668.0396907383376  -355.0250947064137  30.15521548082573  -528.0135364210289  -628.9194700569404  -183.025528229529  -143.3126720899473  -346.8985621361176  
82.98745645644615  -373.3679695945503  80.74922663157952  -303.6998741103873  -53.03309570454935  13.467472418539316  -275.76433539684774  -86.31288243513536  -312.9384973584454  -80.758111145652  32.50848832371159  64.06086194240638  0.0  -36.76031724148707  -25.228765316659164  -149.33233433944315  95.34446194121507  114.56139240953738  -603.9788287959312  -290.96423276400736  94.2160774232321  -463.95267447862255  -564.858608114534  -118.96466628712263  -79.25181014754095  -282.83770019371127  
119.74777369793323  -336.6076523530632  117.50954387306658  -266.93955686890024  -16.27277846306228  50.22778966002639  -239.00401815536065  -49.55256519364829  -276.1781801169583  -43.99779390416492  69.26880556519866  100.82117918389343  36.76031724148707  0.0  11.531551924827909  -112.57201709795606  132.10477918270215  151.32170965102446  -567.2185115544441  -254.20391552252028  130.97639466471918  -427.19235723713547  -528.0982908730471  -82.20434904563555  -42.49149290605388  -246.07738295222418  
108.21622177310532  -348.1392042778911  105.97799194823867  -278.47110879372815  -27.80433038789019  38.69623773519848  -250.53557008018856  -61.0841171184762  -287.7097320417862  -55.52934582899283  57.73725364037075  89.28962725906553  25.228765316659164  -11.531551924827909  0.0  -124.10356902278397  120.57322725787424  139.79015772619655  -578.7500634792721  -265.7354674473482  119.44484273989127  -438.7239091619634  -539.629842797875  -93.73590097046346  -54.02304483088179  -257.6089348770521  
232.31979079588928  -224.03563525510714  230.08156097102264  -154.36753977094418  96.29923863489378  162.79980675798245  -126.43200105740459  63.01945190430777  -163.60616301900222  68.57422319379114  181.8408226631547  213.3931962818495  149.33233433944315  112.57201709795606  124.10356902278397  0.0  244.6767962806582  263.8937267489805  -454.64649445648814  -141.6318984245642  243.54841176267524  -314.6203401391794  -415.52627377509094  30.36766805232051  70.08052419190219  -133.50536585426812  
-12.357005484768916  -468.71243153576535  -14.595235309635559  -399.0443360516024  -148.37755764576443  -81.87698952267576  -371.1087973380628  -181.65734437635044  -408.28295929966043  -176.10257308686707  -62.835973617503484  -31.2835999988087  -95.34446194121507  -132.10477918270215  -120.57322725787424  -244.6767962806582  0.0  19.21693046832231  -699.3232907371463  -386.3086947052224  -1.128384517982969  -559.2971364198376  -660.2030700557491  -214.3091282283377  -174.59627208875602  -378.18216213492633  
-31.573935953091222  -487.92936200408764  -33.812165777957865  -418.2612665199247  -167.59448811408674  -101.09391999099806  -390.3257278063851  -200.87427484467275  -427.4998897679827  -195.31950355518939  -82.05290408582579  -50.50053046713101  -114.56139240953738  -151.32170965102446  -139.79015772619655  -263.8937267489805  -19.21693046832231  0.0  -718.5402212054687  -405.5256251735447  -20.345314986305276  -578.51406688816  -679.4200005240715  -233.52605869666002  -193.81320255707834  -397.3990926032486  
686.9662852523775  230.610859201381  684.7280554275108  300.27895468554397  550.945733091382  617.4463012144706  328.21449339908355  517.6659463607959  291.0403314374859  523.2207176502793  636.4873171196429  668.0396907383376  603.9788287959312  567.2185115544441  578.7500634792721  454.64649445648814  699.3232907371463  718.5402212054687  0.0  313.01459603192393  698.1949062191634  140.02615431730874  39.1202206813972  485.0141625088087  524.7270186483903  321.14112860222  
373.9516892204535  -82.40373683054293  371.7134593955869  -12.735641346379964  237.931137059458  304.4317051825467  15.199897367159622  204.65135032887198  -21.97426459443801  210.20612161835535  323.4727210877189  355.0250947064137  290.96423276400736  254.20391552252028  265.7354674473482  141.6318984245642  386.3086947052224  405.5256251735447  -313.01459603192393  0.0  385.18031018723946  -172.9884417146152  -273.89437535052673  171.99956647688472  211.7124226164664  8.126532570296092  
-11.228620966785947  -467.5840470177824  -13.46685079165259  -397.9159515336194  -147.24917312778146  -80.74860500469279  -369.98041282007983  -180.52895985836747  -407.15457478167747  -174.9741885688841  -61.70758909952051  -30.15521548082573  -94.2160774232321  -130.97639466471918  -119.44484273989127  -243.54841176267524  1.128384517982969  20.345314986305276  -698.1949062191634  -385.18031018723946  0.0  -558.1687519018546  -659.0746855377662  -213.18074371035473  -173.46788757077306  -377.05377761694336  
546.9401309350687  90.58470488407227  544.701901110202  160.25280036823523  410.9195787740732  477.4201468971619  188.1883390817748  377.6397920434872  151.01417712017718  383.1945633329706  496.4611628023341  528.0135364210289  463.95267447862255  427.19235723713547  438.7239091619634  314.6203401391794  559.2971364198376  578.51406688816  -140.02615431730874  172.9884417146152  558.1687519018546  0.0  -100.90593363591154  344.98800819149994  384.70086433108156  181.11497428491128  
647.8460645709803  191.4906385199838  645.6078347461136  261.15873400414677  511.82551240998475  578.3260805330734  289.09427271768635  478.54572567939874  251.92011075608872  484.1004969688821  597.3670964382457  628.9194700569404  564.858608114534  528.0982908730471  539.629842797875  415.52627377509094  660.2030700557491  679.4200005240715  -39.1202206813972  273.89437535052673  659.0746855377662  100.90593363591154  0.0  445.8939418274115  485.6067979669931  282.0209079208228  
201.9521227435688  -254.40330330742765  199.71389291870213  -184.7352078232647  65.93157058257327  132.43213870566194  -156.7996691097251  32.65178385198726  -193.97383107132273  38.20655514147063  151.47315461083423  183.025528229529  118.96466628712263  82.20434904563555  93.73590097046346  -30.36766805232051  214.3091282283377  233.52605869666002  -485.0141625088087  -171.99956647688472  213.18074371035473  -344.98800819149994  -445.8939418274115  0.0  39.712856139581675  -163.87303390658863  
162.23926660398712  -294.1161594470093  160.00103677912045  -224.44806396284636  26.218714442991597  92.71928256608027  -196.51252524930678  -7.061072287594413  -233.6866872109044  -1.506300998111044  111.76029847125254  143.3126720899473  79.25181014754095  42.49149290605388  54.02304483088179  -70.08052419190219  174.59627208875602  193.81320255707834  -524.7270186483903  -211.7124226164664  173.46788757077306  -384.70086433108156  -485.6067979669931  -39.712856139581675  0.0  -203.5858900461703  
365.8251566501574  -90.53026940083902  363.5869268252908  -20.862173916676056  229.8046044891619  296.30517261225054  7.07336479686353  196.5248177585759  -30.100797164734104  202.07958904805926  315.34618851742283  346.8985621361176  282.83770019371127  246.07738295222418  257.6089348770521  133.50536585426812  378.18216213492633  397.3990926032486  -321.14112860222  -8.126532570296092  377.05377761694336  -181.11497428491128  -282.0209079208228  163.87303390658863  203.5858900461703  0.0  



slope_matrix
0.0  -0.00572591500691338  -3.0120169894585426e-05  -0.0054294766998993745  -0.0016974984670035632  -0.002397240828893339  -0.00423655871343049  -0.0017286128128607466  -0.004267363158168695  -0.002553736238335904  -0.001855162371655074  -0.0007820906823983382  -0.0009608365920625929  -0.001465701024454507  -0.001549487711527854  -0.0025238434632904863  0.00023363595168782218  0.000435442503835212  -0.007489819943876771  -0.007596012374983821  0.0002292491009960381  -0.00724519977394448  -0.00731038213237396  -0.002196803249685291  -0.0016753331950019323  -0.007375507190527367  
0.00572591500691338  0.0  0.006653634323689467  0.007622329921680849  0.014782412269958512  0.007460664262547534  0.008099886655411  0.008354338974371796  0.003311203958142735  0.016411096940487847  0.006994252247428259  0.006787103670084665  0.02410380694606522  0.008745327418889665  0.019503596878313226  0.008288406779693197  0.003548969724659388  0.0035750979044848158  -0.017094948791799926  0.0024122873779432942  0.003648439817554482  -0.021516556979589613  -0.018591324128153768  0.005519707166574694  0.00597311452979304  0.002864881943064526  
3.0181092568320428e-05  -0.006653634323689467  0.0  -0.00547009334882284  -0.0026659424163271465  -0.0010371782675048587  -0.0060548150002280405  -0.003921645752739786  -0.007834425662972376  -0.0023420437612707585  -0.0008921904625091164  -0.00021326983628336283  -0.0010344375120941254  -0.0038665902363550584  -0.00136763442958109  -0.00505551539124657  0.00011634304750606265  0.0003734912822043286  -0.012352799975239682  -0.006941427813176226  0.00011080180016169648  -0.007697661189765722  -0.011157910073211897  -0.006450707135616994  -0.005488886338906362  -0.006432889717361833  
0.005435582380753914  -0.007689635263152645  0.005473208347455466  0.0  0.010496933769088692  0.007326573031391236  0.0018390743063554699  0.0055597696080627096  -0.00039616737770403293  0.02307885744976556  0.006796207043341397  0.0065800811603648895  0.01549489153624425  0.006174868306012034  0.02073500437779063  0.004858909026469757  0.0032308666185054034  0.0032597713858617777  -0.014184173579855644  0.0004900208290257778  0.0033270564509499953  -0.03304181450891448  -0.01452495739733853  0.003634373555444908  0.004157985623617013  0.0009054762984668427  
0.0017058007544644535  -0.014714509595314697  0.0026675371338357166  -0.010492539908155627  0.0  0.0012815680887085887  -0.01985126913478595  -0.0011126642170038786  -0.01825178382400955  -0.0011981424131850753  0.001549666377323568  0.0017942684285466705  0.0014805442686920535  0.0005646349223824525  0.0007621801093171652  -0.004264802419614428  0.0011231364593578413  0.001288593634584705  -0.031109301699118123  -0.007616233580648463  0.0011485894939764543  -0.016861697939026393  -0.029163846860967794  -0.0016883884912310698  -0.0005964220755912557  -0.0068353540895051135  
0.002441010675488302  -0.007467865675928371  0.00104006421723667  -0.0073214992273528765  -0.0012732255049413875  0.0  -0.005093902920313262  -0.0013910547170455135  -0.005030918153159443  -0.002601479391612129  0.001700090705818953  0.0029919213201577205  -0.0002303313223625674  -0.0009051683124892123  -0.0009226570752312466  -0.0024726580613302317  0.0010385209224083682  0.0010987275295185094  -0.009674808856384685  -0.014272466253283952  0.0010776538770144507  -0.010031942569807982  -0.009524474317079602  -0.0020150964501774488  -0.0013127464613631639  -0.013654616249412468  
0.004241567650192644  -0.008059755094773125  0.006064083992931355  -0.0018306381856841145  0.01992229335351506  0.005098392522746113  0.0  0.007608492086815757  -0.0042291424302158855  0.009272763873095375  0.005027280230276571  0.004863678221543639  0.010784682651421499  0.008233000969871191  0.009044605418057348  0.007195902166044655  0.002709812320832879  0.002784858217796697  -0.04262525888299786  -0.00040684950126230253  0.002780971232862897  -0.012071092949440334  -0.03834141547979925  0.004280635247330742  0.0049399830379413465  -0.00019464405054660236  
0.0017335689012039886  -0.008393423601152484  0.003917048278234815  -0.0055328834735365725  0.001103807188410813  0.0013889247613262067  -0.007629941722179314  0.0  -0.01398923548909321  0.00012327499532808188  0.0016756645150027775  0.0017647429219286672  0.0019612106892782405  0.002981502117548032  0.0011854088321070484  -0.007917016570892936  0.0011904151007624537  0.0015332626637814591  -0.024212626116033486  -0.0038657225222680767  0.0012141297993030296  -0.009966740354803041  -0.020098518508164583  -0.002425838324813318  0.0004353312137851056  -0.0035150208863991396  
0.004278430449696256  -0.0032488963567798342  0.00787359700786034  0.0003908047059246213  0.01792451045888938  0.0050456943851752145  0.004062749941158211  0.014067387642663562  0.0  0.007894606807643433  0.005104122128873477  0.004829610034599689  0.011015082624373297  0.013645167001826003  0.008007507153960095  0.01863395934157201  0.0028139979274909395  0.0031807790847388244  -0.05035299851859618  0.0004989615030526342  0.0028839394728833933  -0.006774974298796643  -0.030684544550071708  0.006967450828711305  0.0075407127205842014  0.0006730947487641794  
0.0025601245716400586  -0.016328675136657273  0.0023339210661449637  -0.023031173859993318  0.0011981424131850753  0.002609404141905049  -0.009303732073053232  -0.0001237969977598255  -0.007981450196383409  0.0  0.0027829631319253954  0.002940486763209307  0.0027943983095381313  0.0008997503865882398  0.002928762965664179  -0.001826697474528267  0.00151381907579186  0.001640513216489076  -0.01868645420179569  -0.01255711598675958  0.0015564329173535323  -0.027449467287462077  -0.018633583409117863  -0.0006750274759977144  2.521005854579153e-05  -0.012854935690080106  
0.0018737553130191004  -0.007020869363747827  0.0008943407176097131  -0.006815494880074983  -0.001541289802311008  -0.0016940405609583873  -0.005026460520472188  -0.0016754282396904533  -0.005083092785199484  -0.0027781849268914294  0.0  0.0012158910835720531  -0.0005041639008019788  -0.0012668033205047306  -0.001204113735982706  -0.0027962605361087915  0.0008076603292738237  0.0010116250041403746  -0.00930945322684866  -0.012805729259212943  0.000835127745290574  -0.00926233512690922  -0.00900327198851915  -0.002333587345722296  -0.0016006917569643734  -0.011380230549167189  
0.0007859881442707552  -0.006761923504976915  0.0002133243600814667  -0.006542621171549434  -0.0017885131762174387  -0.0029795871333255035  -0.004880442299860033  -0.0017697274847303958  -0.004848242789362805  -0.0029512731422062025  -0.0012163598156782877  0.0  -0.0008977138725113002  -0.0014669166184183534  -0.0016284812558647734  -0.002698447095116964  0.00042240885766687414  0.000531416715428086  -0.008713182349528337  -0.010269745290900021  0.00042986764762403037  -0.008730382546643996  -0.008543940633839701  -0.0023179524851764054  -0.0017087477297000992  -0.010040479367181407  
0.0009601695760320045  -0.02408825610287421  0.0010331140419336947  -0.015582343463847476  -0.0014838583017501219  0.0002298988121976667  -0.010751046214302055  -0.001949692397450539  -0.011112872775512974  -0.00280021189825423  0.0005019840692358183  0.0008999840115538968  0.0  -0.0007595106868075841  -0.0010758535316272564  -0.0040425645462762085  0.0006869197546197052  0.0007953442960950942  -0.02581106105965518  -0.006979233215735365  0.0006984659902382096  -0.02805034307609568  -0.027949461064548937  -0.0021243690408414753  -0.0013398446347851387  -0.007379016441265622  
0.0014703803253675494  -0.008768107641392634  0.0038691364746984485  -0.006139364233415369  -0.0005619053336692777  0.0009030526727800501  -0.008235837979164736  -0.002981502117548032  -0.013544785684990597  -0.0009015941373804288  0.0012665716870579385  0.001461388305318067  0.0007626621834333418  0.0  0.00020695534682031423  -0.007352842396992558  0.0009756630663419657  0.0013184664214045748  -0.022182968774127655  -0.00692276458394663  0.0009960939589681282  -0.010151909630160064  -0.018860653245465965  -0.007326590824031689  -0.002634314501305262  -0.006199984453318826  
0.001551042307196579  -0.019373355830711803  0.0013655198034820083  -0.021404389607511773  -0.0007638552304365437  0.000923097274217521  -0.009087253176648116  -0.0011865601615865618  -0.00806361356619356  -0.002927219073747645  0.0012003587035420114  0.0016377407787796319  0.001068110301298017  -0.00020736471722402282  0.0  -0.002810952865748221  0.0010036895634552088  0.0010974262657104455  -0.01871766052649651  -0.01061667868347376  0.0010277477434167206  -0.03188400502630548  -0.01946014579148485  -0.0014829283494773528  -0.0008140904887112988  -0.01188781425367107  
0.002537350270815741  -0.008322274712299672  0.005073351435933555  -0.004822478593281605  0.004210723158499947  0.0024764193300575365  -0.007204102624353538  0.007867596991798722  -0.018341498096300698  0.0018150932555264993  0.002805752548420841  0.0026974237932227215  0.004065677493586799  0.007415811403027409  0.002804600429893423  0.0  0.0016742630099949242  0.0020338473441359256  -0.032244432230956604  -0.003023738224264821  0.0017123561257306845  -0.010278351523658262  -0.025137705612528188  0.0015252470141798348  0.0030390513526410315  -0.0026802924283129514  
-0.00023487940476656368  -0.0035557004364721997  -0.0001163987184754411  -0.003235319734486804  -0.0011219475058280863  -0.0010335393779686412  -0.002712783606272389  -0.001194328365393494  -0.002817687779845828  -0.0015149911655786912  -0.0008067270974130631  -0.00042076126427449494  -0.000688457375559355  -0.0009763841772557439  -0.0010042747564374  -0.0016774770072717552  0.0  0.00016666895462551874  -0.0048618137565152  -0.0038844514299167664  -7.092297410326644e-05  -0.004382862913720222  -0.004690941239560531  -0.0014669664469049058  -0.0011562667025745432  -0.0037886411754651005  
-0.0004319870837746781  -0.0035620481968468946  -0.0003720938239018143  -0.0032488835367401325  -0.001286615139828702  -0.0010923168016315295  -0.0027800977763987544  -0.001531042254591602  -0.0031708701891247117  -0.0016350201201673312  -0.0010069076461630359  -0.0005280825103746837  -0.0007936912318798488  -0.0013162873465873163  -0.001093734118818532  -0.00202868771572313  -0.0001661645522552729  0.0  -0.005132393491514123  -0.0039011604153299153  -0.00019745065010001237  -0.004349075829861374  -0.004770169419045513  -0.0019291702494560927  -0.0016254042482143436  -0.003719572188349388  
0.007495540482840998  0.016969158145796984  0.012330555103050742  0.014104225208339313  0.03102171920559583  0.009677841711825558  0.04245983097012724  0.023921716560110717  0.05262935469032295  0.01861995436477862  0.009306730766481107  0.008721144787706758  0.02581106105965518  0.0220108075884534  0.01871766052649651  0.031771243498007556  0.004852031435073519  0.0051349609536519335  0.0  0.007045118074092368  0.004979281887171326  0.008103365411881292  0.012225068962936625  0.014534436994570233  0.014368209711073119  0.007397860598991477  
0.0076582365189525594  -0.002422214486494501  0.006977913636110135  -0.0004940124649487961  0.007618672336197822  0.014510567453886878  0.00041014294029032976  0.0038715730293013995  -0.0005007808704293074  0.01273976494656699  0.013106674274218758  0.010335519496547707  0.007096688604000179  0.00694166891104643  0.010859643132298659  0.0030153693511723273  0.0038946334782258537  0.003935613598345737  -0.007097836644714828  0.0  0.004042614506583117  -0.005754771846793586  -0.006508896752626586  0.0036712821019612533  0.0040902709160832  0.0023218664486560265  
-0.00022803860614918658  -0.0036402027794299914  -0.0001103659301069709  -0.0033167954616455733  -0.001142529276286324  -0.0010645827950519814  -0.0027728427851313785  -0.0012138032667139613  -0.0028768075657576307  -0.0015502275943021539  -0.0008281786216550867  -0.00042484101832665163  -0.0006972770679635294  -0.00099277188406518  -0.001023608216127271  -0.0017092316075701822  7.14167416444917e-05  0.00019787312766295735  -0.004970420062783252  -0.004008954102698163  0.0  -0.004492665420974361  -0.0047978065482839494  -0.00149369915716336  -0.0011750178660893658  -0.003909318585971419  
0.00724519977394448  0.021567786877160062  0.007697661189765722  0.03250563901992601  0.01684096634319972  0.010021413662828755  0.012086598528052332  0.009932661547698243  0.006892477276137708  0.027627582071591245  0.009224473482020329  0.008765164947228236  0.028289797224306253  0.010135049993763594  0.032164509469352155  0.01025155881848092  0.004374293261534785  0.0043654849599166915  -0.008164790339201675  0.005728094096510437  0.004503176699490558  0.0  -0.007228218741827474  0.006934432325457285  0.007272228059188687  0.006612448860347254  
0.007308732677921709  0.018448038393062024  0.01114058143511093  0.014444620243592188  0.029130649539555194  0.009513506835549818  0.03834141547979925  0.019889681034056472  0.0316880642460489  0.018604938392347507  0.009008703007664692  0.008569552664626522  0.027977147504434575  0.018733532844024372  0.01947419136766059  0.024837195085181767  0.004678309736789605  0.004772850211969508  -0.012263392063133918  0.006467399654085637  0.004803401250184142  0.007171708147541687  0.0  0.012458618100793838  0.012470641961145175  0.00695660848349341  
0.0022037551587032822  -0.00552090501969244  0.006429938600086997  -0.0036102248939469356  0.001683645826929859  0.0020120349241212693  -0.004271306704160313  0.0024204435768708124  -0.006907899966927448  0.0006709967534504853  0.0023343065897801544  0.0023112202074697433  0.002128550121437156  0.007466335063182158  0.0014782510798054481  -0.0015237164100512048  0.001462062547607707  0.0019339632190199588  -0.014582506389320767  -0.0036658049121245677  0.0014942226376277756  -0.006931645734207353  -0.012493525968826323  0.0  0.006585879956812882  -0.0032846869895086918  
0.0016756792667216188  -0.005997474703242441  0.0054794875609287825  -0.004146463402232521  0.0005913106550065764  0.0013059053882546517  -0.004953680999478366  -0.00043213416692744266  -0.0075285659539595495  -2.5146928182154325e-05  0.0015949807117347301  0.001698621217138169  0.0013466747688622082  0.0026245517545431672  0.0008139678293036279  -0.0030616218519834942  0.0011504762262042438  0.0016301892720756862  -0.014487217522042801  -0.004063578169222004  0.0011732694458625164  -0.007295673512821573  -0.012564212107813534  -0.006499649122681125  0.0  -0.0036968565470523024  
0.007390407205053685  -0.0029137518313755717  0.006471821410204535  -0.0009235136749303257  0.0068353540895051135  0.013686151159919193  0.00019648235546843138  0.0035238446791926825  -0.0006820937494841175  0.013088056285496067  0.011429727746191476  0.009971214778272999  0.007494374673919217  0.006225079255052471  0.012145635779210377  0.002676530991464878  0.0037871235943813973  0.003750817296868793  -0.007461457448936339  -0.0022573701584155813  0.003929690230504881  -0.006742925327062966  -0.007052285769462936  0.0032932683662899643  0.003723905067608749  0.0  
