Height_Data

node	height
0	12.515998998376293
1	25.791631598413073
2	32.721174990714765
3	32.85686259407879
4	212.52343175830384
5	341.1511857407771
6	102.6836835223743
7	9.397933476592156
8	66.38939547098774
9	154.9324960597702
10	162.50342363704033
11	130.2859237454265
12	213.54672055854468
13	64.40701040473064
14	170.1403550679487
15	43.358216805242975
16	55.94858060292967
17	285.0331870781418
18	61.952881168297395
19	42.75571723984076
20	36.85592505042051
21	141.06931067465146
22	28.163550745079675
23	371.35899380527326
24	322.18031209690815
25	183.35329723740963



height_matrix
0.0  -26.55126520007356  -40.41035198467694  -40.681727191404995  -400.0148655198551  -657.2703734848017  -180.335369047996  6.236131043568275  -107.7467929452229  -284.8329941227878  -299.9748492773281  -235.5398494941004  -402.0614431203368  -103.7820228127087  -315.2487121391448  -61.68443561373336  -86.86516320910675  -545.034376159531  -98.87376433984221  -60.47943648292894  -48.67985210408843  -257.10662335255034  -31.295103493406764  -717.6859896137939  -619.3286261970637  -341.6745964780667  
26.55126520007356  0.0  -13.859086784603385  -14.130461991331437  -373.46360031978156  -630.7191082847281  -153.78410384792244  32.78739624364184  -81.19552774514932  -258.28172892271425  -273.42358407725453  -208.98858429402682  -375.51017792026323  -77.23075761263513  -288.69744693907126  -35.133170413659805  -60.31389800903319  -518.4831109594575  -72.32249913976864  -33.92817128285538  -22.128586904014874  -230.55535815247677  -4.743838293333205  -691.1347244137204  -592.7773609969902  -315.12333127799315  
40.41035198467694  13.859086784603385  0.0  -0.2713752067280524  -359.60451353517817  -616.8600215001247  -139.92501706331905  46.646483028245214  -67.33644096054594  -244.42264213811086  -259.56449729265114  -195.12949750942346  -361.65109113565984  -63.37167082803175  -274.83836015446786  -21.27408362905642  -46.454811224429804  -504.62402417485407  -58.46341235516526  -20.069084498251996  -8.26950011941149  -216.6962713678734  9.11524849127018  -677.275637629117  -578.9182742123868  -301.26424449338975  
40.681727191404995  14.130461991331437  0.2713752067280524  0.0  -359.3331383284501  -616.5886462933967  -139.653641856591  46.91785823497327  -67.06506575381789  -244.1512669313828  -259.2931220859231  -194.8581223026954  -361.3797159289318  -63.1002956213037  -274.5669849477398  -21.002708422328368  -46.18343601770175  -504.352648968126  -58.19203714843721  -19.797709291523944  -7.998124912683437  -216.42489616114534  9.386623697998232  -677.0042624223889  -578.6468990056587  -300.9928692866617  
400.0148655198551  373.46360031978156  359.60451353517817  359.3331383284501  0.0  -257.25550796494656  219.6794964718591  406.25099656342337  292.26807257463224  115.18187139706731  100.04001624252703  164.4750160257547  -2.046577600481669  296.2328427071464  84.7661533807103  338.3304299061217  313.14970231074835  -145.0195106396759  301.1411011800129  339.5354290369262  351.33501341576664  142.90824216730476  368.71976202644834  -317.67112409393883  -219.31376067720862  58.34026904178842  
657.2703734848017  630.7191082847281  616.8600215001247  616.5886462933967  257.25550796494656  0.0  476.9350044368057  663.50650452837  549.5235805395788  372.43737936201387  357.2955242074736  421.7305239907013  255.2089303644649  553.488350672093  342.02166134565687  595.5859378710683  570.4052102756949  112.23599732527066  558.3966091449595  596.7909370018727  608.5905213807132  400.1637501322513  625.975269991395  -60.41561612899227  37.94174728773794  315.595777006735  
180.335369047996  153.78410384792244  139.92501706331905  139.653641856591  -219.6794964718591  -476.9350044368057  0.0  186.57150009156427  72.58857610277312  -104.49762507479178  -119.63948022933207  -55.204480446104384  -221.72607407234077  76.55334623528731  -134.9133430911488  118.65093343426264  93.47020583888926  -364.699007111535  81.4616047081538  119.85593256506706  131.65551694390757  -76.77125430455433  149.04026555458924  -537.350620565798  -438.99325714906774  -161.33922743007068  
-6.236131043568275  -32.78739624364184  -46.646483028245214  -46.91785823497327  -406.25099656342337  -663.50650452837  -186.57150009156427  0.0  -113.98292398879116  -291.06912516635606  -306.21098032089634  -241.77598053766866  -408.29757416390504  -110.01815385627697  -321.48484318271306  -67.92056665730163  -93.10129425267502  -551.2705072030993  -105.10989538341047  -66.71556752649721  -54.9159831476567  -263.3427543961186  -37.531234536975035  -723.9221206573623  -625.564757240632  -347.91072752163495  
107.7467929452229  81.19552774514932  67.33644096054594  67.06506575381789  -292.26807257463224  -549.5235805395788  -72.58857610277312  113.98292398879116  0.0  -177.0862011775649  -192.22805633210518  -127.7930565488775  -294.3146501751139  3.9647701325141895  -207.5019191939219  46.06235733148952  20.88162973611614  -437.28758321430814  8.873028605380682  47.26735646229395  59.06694084113445  -149.35983040732745  76.45168945181612  -609.9391966685711  -511.58183325184086  -233.9278035328438  
284.8329941227878  258.28172892271425  244.42264213811086  244.1512669313828  -115.18187139706731  -372.43737936201387  104.49762507479178  291.06912516635606  177.0862011775649  0.0  -15.14185515454028  49.2931446286874  -117.22844899754898  181.0509713100791  -30.415718016357005  223.14855850905442  197.96783091368104  -260.2013820367432  185.95922978294558  224.35355763985885  236.15314201869936  27.726370770237452  253.53789062938102  -432.85299549100614  -334.49563207427593  -56.841602355278894  
299.9748492773281  273.42358407725453  259.56449729265114  259.2931220859231  -100.04001624252703  -357.2955242074736  119.63948022933207  306.21098032089634  192.22805633210518  15.14185515454028  0.0  64.43499978322768  -102.0865938430087  196.19282646461937  -15.273862861816724  238.2904136635947  213.10968606822132  -245.05952688220293  201.10108493748587  239.49541279439913  251.29499717323964  42.86822592477773  268.6797457839213  -417.71114033646586  -319.35377691973565  -41.699747200738614  
235.5398494941004  208.98858429402682  195.12949750942346  194.8581223026954  -164.4750160257547  -421.7305239907013  55.204480446104384  241.77598053766866  127.7930565488775  -49.2931446286874  -64.43499978322768  0.0  -166.52159362623638  131.7578266813917  -79.7088626450444  173.85541388036702  148.67468628499364  -309.4945266654306  136.66608515425818  175.06041301117145  186.85999739001196  -21.56677385844995  204.24474600069362  -482.14614011969354  -383.78877670296333  -106.1347469839663  
402.0614431203368  375.51017792026323  361.65109113565984  361.3797159289318  2.046577600481669  -255.2089303644649  221.72607407234077  408.29757416390504  294.3146501751139  117.22844899754898  102.0865938430087  166.52159362623638  0.0  298.2794203076281  86.81273098119198  340.3770075066034  315.19627991123  -142.97293303919423  303.1876787804946  341.58200663740786  353.3815910162483  144.95481976778643  370.76633962693  -315.62454649345716  -217.26718307672695  60.386846642270086  
103.7820228127087  77.23075761263513  63.37167082803175  63.1002956213037  -296.2328427071464  -553.488350672093  -76.55334623528731  110.01815385627697  -3.9647701325141895  -181.0509713100791  -196.19282646461937  -131.7578266813917  -298.2794203076281  0.0  -211.4666893264361  42.09758719897533  16.91685960360195  -441.2523533468223  4.908258472866493  43.30258632977976  55.102170708620264  -153.32460053984164  72.48691931930193  -613.9039668010853  -515.546603384355  -237.892573665358  
315.2487121391448  288.69744693907126  274.83836015446786  274.5669849477398  -84.7661533807103  -342.02166134565687  134.9133430911488  321.48484318271306  207.5019191939219  30.415718016357005  15.273862861816724  79.7088626450444  -86.81273098119198  211.4666893264361  0.0  253.56427652541143  228.38354893003805  -229.7856640203862  216.3749477993026  254.76927565621585  266.56886003505633  58.14208878659446  283.95360864573803  -402.43727747464914  -304.0799140579189  -26.42588433892189  
61.68443561373336  35.133170413659805  21.27408362905642  21.002708422328368  -338.3304299061217  -595.5859378710683  -118.65093343426264  67.92056665730163  -46.06235733148952  -223.14855850905442  -238.2904136635947  -173.85541388036702  -340.3770075066034  -42.09758719897533  -253.56427652541143  0.0  -25.180727595373384  -483.3499405457976  -37.18932872610884  1.2049991308044241  13.004583509644931  -195.42218773881697  30.3893321203266  -656.0015540000605  -557.6441905833303  -279.99016086433335  
86.86516320910675  60.31389800903319  46.454811224429804  46.18343601770175  -313.14970231074835  -570.4052102756949  -93.47020583888926  93.10129425267502  -20.88162973611614  -197.96783091368104  -213.10968606822132  -148.67468628499364  -315.19627991123  -16.91685960360195  -228.38354893003805  25.180727595373384  0.0  -458.16921295042425  -12.008601130735457  26.385726726177808  38.185311105018314  -170.2414601434436  55.57005971569998  -630.8208264046872  -532.463462987957  -254.80943326895994  
545.034376159531  518.4831109594575  504.62402417485407  504.352648968126  145.0195106396759  -112.23599732527066  364.699007111535  551.2705072030993  437.28758321430814  260.2013820367432  245.05952688220293  309.4945266654306  142.97293303919423  441.2523533468223  229.7856640203862  483.3499405457976  458.16921295042425  0.0  446.1606118196888  484.5549396766021  496.35452405544254  287.92775280698066  513.7392726661242  -172.65161345426293  -74.29425003753272  203.35977968146432  
98.87376433984221  72.32249913976864  58.46341235516526  58.19203714843721  -301.1411011800129  -558.3966091449595  -81.4616047081538  105.10989538341047  -8.873028605380682  -185.95922978294558  -201.10108493748587  -136.66608515425818  -303.1876787804946  -4.908258472866493  -216.3749477993026  37.18932872610884  12.008601130735457  -446.1606118196888  0.0  38.394327856913264  50.19391223575377  -158.23285901270813  67.57866084643544  -618.8122252739518  -520.4548618572215  -242.80083213822448  
60.47943648292894  33.92817128285538  20.069084498251996  19.797709291523944  -339.5354290369262  -596.7909370018727  -119.85593256506706  66.71556752649721  -47.26735646229395  -224.35355763985885  -239.49541279439913  -175.06041301117145  -341.58200663740786  -43.30258632977976  -254.76927565621585  -1.2049991308044241  -26.385726726177808  -484.5549396766021  -38.394327856913264  0.0  11.799584378840507  -196.6271868696214  29.184332989522176  -657.206553130865  -558.8491897141348  -281.1951599951377  
48.67985210408843  22.128586904014874  8.26950011941149  7.998124912683437  -351.33501341576664  -608.5905213807132  -131.65551694390757  54.9159831476567  -59.06694084113445  -236.15314201869936  -251.29499717323964  -186.85999739001196  -353.3815910162483  -55.102170708620264  -266.56886003505633  -13.004583509644931  -38.185311105018314  -496.35452405544254  -50.19391223575377  -11.799584378840507  0.0  -208.4267712484619  17.38474861068167  -669.0061375097055  -570.6487740929753  -292.9947443739783  
257.10662335255034  230.55535815247677  216.6962713678734  216.42489616114534  -142.90824216730476  -400.1637501322513  76.77125430455433  263.3427543961186  149.35983040732745  -27.726370770237452  -42.86822592477773  21.56677385844995  -144.95481976778643  153.32460053984164  -58.14208878659446  195.42218773881697  170.2414601434436  -287.92775280698066  158.23285901270813  196.6271868696214  208.4267712484619  0.0  225.81151985914357  -460.5793662612436  -362.2220028445134  -84.56797312551635  
31.295103493406764  4.743838293333205  -9.11524849127018  -9.386623697998232  -368.71976202644834  -625.975269991395  -149.04026555458924  37.531234536975035  -76.45168945181612  -253.53789062938102  -268.6797457839213  -204.24474600069362  -370.76633962693  -72.48691931930193  -283.95360864573803  -30.3893321203266  -55.57005971569998  -513.7392726661242  -67.57866084643544  -29.184332989522176  -17.38474861068167  -225.81151985914357  0.0  -686.3908861203872  -588.0335227036569  -310.3794929846599  
717.6859896137939  691.1347244137204  677.275637629117  677.0042624223889  317.67112409393883  60.41561612899227  537.350620565798  723.9221206573623  609.9391966685711  432.85299549100614  417.71114033646586  482.14614011969354  315.62454649345716  613.9039668010853  402.43727747464914  656.0015540000605  630.8208264046872  172.65161345426293  618.8122252739518  657.206553130865  669.0061375097055  460.5793662612436  686.3908861203872  0.0  98.35736341673021  376.01139313572725  
619.3286261970637  592.7773609969902  578.9182742123868  578.6468990056587  219.31376067720862  -37.94174728773794  438.99325714906774  625.564757240632  511.58183325184086  334.49563207427593  319.35377691973565  383.78877670296333  217.26718307672695  515.546603384355  304.0799140579189  557.6441905833303  532.463462987957  74.29425003753272  520.4548618572215  558.8491897141348  570.6487740929753  362.2220028445134  588.0335227036569  -98.35736341673021  0.0  277.65402971899704  
341.6745964780667  315.12333127799315  301.26424449338975  300.9928692866617  -58.34026904178842  -315.595777006735  161.33922743007068  347.91072752163495  233.9278035328438  56.841602355278894  41.699747200738614  106.1347469839663  -60.386846642270086  237.892573665358  26.42588433892189  279.99016086433335  254.80943326895994  -203.35977968146432  242.80083213822448  281.1951599951377  292.9947443739783  84.56797312551635  310.3794929846599  -376.01139313572725  -277.65402971899704  0.0  



slope_matrix
0.0  -0.0002890090911077997  -0.00044776013279420435  -0.00040767338602470184  -0.005793958075316557  -0.009633158046091187  -0.0029294244484729696  0.0001355091491431611  -0.00191617984963939  -0.003714082593855624  -0.004024293332224253  -0.00311437061343515  -0.004994552088451389  -0.0015203929506696265  -0.004556934260467545  -0.000686909082558278  -0.0018741135535945363  -0.006239660860441111  -0.0015736712452624894  -0.0010885427732708593  -0.0006092597259585536  -0.003231972236081889  -0.00032544824764358114  -0.010369686311426008  -0.007302542461939202  -0.0051729689095846585  
0.00028951330498390096  0.0  -0.0001372866447211826  -0.00011951672157093324  -0.006281978138263778  -0.022769642898365635  -0.0022277865253936325  0.00029763431593719895  -0.0017198798505644846  -0.003507356449249243  -0.0053060019032670535  -0.0027254640622590876  -0.005671416802650061  -0.0019787537179768162  -0.004266885115859758  -0.0008243352983026703  -0.000842961537512693  -0.007433343048263931  -0.0022342446444167017  -0.0003864256410347993  -0.001032598548950764  -0.004550943687500775  -3.773936589763886e-05  -0.023540011049513636  -0.008819647989123658  -0.005279332070329924  
0.0004486549570853441  0.00013670434784576234  0.0  -1.3116249721027181e-05  -0.008374581125644577  -0.006533149984114857  -0.003366819467356089  0.0005044499083837483  -0.0011166905631931334  -0.008347767832585753  -0.004900217052910159  -0.007224342743777248  -0.009499634650266873  -0.0009918871627489709  -0.00802682126619357  -0.00029613145363385887  -0.0009233713222903956  -0.01219193100205011  -0.0006763467417302783  -0.0005471397082402398  -9.541363931477431e-05  -0.0037930381825288535  0.00030374036958581073  -0.006978625838527738  -0.01433320807656318  -0.006690300788216517  
0.0004063702646229647  0.0001193551988456072  1.3072023445474584e-05  0.0  -0.0059335062471672735  -0.005503290309651881  -0.0024406438632749213  0.0005277599351515553  -0.0008606912956085458  -0.005205783943099846  -0.0037345977543702014  -0.004366079370439063  -0.006627172490902838  -0.0007799789322781668  -0.005294388448664478  -0.00023785626752353758  -0.0007352879480608462  -0.008958306375988028  -0.000559216194007661  -0.00044191315382865944  -7.714240849424611e-05  -0.002940955240673262  0.0007362057802351554  -0.00590960424600549  -0.010178485470636038  -0.004804355455493403  
0.005799838560531465  0.006287265998649521  0.008378483539962213  0.005942337329724659  0.0  -0.004771944128453841  0.014944183433459803  0.004825349462097176  0.012863911645010223  0.007075053525618385  0.007677668169035075  0.008819035711836714  -0.0001665238080131545  0.013520440105301068  0.00880230045490242  0.010605969589533595  0.012471115185613236  -0.007672989980935233  0.006625766802640549  0.010144470541886053  0.007861602448327738  0.008313452133060195  0.005283274996796795  -0.0057165939192718885  -0.013405486593961407  0.011372372132902226  
0.009807078088403486  0.023094804404420657  0.006586866219969297  0.005544861927098891  0.004815715237082489  0.0  0.00818491512676859  0.007763033866015795  0.016119788223513606  0.0055086138050882095  0.006717343940730844  0.006078560449563293  0.0039696520510882705  0.015168220078709044  0.005624431201211262  0.011357474025001302  0.010183988756930815  0.0016332362823817035  0.05277850748061999  0.008705921765162257  0.021124280506099036  0.007041417387511021  0.00567623567275476  -0.026971257200442977  0.0005733113824076449  0.006002201921010555  
0.002933236321535394  0.0022178267067770757  0.0033619658112282328  0.002435536132832072  -0.014954356465068692  -0.00805089474066181  0.0  0.0025311558823981044  0.0028896726155562547  -0.005431269494531797  -0.004404988226411342  -0.0030365500795436957  -0.009858873902727468  0.0024718548994280692  -0.012078186489807411  0.0025776870179070746  0.00580921105275881  -0.012295988102209542  0.0015891846412047171  0.006080970703453428  0.0024344585233710718  -0.0024511894733254894  0.002619797250036724  -0.008816253003540574  -0.016307327531540405  -0.011828389107776442  
-0.00013693744057023002  -0.0002997293741991209  -0.0005064764715336071  -0.0005274039819578829  -0.004825349462097176  -0.007737685184004315  -0.002539424256044158  0.0  -0.001577836710808294  -0.0033016007845548556  -0.0034000397543986448  -0.0027758436341867813  -0.0043069364363281125  -0.001293570298133768  -0.003899149098638121  -0.0006372133094783904  -0.0015254754838143734  -0.005458664295505489  -0.00130815053370766  -0.0011618872784133962  -0.000567959283769332  -0.00276995881389823  -0.00046767893504018733  -0.008346847926407958  -0.006367071320515339  -0.004284562105412925  
0.001924737280193335  0.0017104598218906535  0.0011185455309060787  0.0008625731929751497  -0.012652297514053343  -0.015809078841760034  -0.0028850785414456723  0.0015672064346045806  0.0  -0.004841066188561096  -0.008183399588425082  -0.0035567229765899665  -0.008565618456784456  0.00028585220854464234  -0.007584134473462058  0.001289178766624392  0.0007640552409848569  -0.011273204001400056  0.0003368651710471026  0.0010759698716661494  0.0019968539838111717  -0.005240695803765875  0.0009342745869707457  -0.016728996068803376  -0.014112602296602507  -0.012064352941353471  
0.003716990658003234  0.003472462072098874  0.008364909039634183  0.005224722168443886  -0.0069053879734452825  -0.005406261857483145  0.005417191553903151  0.0032870595727425866  0.004830501941559326  0.0  -0.0005832763927018598  0.006923194470321264  -0.01026518817841935  0.004907860431284335  -0.003198287909185805  0.004977661354205988  0.0060319265970042975  -0.016885229204201376  0.0030772667513312194  0.007017627702216417  0.003957652790660287  0.0009205302380556923  0.0045234235616303485  -0.00613540744849052  -0.024012608189108105  -0.0028195239263531196  
0.004056400174133251  0.005375898705830686  0.004882703109342572  0.0037201308764120956  -0.0077912785235612955  -0.006683417961232204  0.004437666180613207  0.003412163674584597  0.008200855645567627  0.0005857584199048465  0.0  0.0022165462601729507  -0.006465268767764959  0.009760837137543252  -0.0007553839199711535  0.011808246464994782  0.006489332706096873  -0.012677678576420224  0.004468912998610797  0.005237161880481065  0.006701199924619723  0.00783697000452975  0.003400148643177946  -0.007578213721633996  -0.019020475099448222  -0.0024371564699438115  
0.003117255816491535  0.002709914215430846  0.0072377410055424135  0.004377850422437551  -0.008804872378252393  -0.006010982382991751  0.0030298836688311954  0.0027637857857529566  0.0035458672738312292  -0.006962308563373927  -0.0021901767431416613  0.0  -0.009806925419684122  0.003324699134024519  -0.007986859984473387  0.0036002363611589774  0.004617226282142659  -0.013922380866641054  0.0021979106650733063  0.005810169698346215  0.002994071421086556  -0.0006422505615976756  0.0037942549879378343  -0.00670858689466667  -0.019691573971419362  -0.005110002262107188  
0.00498217401636105  0.005746050984992781  0.009445053307277613  0.00659091220005347  0.00016693128878317038  -0.003946326432108627  0.009729094957101394  0.00430189940221792  0.008548203606596395  0.010466825803352588  0.00646117682550688  0.009900213651976004  0.0  0.009130071022578148  0.007023683736342393  0.009817623521967215  0.009023655308079874  -0.01762921492468486  0.005393838797020007  0.00860408077172312  0.006737494585629138  0.007262265519428178  0.005779677936507093  -0.004758398107846482  -0.040459438189334625  0.0035816635019140027  
0.0015275540596512908  0.001967662614334653  0.0010012904223105034  0.0007831735834839729  -0.013594898701567068  -0.015052715547242128  -0.002475852077467248  0.0012867620334067482  -0.00028564626314943727  -0.005031989197056117  -0.009736616697995998  -0.0033766741845564245  -0.009132866512787143  0.0  -0.007048889644214537  0.0017168673409043774  0.00048808019629549765  -0.01189680111477008  0.0001733754317508475  0.0008714547460209249  0.0  -0.0064693924278414194  0.0008275707194805564  -0.01597460231072301  -0.014921754077694789  -0.011355254112904915  
0.004524235248839621  0.004241807918587588  0.008033860279288742  0.005304617174415375  -0.008811450455375291  -0.005529857095321857  0.011481986646055216  0.0038836052570996988  0.007482939747346625  0.0032016545280375793  0.0007439777331620421  0.008019000266101048  -0.0070066772381914425  0.006917457943291989  0.0  0.006435641536177955  0.009559796941399667  -0.011783880206173651  0.004016613101899064  0.008852302837255589  0.004996604686692715  0.0023548841144833722  0.0046488802987186975  -0.006331612295069999  -0.01814319296288299  -0.002245189833383338  
0.0006875215739381784  0.0008291992073084683  0.0002954733837368947  0.0002372115249867672  -0.01067962215612758  -0.011310025405831148  -0.0025906317343725466  0.0006329261094500301  -0.0012727924103755049  -0.004993254833498644  -0.011944381637272917  -0.0036287917737500945  -0.009828963543361345  -0.001735267403090492  -0.006491660945351035  0.0  -0.0004838725517942618  -0.01301076555977921  -0.0008004590771870176  1.8661903837764042e-05  0.000418288308447891  -0.010655517324908232  0.0003105388526499755  -0.012076611818852367  -0.015855677867026737  -0.007728130302631337  
0.0018801983378594535  0.0008409634412860177  0.0009311447429230268  0.0007411881883758908  -0.012481056289786702  -0.010124338130559015  -0.00581282374619958  0.0015237278318304941  -0.0007660172316990514  -0.006042974081614195  -0.006442251694928093  -0.004630167744783358  -0.009041775097855136  -0.0004879394174676074  -0.009701934958795158  0.0004769077196093444  0.0  -0.010901004352853301  -0.00024094304034380932  0.0014347866626524093  0.0006763250284275295  -0.004469452878536193  0.000947001699313224  -0.011005248192684704  -0.01355213700656546  -0.011175852336357891  
0.006246812334206659  0.007551348086387578  0.012200774278889121  0.0089519462010672  0.0076487083670715135  -0.0016287330913549653  0.012148534547352933  0.00543981159663607  0.011308186791163903  0.01681974027386834  0.012823627780335056  0.01374920154000136  0.017457012581098198  0.011954818568052623  0.011759757626427135  0.012972354818727794  0.010867391199013858  0.0  0.007380655282376986  0.010675367695012164  0.008852408133680089  0.012923148689720856  0.007824235039082  -0.002446529877487076  -0.02404344661408826  0.008631569595987449  
0.001585786116116154  0.0022530373563790854  0.0006770516775352086  0.0005600773546529087  -0.006657994719876474  -0.051560167049396075  -0.0015876360301725551  0.001300865041873892  -0.00033673732847744526  -0.003129573035727795  -0.004468912998610797  -0.002201451113953901  -0.005404414951523968  -0.00017343669515429303  -0.004048932406424076  0.0008039197735864427  0.0002390247040353395  -0.0073709005752468  0.0  0.0006115694147326102  0.0020478952360568656  -0.003227924500463242  0.0006556579106086683  -0.04954461371288645  -0.008974907084966744  -0.005469719129043128  
0.0010858067591190115  0.00038528470682324984  0.0005469905832175524  0.00044700179028051354  -0.010184026065894606  -0.008611701832638857  -0.006096436040949495  0.0011548479751860344  -0.0010781787514209387  -0.007011048676245589  -0.00522801599638505  -0.005810169698346215  -0.008569543568424683  -0.0008714547460209249  -0.008895575267325973  -1.8630165906067164e-05  -0.0014371310853038021  -0.010741630230028864  -0.0006113746474030775  0.0  0.0001625287104523486  -0.003934904680200548  0.0007177651989552921  -0.009351260004707812  -0.013189737779422582  -0.008689590852754565  
0.0006119403155762217  0.0010081360776316572  9.54797381296789e-05  7.698647523999843e-05  -0.007788406415778467  -0.02079229659653957  -0.0024322098086810933  0.0005638770217440877  -0.0019841095344687422  -0.00398234640840977  -0.006701199924619723  -0.002997433387712736  -0.006697907335410317  -0.0022317606605354503  -0.00499941597965222  -0.0004192322214585729  -0.0006777655503198139  -0.00881624376652651  -0.0019965756657022186  -0.00016259589884029912  0.0  -0.005546215307303403  0.00015690206327330025  -0.021629684368241368  -0.010614746541908021  -0.006462169042213901  
0.003261077654425367  0.004620255268481128  0.003774538780140627  0.002926638217189254  -0.008362097259643346  -0.0069739238433644355  0.0024598287185054256  0.002782838122772861  0.00527214367833842  -0.0009211418860544004  -0.00799780334417495  0.0006472621206017391  -0.007233274439510301  0.006477591911273411  -0.0023760559373352864  0.010661330482204964  0.004512098069001951  -0.012888440143553297  0.003193397760095018  0.003934117384346166  0.005541791312110128  0.0  0.0027117992057060594  -0.007801141027460088  -0.018294040547702697  -0.003907947002103343  
0.00032460433039525736  3.766146628559229e-05  -0.00030374036958581073  -0.0007362057802351554  -0.005281761381269852  -0.005688098773206678  -0.002623948337228684  0.000467795519593357  -0.000935303271982091  -0.004515367598029938  -0.00341484171052264  -0.0037907339643781296  -0.00581320695558059  -0.0008275707194805564  -0.004646598079622616  -0.00031152570087469606  -0.0009401126664811366  -0.00783736495295384  -0.000652618646513138  -0.0007100810946355761  -0.00015704379955448663  -0.002725875420800864  0.0  -0.0061803609411163985  -0.00889611985935941  -0.004441606940249856  
0.010449708643182789  0.02363661848200138  0.007089664373800032  0.005986949614630252  0.0057445049564907565  0.029761387255661215  0.008933509901343274  0.00830852887245911  0.016956886201517127  0.006228996913095498  0.007585094249799635  0.006766013754135469  0.004769903982068266  0.015999582142326954  0.006419481216695631  0.012065505867207293  0.010938457194463104  0.002445490275556132  0.049663902509947976  0.009360583294842116  0.021763374675006684  0.007838314606215854  0.006119201980212064  0.0  0.001445156676707761  0.006904359036645744  
0.007299960233345872  0.008947447751686618  0.014154481032087697  0.010119742899714214  0.01325158674786759  -0.0005705525907930517  0.015980824796107306  0.00633226801539257  0.014108710238605649  0.02337495681860768  0.019122980653876385  0.01922789462439696  0.038522550190909034  0.014943379808242173  0.017897581757381927  0.015855677867026737  0.01344265243594943  0.023216953136728974  0.008967175428277421  0.013045032439639  0.010634528030059173  0.018229592493432985  0.0  -0.0014430364351046099  0.0  0.013127850104917118  
0.005187892445764754  0.005266098450501223  0.006705191286298459  0.004817427485381909  -0.01132820758092979  -0.005969278929576981  0.011837067309616338  0.004290903263670095  0.012202806652730505  0.0029360331795082076  0.002441437189738795  0.005137209437752483  -0.0035837891182356136  0.011398781680180067  0.0022840003750148564  0.007673065521083402  0.011175852336357891  -0.008668362305262758  0.005467255846391004  0.008678862962812893  0.006495117365860747  0.003882827048921779  0.004440971426307911  -0.006895495931335545  -0.013272181152915728  0.0  
