Height_Data

node	height
0	158.49393904633942
1	130.93435652619755
2	117.61757701554372
3	23.855704465553508
4	39.2019508683023
5	52.03158544342079
6	415.3791087787115
7	299.03132915254264
8	91.99055585924076
9	589.5747893581907
10	309.72927236187763
11	184.79946266992246
12	40.94946631988578
13	120.68252205357311
14	485.58789690691276
15	60.52574387658336
16	22.25336571438438
17	301.3311247337149
18	103.20716731176539
19	393.1722397087546
20	25.712631884646058
21	286.24153796430693
22	353.1911068329751
23	82.31361713856542
24	395.31726440006196
25	99.23880366205488



height_matrix
0.0  27.559582520141873  40.876362030795704  134.6382345807859  119.29198817803712  106.46235360291863  -256.8851697323721  -140.53739010620322  66.50338318709866  -431.08085031185135  -151.2353333155382  -26.305523623583042  117.54447272645365  37.81141699276631  -327.09395786057337  97.96819516975606  136.24057333195503  -142.83718568737547  55.28677173457403  -234.67830066241518  132.78130716169335  -127.74759891796751  -194.69716778663567  76.180321907774  -236.82332535372254  59.25513538428454  
-27.559582520141873  0.0  13.31677951065383  107.07865206064403  91.73240565789524  78.90277108277675  -284.4447522525139  -168.0969726263451  38.94380066695679  -458.64043283199317  -178.7949158356801  -53.865106143724915  89.98489020631177  10.251834472624438  -354.6535403807152  70.40861264961418  108.68099081181316  -170.39676820751734  27.72718921443216  -262.2378831825571  105.22172464155149  -155.30718143810938  -222.25675030677755  48.62073938763213  -264.3829078738644  31.69555286414267  
-40.876362030795704  -13.31677951065383  0.0  93.76187254999022  78.41562614724143  65.58599157212294  -297.7615317631678  -181.41375213699894  25.62702115630296  -471.95721234264704  -192.11169534633393  -67.18188565437875  76.66811069565793  -3.0649450380293928  -367.97031989136906  57.091833138960354  95.36421130115934  -183.71354771817118  14.410409703778328  -275.5546626932109  91.90494513089766  -168.62396094876323  -235.5735298174314  35.3039598769783  -277.69968738451826  18.37877335348884  
-134.6382345807859  -107.07865206064403  -93.76187254999022  0.0  -15.34624640274879  -28.17588097786728  -391.523404313158  -275.1756246869891  -68.13485139368726  -565.7190848926373  -285.8735678963241  -160.94375820436895  -17.09376185433227  -96.8268175880196  -461.73219244135925  -36.670039411029855  1.6023387511691283  -277.4754202681614  -79.35146284621189  -369.3165352432011  -1.8569274190925498  -262.3858334987534  -329.3354023674216  -58.45791267301191  -371.46155993450844  -75.38309919650138  
-119.29198817803712  -91.73240565789524  -78.41562614724143  15.34624640274879  0.0  -12.82963457511849  -376.1771579104092  -259.82937828424036  -52.78860499093846  -550.3728384898884  -270.52732149357536  -145.59751180162016  -1.7475154515834816  -81.4805711852708  -446.3859460386105  -21.323793008281065  16.948585153917918  -262.1291738654126  -64.0052164434631  -353.9702888404523  13.48931898365624  -247.03958709600462  -313.9891559646728  -43.11166627026312  -356.1153135317597  -60.03685279375258  
-106.46235360291863  -78.90277108277675  -65.58599157212294  28.17588097786728  12.82963457511849  0.0  -363.3475233352907  -246.99974370912184  -39.95897041581997  -537.54320391477  -257.69768691845684  -132.76787722650167  11.082119123535008  -68.65093661015231  -433.55631146349197  -8.494158433162575  29.778219729036408  -249.2995392902941  -51.1755818683446  -341.1406542653338  26.31895355877473  -234.20995252088613  -301.1595213895543  -30.28203169514463  -343.28567895664116  -47.20721821863409  
256.8851697323721  284.4447522525139  297.7615317631678  391.523404313158  376.1771579104092  363.3475233352907  0.0  116.34777962616886  323.3885529194707  -174.19568057947924  105.64983641683386  230.57964610878903  374.4296424588257  294.6965867251384  -70.20878812820126  354.85336490212813  393.12574306432714  114.04798404499661  312.1719414669461  22.206869069956895  389.66647689406545  129.13757081440457  62.1880019457364  333.0654916401461  20.06184437864954  316.14030511665663  
140.53739010620322  168.0969726263451  181.41375213699894  275.1756246869891  259.82937828424036  246.99974370912184  -116.34777962616886  0.0  207.04077329330187  -290.5434602056481  -10.697943209334994  114.23186648262018  258.08186283265684  178.34880709896953  -186.55656775437012  238.50558527595928  276.7779634381583  -2.2997955811722477  195.82416184077726  -94.14091055621196  273.3186972678966  12.78979118823571  -54.159777680432455  216.71771201397723  -96.28593524751932  199.79252549048778  
-66.50338318709866  -38.94380066695679  -25.62702115630296  68.13485139368726  52.78860499093846  39.95897041581997  -323.3885529194707  -207.04077329330187  0.0  -497.58423349894997  -217.73871650263686  -92.8089068106817  51.04108953935498  -28.691966194332352  -393.597341047672  31.464811982657395  69.73719014485638  -209.34056887447412  -11.216611452524631  -301.18168384951383  66.2779239745947  -194.25098210506616  -261.2005509737343  9.676938720675338  -303.3267085408212  -7.24824780281412  
431.08085031185135  458.64043283199317  471.95721234264704  565.7190848926373  550.3728384898884  537.54320391477  174.19568057947924  290.5434602056481  497.58423349894997  0.0  279.8455169963131  404.77532668826825  548.6253230383049  468.89226730461763  103.98689245127798  529.0490454816074  567.3214236438064  288.24366462447585  486.36762204642537  196.40254964943614  563.8621574735447  303.3332513938838  236.38368252521565  507.26117221962534  194.25752495812878  490.3359856961359  
151.2353333155382  178.7949158356801  192.11169534633393  285.8735678963241  270.52732149357536  257.69768691845684  -105.64983641683386  10.697943209334994  217.73871650263686  -279.8455169963131  0.0  124.92980969195517  268.77980604199183  189.04675030830452  -175.85862454503513  249.20352848529427  287.4759066474933  8.398147628162747  206.52210505011226  -83.44296734687697  284.0166404772316  23.487734397570705  -43.46183447109746  227.41565522331223  -85.58799203818432  210.49046869982277  
26.305523623583042  53.865106143724915  67.18188565437875  160.94375820436895  145.59751180162016  132.76787722650167  -230.57964610878903  -114.23186648262018  92.8089068106817  -404.77532668826825  -124.92980969195517  0.0  143.8499963500367  64.11694061634935  -300.78843423699027  124.2737187933391  162.54609695553808  -116.53166206379242  81.59229535815707  -208.37277703883214  159.0868307852764  -101.44207529438447  -168.39164416305263  102.48584553135704  -210.5178017301395  85.56065900786759  
-117.54447272645365  -89.98489020631177  -76.66811069565793  17.09376185433227  1.7475154515834816  -11.082119123535008  -374.4296424588257  -258.08186283265684  -51.04108953935498  -548.6253230383049  -268.77980604199183  -143.8499963500367  0.0  -79.73305573368734  -444.63843058702696  -19.576277556697583  18.6961006055014  -260.3816584138291  -62.25770099187961  -352.2227733888688  15.236834435239722  -245.29207164442116  -312.2416405130893  -41.36415081867964  -354.36779808017616  -58.2893373421691  
-37.81141699276631  -10.251834472624438  3.0649450380293928  96.8268175880196  81.4805711852708  68.65093661015231  -294.6965867251384  -178.34880709896953  28.691966194332352  -468.89226730461763  -189.04675030830452  -64.11694061634935  79.73305573368734  0.0  -364.90537485333965  60.15677817698975  98.42915633918872  -180.64860268014178  17.47535474180772  -272.4897176551815  94.96989016892705  -165.55901591073382  -232.50858477940199  38.36890491500769  -274.63474234648885  21.44371839151823  
327.09395786057337  354.6535403807152  367.97031989136906  461.73219244135925  446.3859460386105  433.55631146349197  70.20878812820126  186.55656775437012  393.597341047672  -103.98689245127798  175.85862454503513  300.78843423699027  444.63843058702696  364.90537485333965  0.0  425.0621530303294  463.3345311925284  184.25677217319787  382.3807295951474  92.41565719815816  459.8752650222667  199.34635894260583  132.39679007393767  403.27427976834736  90.2706325068508  386.3490932448579  
-97.96819516975606  -70.40861264961418  -57.091833138960354  36.670039411029855  21.323793008281065  8.494158433162575  -354.85336490212813  -238.50558527595928  -31.464811982657395  -529.0490454816074  -249.20352848529427  -124.2737187933391  19.576277556697583  -60.15677817698975  -425.0621530303294  0.0  38.27237816219898  -240.80538085713152  -42.681423435182026  -332.64649583217124  34.813111991937305  -225.71579408772357  -292.66536295639173  -21.787873261982057  -334.7915205234786  -38.713059785471515  
-136.24057333195503  -108.68099081181316  -95.36421130115934  -1.6023387511691283  -16.948585153917918  -29.778219729036408  -393.12574306432714  -276.7779634381583  -69.73719014485638  -567.3214236438064  -287.4759066474933  -162.54609695553808  -18.6961006055014  -98.42915633918872  -463.3345311925284  -38.27237816219898  0.0  -279.07775901933053  -80.95380159738102  -370.91887399437024  -3.459266170261678  -263.98817224992257  -330.93774111859074  -60.06025142418104  -373.0638986856776  -76.9854379476705  
142.83718568737547  170.39676820751734  183.71354771817118  277.4754202681614  262.1291738654126  249.2995392902941  -114.04798404499661  2.2997955811722477  209.34056887447412  -288.24366462447585  -8.398147628162747  116.53166206379242  260.3816584138291  180.64860268014178  -184.25677217319787  240.80538085713152  279.07775901933053  0.0  198.1239574219495  -91.84111497503972  275.61849284906884  15.089586769407958  -51.85998209926021  219.01750759514948  -93.98613966634707  202.09232107166002  
-55.28677173457403  -27.72718921443216  -14.410409703778328  79.35146284621189  64.0052164434631  51.1755818683446  -312.1719414669461  -195.82416184077726  11.216611452524631  -486.36762204642537  -206.52210505011226  -81.59229535815707  62.25770099187961  -17.47535474180772  -382.3807295951474  42.681423435182026  80.95380159738102  -198.1239574219495  0.0  -289.9650723969892  77.49453542711933  -183.03437065254155  -249.98393952120972  20.89355017319997  -292.1100970882966  3.9683636497105113  
234.67830066241518  262.2378831825571  275.5546626932109  369.3165352432011  353.9702888404523  341.1406542653338  -22.206869069956895  94.14091055621196  301.18168384951383  -196.40254964943614  83.44296734687697  208.37277703883214  352.2227733888688  272.4897176551815  -92.41565719815816  332.64649583217124  370.91887399437024  91.84111497503972  289.9650723969892  0.0  367.45960782410856  106.93070174444767  39.98113287577951  310.8586225701892  -2.1450246913073556  293.93343604669974  
-132.78130716169335  -105.22172464155149  -91.90494513089766  1.8569274190925498  -13.48931898365624  -26.31895355877473  -389.66647689406545  -273.3186972678966  -66.2779239745947  -563.8621574735447  -284.0166404772316  -159.0868307852764  -15.236834435239722  -94.96989016892705  -459.8752650222667  -34.813111991937305  3.459266170261678  -275.61849284906884  -77.49453542711933  -367.45960782410856  0.0  -260.5289060796609  -327.47847494832905  -56.60098525391936  -369.6046325154159  -73.52617177740882  
127.74759891796751  155.30718143810938  168.62396094876323  262.3858334987534  247.03958709600462  234.20995252088613  -129.13757081440457  -12.78979118823571  194.25098210506616  -303.3332513938838  -23.487734397570705  101.44207529438447  245.29207164442116  165.55901591073382  -199.34635894260583  225.71579408772357  263.98817224992257  -15.089586769407958  183.03437065254155  -106.93070174444767  260.5289060796609  0.0  -66.94956886866817  203.92792082574152  -109.07572643575503  187.00273430225207  
194.69716778663567  222.25675030677755  235.5735298174314  329.3354023674216  313.9891559646728  301.1595213895543  -62.1880019457364  54.159777680432455  261.2005509737343  -236.38368252521565  43.46183447109746  168.39164416305263  312.2416405130893  232.50858477940199  -132.39679007393767  292.66536295639173  330.93774111859074  51.85998209926021  249.98393952120972  -39.98113287577951  327.47847494832905  66.94956886866817  0.0  270.8774896944097  -42.126157567086864  253.95230317092023  
-76.180321907774  -48.62073938763213  -35.3039598769783  58.45791267301191  43.11166627026312  30.28203169514463  -333.0654916401461  -216.71771201397723  -9.676938720675338  -507.26117221962534  -227.41565522331223  -102.48584553135704  41.36415081867964  -38.36890491500769  -403.27427976834736  21.787873261982057  60.06025142418104  -219.01750759514948  -20.89355017319997  -310.8586225701892  56.60098525391936  -203.92792082574152  -270.8774896944097  0.0  -313.00364726149655  -16.925186523489458  
236.82332535372254  264.3829078738644  277.69968738451826  371.46155993450844  356.1153135317597  343.28567895664116  -20.06184437864954  96.28593524751932  303.3267085408212  -194.25752495812878  85.58799203818432  210.5178017301395  354.36779808017616  274.63474234648885  -90.2706325068508  334.7915205234786  373.0638986856776  93.98613966634707  292.1100970882966  2.1450246913073556  369.6046325154159  109.07572643575503  42.126157567086864  313.00364726149655  0.0  296.0784607380071  
-59.25513538428454  -31.69555286414267  -18.37877335348884  75.38309919650138  60.03685279375258  47.20721821863409  -316.14030511665663  -199.79252549048778  7.24824780281412  -490.3359856961359  -210.49046869982277  -85.56065900786759  58.2893373421691  -21.44371839151823  -386.3490932448579  38.713059785471515  76.9854379476705  -202.09232107166002  -3.9683636497105113  -293.93343604669974  73.52617177740882  -187.00273430225207  -253.95230317092023  16.925186523489458  -296.0784607380071  0.0  



slope_matrix
0.0  0.001138355329208669  0.00132931258636734  0.001799254771893437  0.0025972564375797325  0.0016621757002797599  -0.012573919223317284  -0.0066322505949128465  0.00311637222057632  -0.03195558564209424  -0.002992388866552003  -0.0023135904682131084  0.002413644203828617  0.0008393211319149015  -0.014976829572370575  0.0016689357109718073  0.0016564203444614594  -0.0027233019196830402  0.001783444249502388  -0.018038301357603013  0.0017659437047704927  -0.017866797051463986  -0.013208763079147604  0.002973470800459563  -0.01417255088891218  0.0034571257517085497  
-0.0011397676807337416  0.0  0.00072177666724411  0.0014466178338373957  0.0031393704879498713  0.001089802227631894  -0.021435173493030438  -0.00943834770501657  0.001140374836514108  -0.03207275754069882  -0.0032848597434444256  -0.002104927946218246  0.0015037581919503972  0.00020947761488811684  -0.029334453298653033  0.0010885348729107662  0.0011820731861934628  -0.003024436780396119  0.0009977398062048276  -0.02183496113093731  0.0012286516188878035  -0.008305196868348096  -0.0122320721137467  0.002892369981417735  -0.015317665577860046  0.0018049859262040246  
-0.0013406481479434473  -0.00072177666724411  0.0  0.0015025941113780484  0.003954393653416108  0.0009314868849896738  -0.026188349319539825  -0.011402498562979192  0.000682477261153208  -0.026249010697588823  -0.004140338261774438  -0.002317415855618446  0.0012611960963260064  -6.934264791921703e-05  -0.03801346279869515  0.0009217280132218333  0.0010601913429812045  -0.0037785591879508675  0.0006662232872759283  -0.013916902156222773  0.0010818710433301666  -0.00715417738433446  -0.010921350478323199  0.0010150649763363512  -0.014826464889723345  0.000538177843440376  
-0.0018128212546221342  -0.0014466178338373957  -0.0015035579305643075  0.0  -0.00024948783799237195  -0.0005873646232617736  -0.0062404112896582405  -0.004721613326818619  -0.0011057262478689914  -0.008662059177654835  -0.01144868113321282  -0.002459785392088781  -0.0002855623430392962  -0.003062201694750778  -0.007305889120907583  -0.0009101523805169981  2.459460861349391e-05  -0.010734058811147442  -0.0016897670963844098  -0.005431125518282369  -2.8371694714935826e-05  -0.003740887275431329  -0.005176601734791285  -0.0006735558552023495  -0.0059046504519871  -0.0008996670151151853  
-0.0025753883458125458  -0.0031085193377802522  -0.003960385158951587  0.00024948783799237195  0.0  -0.0001590187726216967  -0.013231697429138559  -0.007880781870920242  -0.0009736002395967994  -0.01596672000260773  -0.005235674888592517  -0.0031887321901362276  -2.3938567829910706e-05  -0.0015546760386428316  -0.016693565670853047  -0.0002959582652086199  0.00016911380117659068  -0.004864152419102108  -0.0020064331173499403  -0.010215592751528205  0.00014166476563386095  -0.00616520057639143  -0.008211013492800021  -0.0010196704415861666  -0.009950134493762494  -0.0012752092776922809  
-0.0016590673773245852  -0.0010919136336720603  -0.000932413869379058  0.0005866308760746884  0.00015911738279943558  0.0  -0.005821943972685318  -0.004311393676193434  -0.0008567532250390216  -0.009092254933353123  -0.007899990402159928  -0.0024396890339305707  0.0005164081604629548  -0.002271705380878634  -0.0068341158805720675  -0.0007210660809136312  0.001362847584852925  -0.008096769707382075  -0.0010272095918977238  -0.005519092948914171  0.0012819753316500111  -0.0037052674026401855  -0.005243849513147156  -0.0003707353202720906  -0.00601400954707593  -0.000604213723520211  
0.013337755437817867  0.021227220317351785  0.02290473321255137  0.006243396656245542  0.01250173339682317  0.005811700629163319  0.0  0.01968659553742282  0.012286799123080195  -0.025806767493256184  0.0024265006067256283  0.012983088181801184  0.007496088938114628  0.00774498256833478  -0.01716596286753087  0.006526639045468606  0.00479123646347183  0.0025093065796478902  0.01894247217639236  0.0025912332637055887  0.005144111906192283  0.01046495711624024  0.006014313534403908  0.012849748905869833  0.0026749125838199383  0.01379320702952254  
0.006591810042504842  0.009622036212154843  0.011424039807115802  0.004721613326818619  0.007880781870920242  0.004308385552226092  -0.019587168287233815  0.0  0.008116063241603366  -0.03206881459223489  -0.0002789554943764014  0.00627992668953382  0.005628830159927085  0.005427535212993595  -0.026765648171358698  0.004849645898250494  0.003600597937272776  -5.712358621888345e-05  0.01645581191939305  -0.007978043267475591  0.0038146363889448236  0.0008950168781130659  -0.004919144203490686  0.007226332511303009  -0.01373551144757765  0.007402464819951381  
-0.003181980056798979  -0.0011515020895019748  -0.0006853977308452249  0.0010929555886058271  0.0009770239679981207  0.0008584096759574645  -0.011946381711099768  -0.007944772574570293  0.0  -0.02410776325091812  -0.005722436701777579  -0.009271619062006164  0.0016773279506853427  -0.0008812028929463253  -0.013820131357010955  0.000694280935186615  0.0010770222416194037  -0.00523875297483669  -0.0003967672958091486  -0.012909630683648256  0.0011488633034251118  -0.009741774428538925  -0.01607388005992211  0.00022952890703689132  -0.014541069441074842  -0.00020792449233545955  
0.032932074126191854  0.03262022993115172  0.025974530123425814  0.008694007759222949  0.015948213227756837  0.009149515819556602  0.022190532557895444  0.032572136794355167  0.024248744322560915  0.0  0.006862322633553534  0.0338440908602231  0.0118775778964777  0.013286831037251846  0.011229686009857234  0.010367005907697277  0.007246317247752696  0.006752018379584818  0.02596730496777498  0.05366189881132135  0.00783250670195228  0.049808415664020333  0.05206689042405631  0.02155806086781238  0.04375169481038937  0.024202171061013616  
0.0030265225798586795  0.003301845167787259  0.004137663048596466  0.011471652002260198  0.005233649090608926  0.007856636796294416  -0.0024354503553903613  0.00027961168869145307  0.005834370753018137  -0.006823836064284641  0.0  0.0030374376292719467  0.007558487234026767  0.025826058785287504  -0.003964351319770855  0.011929321612508103  0.005492470512944082  0.0030762445524405665  0.007534553267059914  -0.0019094500537042785  0.005742350191614063  0.0005123851308370573  -0.0011053365837003423  0.0035774053047555802  -0.0021962533240488663  0.0034907208739605768  
0.002317667279610841  0.0021065743505563127  0.0023054868103767586  0.002459033738798609  0.0031803737833468798  0.002459575346915555  -0.012251840919701861  -0.006342691087319277  0.008915360884791711  -0.0326695178925156  -0.0030352237534488624  0.0  0.003723789706187851  0.0017975032412769654  -0.014868434712653993  0.002555442388462896  0.0022519547929556395  -0.0027056341319663902  0.003316759973908824  -0.01381782341106314  0.002442979588225989  -0.009763433618323818  -0.02104895552038158  0.0031427735520195353  -0.016694512429035645  0.003380508060366163  
-0.002421600179778608  -0.0015115889502152154  -0.0012643158096249658  0.0002870971087392051  2.398456562700359e-05  -0.0005154474010946516  -0.007385200048497549  -0.005632515557238255  -0.001689542851352366  -0.011836576548830743  -0.00762495903665225  -0.0037084299136384813  0.0  -0.0027203362583994315  -0.00859536884954624  -0.0009540096275193755  0.0005253189268193706  -0.007133744066132304  -0.001480563638332452  -0.00718235671673876  0.0005353771762206508  -0.005155360900471231  -0.0071928505070971965  -0.0006002633989069749  -0.007952598700183486  -0.0009326293974747055  
-0.0008483602645897759  -0.00021029404046409104  6.93583398513101e-05  0.0030719168016503677  0.001554972732543336  0.0022479023120547583  -0.007759257154427024  -0.005427535212993595  0.0008988711213763268  -0.013167432387099625  -0.02614754499423299  -0.0017944847639616388  0.0026864237107037513  0.0  -0.009354149573271972  0.0030018352383727417  0.001965438425303289  -0.02166050391848223  0.0006987346957939912  -0.007114614037994295  0.0020384179044629115  -0.004093942035379174  -0.006854616296562558  0.000659599534382116  -0.008180957472341044  0.00039059596341563263  
0.015143238789841359  0.029237719734601417  0.03762477708500706  0.0073024227809799025  0.0166128003735992  0.006813709122481407  0.02830999521298438  0.026575009651619675  0.013733333602500767  -0.011439702139854563  0.00396792925417498  0.014964598718258223  0.008529415510973085  0.009318319071842177  0.0  0.007661538446833623  0.005570933403781753  0.003959105547339877  0.0224929840938322  0.008470729349052077  0.005901132619302794  0.013570208232988825  0.01044138722980581  0.014397510880697871  0.009173844766956383  0.015294896803042673  
-0.001666692670461995  -0.0010895624123677162  -0.0009223236371399088  0.0009083487592526592  0.00029567100677039746  0.0007090282498466256  -0.006529040752569055  -0.004844720399674167  -0.0006993734603835829  -0.010276588362339648  -0.01191221455474638  -0.0025346465183222334  0.0009438899496961226  -0.003012357445017013  -0.007675372933014254  0.0  0.0012142251955012367  -0.012614215864700446  -0.0010314505421745294  -0.00614067482291579  0.001215541619830213  -0.004008378364577499  -0.005877876784085311  -0.0002942676795556794  -0.006771536185018074  -0.0005470186910665599  
-0.0016494016141883176  -0.001178867685693974  -0.0010564330486447253  -2.4628631281419126e-05  -0.00016854201624818933  -0.0013786212837516856  -0.004774420003210191  -0.0035842782108023606  -0.0010717256822630457  -0.007176650815850607  -0.005470521534681128  -0.002231243609547537  -0.0005285863897512412  -0.001962695041658798  -0.005557569043931011  -0.0012069498001324184  0.0  -0.005502321747226548  -0.0011606279798907673  -0.004537733499643633  -0.00012941512047368793  -0.0032335640892935153  -0.00431977210701724  -0.0005910802120260704  -0.00484429365526584  -0.0007972808403859828  
0.0027532225460172605  0.0030395427792992745  0.0037746773724711565  0.010759031417920178  0.0048605446665197964  0.008102032476122656  -0.0025181714295649505  5.7251570355296186e-05  0.005336236779874436  -0.006715835615668123  -0.0030762445524405665  0.002707520029363207  0.0071730484411523165  0.022220000329660736  -0.003977909589231388  0.012768047765489477  0.005547162771205138  0.0  0.006682089626372665  -0.002013617956041213  0.005811058251087262  0.00031601228836456455  -0.0012578215401227312  0.003344800054904543  -0.002299073866593617  0.00324855041105385  
-0.0017765672151212736  -0.0009963057568965921  -0.0006668398752326852  0.001690127004179167  0.0020064331173499403  0.0010251518803754927  -0.018862352958727863  -0.01633229039539427  0.000403911107400959  -0.02549096551606003  -0.007545564671176918  -0.003310032266050997  0.0014739039060577559  -0.0006953981194511628  -0.02247976070518209  0.0010297086474109053  0.0011654736768986612  -0.006695638980126715  0.0  -0.013288958404994923  0.001202211222884259  -0.007597939836137051  -0.012859256148210376  0.0005146194623940879  -0.01824547764449073  0.00010554158642847105  
0.017996802198037974  0.02183496113093731  0.013607637663862266  0.005413610894799195  0.010286843616403729  0.005511068549221076  -0.0022363412960681667  0.007917654378150712  0.012821697907599567  -0.05023083111238776  0.0018994529330042561  0.013956649500256674  0.00715899945912335  0.00708870233234083  -0.0081495288534531  0.0061394281464724676  0.00455444891386857  0.0020035147245863814  0.013325600753538109  0.0  0.00489946143765478  0.014568215496518757  0.005323719424204994  0.015481007100109023  -0.0002871518997734077  0.017485629746977975  
-0.0017411658426657926  -0.0012179850056899119  -0.0010811074594859152  2.836302763238964e-05  -0.00014154584452944638  -0.001281351195656024  -0.00505535128300552  -0.0037982031304599306  -0.0011345074285278108  -0.007701982754726741  -0.005749324706016834  -0.002391923481961756  -0.0005336894723376435  -0.0020450019416220293  -0.005887533798774379  -0.00121046981891298  0.00012902895077440053  -0.005769698405883794  -0.0012016519681674574  -0.004841365056971127  0.0  -0.0034598792308055894  -0.004660288529220564  -0.0005910095567914729  -0.005175085865519685  -0.000814965326728096  
0.018068967315129775  0.00830075796034791  0.0070761208958776  0.003733966607353827  0.006149852802987419  0.0037182084858054633  -0.009558665493294195  -0.0008981594935558786  0.009578450794135412  -0.04561402276599757  -0.0005108250195208939  0.009839192560076088  0.005148868002611695  0.0040888865376817445  -0.013361016014919963  0.004014009711333823  0.0032514862944934423  -0.00031508846877026435  0.0076105767423094205  -0.01474906230957899  0.00351448679454554  0.0  -0.00700309297789416  0.007843381570220827  -0.011175791643007688  0.00984224917380274  
0.013110920389672437  0.012145177612392215  0.010717631019901338  0.005168477752156647  0.00815344471474092  0.005269540714765346  -0.005333447851263842  0.004973349649259179  0.015744457563214846  -0.046168687993206184  0.0011022529665507851  0.020970316832260603  0.007202806009529165  0.006850577041231644  -0.010129823265029661  0.005920564876120565  0.004342445100624468  0.0012544746516511903  0.012899068086749727  -0.00511922315951082  0.004735769702795793  0.006728599886298308  0.0  0.009786036477399195  -0.007390553959138046  0.010403617499832865  
-0.002976956698232669  -0.0029342630891751433  -0.0010159412914238358  0.0006713898320088654  0.001017744718372595  0.0003705538563544821  -0.01220020115897971  -0.007159488338750487  -0.00022667928603127988  -0.021376366296655094  -0.0035673043956597995  -0.0031322079930121345  0.0005993067345505599  -0.0006585805855648419  -0.014412947811592114  0.00029442276238455796  0.0005931232303076311  -0.003335630636538981  -0.0005115952539960815  -0.015535163546736092  0.000596930871692885  -0.007753913339381807  -0.009911360764522857  0.0  -0.011469536359893607  -0.001888971710210877  
0.014096626509150152  0.015397956195332812  0.01477125996726161  0.005907467556210376  0.009922410519135127  0.005985696482304427  -0.002324663311546876  0.013580526833218521  0.014154302778386429  -0.04081040440296823  0.002173387304169231  0.01635724955168139  0.007911761511055507  0.008103710308246942  -0.009127465369752357  0.0067454771220881405  0.004851853905992608  0.0022762446032053058  0.01827973073143283  0.0002860032921743141  0.005235934728933502  0.011164352756986184  0.007326288272536846  0.01143601195694178  0.0  0.012285413308631  
-0.003491758125178818  -0.0017957820319627574  -0.0005328725240211319  0.0008980593185191968  0.0012809228247013566  0.0006043684319374484  -0.013079863678802508  -0.007361552155139565  0.00020475276279135934  -0.023977309813991973  -0.0034809073705940594  -0.0033645559971634915  0.000928765732029463  -0.00039002761716111733  -0.015103561111996008  0.0005473976949954966  0.0007993504095905981  -0.003239697356070215  -0.00010523372181677303  -0.017569243039252825  0.0008238226529681661  -0.009689260844676273  -0.010559347325194188  0.0018847646462683137  -0.012331464420575056  0.0  
