Height_Data

node	height
0	102.03586195816469
1	161.7908864444042
2	74.89219446596137
3	45.257614204486735
4	261.4455658197461
5	67.85919096550163
6	36.18417699956288
7	123.05273078954144
8	161.08031192714785
9	134.1485655776282
10	327.750776214961
11	135.4192586101744
12	100.06561867334378
13	158.07113836608602
14	122.65172569955756
15	168.46448189499978
16	167.25994674378424
17	86.4074763093685
18	176.15758364006408
19	253.32728770635296
20	116.36379623797028
21	57.38132452745118
22	388.72365950157496
23	71.32063323929222
24	365.43279673924275
25	63.776465855350985



height_matrix
0.0  -59.75502448623952  27.14366749220332  56.77824775367795  -159.40970386158142  34.17667099266306  65.85168495860181  -21.016868831376755  -59.04444996898316  -32.11270361946352  -225.7149142567963  -33.38339665200972  1.97024328482091  -56.03527640792133  -20.61586374139287  -66.42861993683509  -65.22408478561955  15.628385648796183  -74.12172168189939  -151.29142574818826  -14.32793427980559  44.65453743071351  -286.6877975434103  30.715228718872467  -263.3969347810781  38.2593961028137  
59.75502448623952  0.0  86.89869197844284  116.53327223991747  -99.65467937534189  93.93169547890258  125.60670944484133  38.738155654862766  0.7105745172563616  27.642320866776004  -165.95988977055677  26.3716278342298  61.72526777106043  3.71974807831819  39.13916074484665  -6.67359545059557  -5.469060299380033  75.3834101350357  -14.366697195659867  -91.53640126194875  45.42709020643393  104.40956191695304  -226.93277305717075  90.47025320511199  -203.64191029483854  98.01442058905323  
-27.14366749220332  -86.89869197844284  0.0  29.634580261474632  -186.5533713537847  7.033003500459742  38.70801746639849  -48.160536323580075  -86.18811746118648  -59.25637111166684  -252.8585817489996  -60.52706414421304  -25.17342420738241  -83.17894390012465  -47.75953123359619  -93.57228742903841  -92.36775227782287  -11.515281843407138  -101.26538917410271  -178.4350932403916  -41.47160177200891  17.51086993851019  -313.8314650356136  3.5715612266691465  -290.54060227328137  11.115728610610383  
-56.77824775367795  -116.53327223991747  -29.634580261474632  0.0  -216.18795161525935  -22.60157676101489  9.073437204923856  -77.7951165850547  -115.8226977226611  -88.89095137314146  -282.49316201047424  -90.16164440568767  -54.80800446885704  -112.81352416159928  -77.39411149507083  -123.20686769051304  -122.0023325392975  -41.14986210488177  -130.89996943557733  -208.06967350186622  -71.10618203348355  -12.123710322964442  -343.4660452970882  -26.063019034805485  -320.175182534756  -18.51885165086425  
159.40970386158142  99.65467937534189  186.5533713537847  216.18795161525935  0.0  193.58637485424447  225.2613888201832  138.39283503020465  100.36525389259825  127.29700024211789  -66.30521039521489  126.02630720957168  161.37994714640232  103.37442745366008  138.79384012018852  92.98108392474632  94.18561907596185  175.03808951037757  85.28798217968202  8.118278113393131  145.0817695817758  204.06424129229492  -127.27809368182886  190.12493258045387  -103.98723091949665  197.66909996439512  
-34.17667099266306  -93.93169547890258  -7.033003500459742  22.60157676101489  -193.58637485424447  0.0  31.675013965938746  -55.19353982403982  -93.22112096164622  -66.28937461212658  -259.89158524945935  -67.56006764467278  -32.20642770784215  -90.21194740058439  -54.792534734055934  -100.60529092949815  -99.40075577828262  -18.54828534386688  -108.29839267456245  -185.46809674085134  -48.50460527246865  10.477866438050448  -320.86446853607333  -3.4614422737905954  -297.5736057737411  4.0827251101506405  
-65.85168495860181  -125.60670944484133  -38.70801746639849  -9.073437204923856  -225.2613888201832  -31.675013965938746  0.0  -86.86855378997856  -124.89613492758497  -97.96438857806532  -291.5665992153981  -99.23508161061153  -63.8814416737809  -121.88696136652314  -86.46754869999468  -132.2803048954369  -131.07576974422136  -50.223299309805626  -139.9734066405012  -217.14311070679008  -80.1796192384074  -21.197147527888298  -352.5394825020121  -35.13645623972934  -329.24861973967984  -27.592288855788105  
21.016868831376755  -38.738155654862766  48.160536323580075  77.7951165850547  -138.39283503020465  55.19353982403982  86.86855378997856  0.0  -38.027581137606404  -11.095834788086762  -204.69804542541954  -12.366527820632967  22.987112116197665  -35.018407576544575  0.40100508998388307  -45.411751105458336  -44.2072159542428  36.64525448017294  -53.10485285052263  -130.27455691681152  6.688934551571165  65.67140626209027  -265.6709287120335  51.73209755024922  -242.3800659497013  59.27626493419046  
59.04444996898316  -0.7105745172563616  86.18811746118648  115.8226977226611  -100.36525389259825  93.22112096164622  124.89613492758497  38.027581137606404  0.0  26.931746349519642  -166.67046428781313  25.661053316973437  61.01469325380407  3.0091735610618287  38.42858622759029  -7.384169967851932  -6.179634816636394  74.67283561777934  -15.077271712916229  -92.24697577920512  44.71651568917757  103.69898739969668  -227.6433475744271  89.75967868785563  -204.3524848120949  97.30384607179687  
32.11270361946352  -27.642320866776004  59.25637111166684  88.89095137314146  -127.29700024211789  66.28937461212658  97.96438857806532  11.095834788086762  -26.931746349519642  0.0  -193.60221063733277  -1.2706930325462054  34.08294690428443  -23.922572788457813  11.496839878070645  -34.315916317371574  -33.111381166156036  47.7410892682597  -42.00901806243587  -119.17872212872476  17.784769339657927  76.76724105017703  -254.57509392394675  62.827932338335984  -231.28423116161454  70.37209972227723  
225.7149142567963  165.95988977055677  252.8585817489996  282.49316201047424  66.30521039521489  259.89158524945935  291.5665992153981  204.69804542541954  166.67046428781313  193.60221063733277  0.0  192.33151760478657  227.6851575416172  169.67963784887496  205.0990505154034  159.2862943199612  160.49082947117674  241.34329990559246  151.5931925748969  74.42348850860802  211.3869799769907  270.3694516875098  -60.97288328661398  256.4301429756688  -37.68202052428177  263.97431035961  
33.38339665200972  -26.3716278342298  60.52706414421304  90.16164440568767  -126.02630720957168  67.56006764467278  99.23508161061153  12.366527820632967  -25.661053316973437  1.2706930325462054  -192.33151760478657  0.0  35.35363993683063  -22.651879755911608  12.76753291061685  -33.04522328482537  -31.84068813360983  49.011782300805905  -40.738325029889666  -117.90802909617855  19.055462372204133  78.03793408272324  -253.30440089140055  64.09862537088219  -230.01353812906834  71.64279275482343  
-1.97024328482091  -61.72526777106043  25.17342420738241  54.80800446885704  -161.37994714640232  32.20642770784215  63.8814416737809  -22.987112116197665  -61.01469325380407  -34.08294690428443  -227.6851575416172  -35.35363993683063  0.0  -58.00551969274224  -22.58610702621378  -68.398863221656  -67.19432807044046  13.658142363975273  -76.0919649667203  -153.26166903300918  -16.2981775646265  42.6842941458926  -288.65804082823115  28.744985434051557  -265.367178065899  36.28915281799279  
56.03527640792133  -3.71974807831819  83.17894390012465  112.81352416159928  -103.37442745366008  90.21194740058439  121.88696136652314  35.018407576544575  -3.0091735610618287  23.922572788457813  -169.67963784887496  22.651879755911608  58.00551969274224  0.0  35.41941266652846  -10.39334352891376  -9.188808377698223  71.66366205671751  -18.086445273978057  -95.25614934026694  41.70734212811574  100.68981383863485  -230.65252113548894  86.7505051267938  -207.36165837315673  94.29467251073504  
20.61586374139287  -39.13916074484665  47.75953123359619  77.39411149507083  -138.79384012018852  54.792534734055934  86.46754869999468  -0.40100508998388307  -38.42858622759029  -11.496839878070645  -205.0990505154034  -12.76753291061685  22.58610702621378  -35.41941266652846  0.0  -45.81275619544222  -44.60822104422668  36.244249390189054  -53.505857940506516  -130.67556200679542  6.287929461587282  65.27040117210638  -266.0719338020174  51.33109246026534  -242.78107103968517  58.875259844206575  
66.42861993683509  6.67359545059557  93.57228742903841  123.20686769051304  -92.98108392474632  100.60529092949815  132.2803048954369  45.411751105458336  7.384169967851932  34.315916317371574  -159.2862943199612  33.04522328482537  68.398863221656  10.39334352891376  45.81275619544222  0.0  1.2045351512155378  82.05700558563127  -7.693101745064297  -84.86280581135318  52.1006856570295  111.08315736754861  -220.25917760657518  97.14384865570756  -196.96831484424297  104.6880160396488  
65.22408478561955  5.469060299380033  92.36775227782287  122.0023325392975  -94.18561907596185  99.40075577828262  131.07576974422136  44.2072159542428  6.179634816636394  33.111381166156036  -160.49082947117674  31.84068813360983  67.19432807044046  9.188808377698223  44.60822104422668  -1.2045351512155378  0.0  80.85247043441574  -8.897636896279835  -86.06734096256872  50.896150505813964  109.87862221633307  -221.46371275779072  95.93931350449202  -198.1728499954585  103.48348088843326  
-15.628385648796183  -75.3834101350357  11.515281843407138  41.14986210488177  -175.03808951037757  18.54828534386688  50.223299309805626  -36.64525448017294  -74.67283561777934  -47.7410892682597  -241.34329990559246  -49.011782300805905  -13.658142363975273  -71.66366205671751  -36.244249390189054  -82.05700558563127  -80.85247043441574  0.0  -89.75010733069557  -166.91981139698447  -29.956319928601772  29.026151781917328  -302.31618319220644  15.086843070076284  -279.0253204298742  22.63101045401752  
74.12172168189939  14.366697195659867  101.26538917410271  130.89996943557733  -85.28798217968202  108.29839267456245  139.9734066405012  53.10485285052263  15.077271712916229  42.00901806243587  -151.5931925748969  40.738325029889666  76.0919649667203  18.086445273978057  53.505857940506516  7.693101745064297  8.897636896279835  89.75010733069557  0.0  -77.16970406628889  59.7937874020938  118.7762591126129  -212.56607586151088  104.83695040077185  -189.27521309917867  112.3811177847131  
151.29142574818826  91.53640126194875  178.4350932403916  208.06967350186622  -8.118278113393131  185.46809674085134  217.14311070679008  130.27455691681152  92.24697577920512  119.17872212872476  -74.42348850860802  117.90802909617855  153.26166903300918  95.25614934026694  130.67556200679542  84.86280581135318  86.06734096256872  166.91981139698447  77.16970406628889  0.0  136.9634914683827  195.9459631789018  -135.396371795222  182.00665446706074  -112.10550903288978  189.55082185100198  
14.32793427980559  -45.42709020643393  41.47160177200891  71.10618203348355  -145.0817695817758  48.50460527246865  80.1796192384074  -6.688934551571165  -44.71651568917757  -17.784769339657927  -211.3869799769907  -19.055462372204133  16.2981775646265  -41.70734212811574  -6.287929461587282  -52.1006856570295  -50.896150505813964  29.956319928601772  -59.7937874020938  -136.9634914683827  0.0  58.9824717105191  -272.35986326360467  45.043162998678056  -249.06900050127246  52.58733038261929  
-44.65453743071351  -104.40956191695304  -17.51086993851019  12.123710322964442  -204.06424129229492  -10.477866438050448  21.197147527888298  -65.67140626209027  -103.69898739969668  -76.76724105017703  -270.3694516875098  -78.03793408272324  -42.6842941458926  -100.68981383863485  -65.27040117210638  -111.08315736754861  -109.87862221633307  -29.026151781917328  -118.7762591126129  -195.9459631789018  -58.9824717105191  0.0  -331.3423349741238  -13.939308711841043  -308.0514722117916  -6.3951413278998075  
286.6877975434103  226.93277305717075  313.8314650356136  343.4660452970882  127.27809368182886  320.86446853607333  352.5394825020121  265.6709287120335  227.6433475744271  254.57509392394675  60.97288328661398  253.30440089140055  288.65804082823115  230.65252113548894  266.0719338020174  220.25917760657518  221.46371275779072  302.31618319220644  212.56607586151088  135.396371795222  272.35986326360467  331.3423349741238  0.0  317.40302626228276  23.29086276233221  324.947193646224  
-30.715228718872467  -90.47025320511199  -3.5715612266691465  26.063019034805485  -190.12493258045387  3.4614422737905954  35.13645623972934  -51.73209755024922  -89.75967868785563  -62.827932338335984  -256.4301429756688  -64.09862537088219  -28.744985434051557  -86.7505051267938  -51.33109246026534  -97.14384865570756  -95.93931350449202  -15.086843070076284  -104.83695040077185  -182.00665446706074  -45.043162998678056  13.939308711841043  -317.40302626228276  0.0  -294.1121634999505  7.544167383941236  
263.3969347810781  203.64191029483854  290.54060227328137  320.175182534756  103.98723091949665  297.5736057737411  329.24861973967984  242.3800659497013  204.3524848120949  231.28423116161454  37.68202052428177  230.01353812906834  265.367178065899  207.36165837315673  242.78107103968517  196.96831484424297  198.1728499954585  279.0253204298742  189.27521309917867  112.10550903288978  249.06900050127246  308.0514722117916  -23.29086276233221  294.1121634999505  0.0  301.65633088389177  
-38.2593961028137  -98.01442058905323  -11.115728610610383  18.51885165086425  -197.66909996439512  -4.0827251101506405  27.592288855788105  -59.27626493419046  -97.30384607179687  -70.37209972227723  -263.97431035961  -71.64279275482343  -36.28915281799279  -94.29467251073504  -58.875259844206575  -104.6880160396488  -103.48348088843326  -22.63101045401752  -112.3811177847131  -189.55082185100198  -52.58733038261929  6.3951413278998075  -324.947193646224  -7.544167383941236  -301.65633088389177  0.0  



slope_matrix
0.0  -0.0012137929003908088  0.00035361734617252893  0.0009488343541724257  -0.012012788535160619  0.0011620765383428446  0.002253651093723539  -0.00037303636548414543  -0.0030608838760488935  -0.0012145500612505112  -0.007579412836024054  -0.001487673647594016  0.00010678825391983252  -0.003191074966282536  -0.00036104840177570704  -0.0038487033567111873  -0.0026974394038717766  0.0009297076531110162  -0.0015145427397200528  -0.00591213074436062  -0.000419558836890354  0.0006167668599979767  -0.023712803767031453  0.00035748636777086206  -0.009665942560773508  0.00043274964486838256  
0.0012145330180129983  0.0  0.002555092383958919  0.004502831230290474  -0.0025931480451559167  0.002963144967788725  0.0022322144916445946  0.0032856790207686825  1.4168983394942405e-05  0.0009499079335661857  -0.004087682014053123  0.00045499702957608345  0.0013424373155950507  6.72041206561552e-05  0.004194979715417648  -0.00019616682688405556  -0.00012353874631533844  0.0012859674195673098  -0.0027950772754202075  -0.002651691809442316  0.0014792279455041984  0.003848491040064616  -0.005750957249294748  0.0021093554023108416  -0.005349143953108446  0.002133995658372594  
-0.0003511470568202241  -0.002572489401374862  0.0  0.0015228458510521395  -0.002743835436884611  0.00011409804510804254  0.0004489968387240284  -0.0012522240333744169  -0.001179851026162717  -0.0011102936314721162  -0.0041961264810653764  -0.0007485414808831689  -0.0003315782956715281  -0.0010252550708754425  -0.0014587517175808245  -0.0015012399715873322  -0.0013751340222989857  -0.0001328481984703177  -0.0027273199346647646  -0.003107542550337715  -0.0008406973803366898  0.0014915562128202887  -0.004546964141344734  0.0003226342571516844  -0.0047653042852760594  0.0009007883801142936  
-0.0009537753696233488  -0.004515043480818189  -0.0015135127814849148  0.0  -0.004264062162036674  -0.00046803845021774464  0.0001245324897738657  -0.0021313730571247864  -0.0021283112407692226  -0.002496936836324198  -0.0068666300926221256  -0.0014488453222832663  -0.000903825931214661  -0.0018050163865855884  -0.002289766612280202  -0.0027649656124441886  -0.0025134390716789762  -0.0005971537092567373  -0.004466051498996156  -0.00536400292605997  -0.0023537299580762513  -0.000563893503393695  -0.006639591055424091  -0.0009068552204177274  -0.007597892324033128  -0.0005929827617952049  
0.011896246556834434  0.0025992352471398508  0.0027897917056046765  0.004328087119424611  0.0  0.010308113677009822  0.007486254198078538  0.0030449468653510376  0.005058732555070476  0.007470481234866073  -0.0030207385145883774  0.004693717214509187  0.012413842088184794  0.004510228073894419  0.0030035455555115454  0.012397477856632842  0.004890219058980366  0.006753012712591727  0.002241471279360894  0.0004571102541324961  0.005512225288061391  0.0032639833859932008  -0.031119338308515616  0.0025006567483947637  -0.0053546462883365935  0.0025174363215027394  
-0.0011628673355788726  -0.0029659518622956295  -0.00011374742844023519  0.0004661079967212805  -0.01067179574720201  0.0  0.0012411839328345903  -0.0016817044431456374  -0.0025359390903603434  -0.0026232439498269323  -0.0075309065560550375  -0.0015435245063895999  -0.0018520084938379617  -0.0022643561094524197  -0.0014514578737498261  -0.005193871498683436  -0.002882852545773858  -0.0004329665112947451  -0.003791960527820814  -0.006117021660318316  -0.0014018672044066084  0.00018653848029286893  -0.017278646663224196  -4.87595756274207e-05  -0.009304990799679209  5.5562399430465985e-05  
-0.0022315040650153104  -0.002235790484956236  -0.00044832079530227574  -0.0001242936603414227  -0.007923369286675455  -0.0012368220994118996  0.0  -0.0016119605453698007  -0.0027717739664355296  -0.002168793194112582  -0.005848878620168468  -0.0019098360587107685  -0.0032263354380697423  -0.0025889329092294634  -0.0014308712344860944  -0.0036960129895344204  -0.0028297877751343125  -0.0011878736828241634  -0.002670738535403572  -0.00475565288451139  -0.0014787830918186536  -0.00026273112949787183  -0.013183974663500827  -0.00036792100774585696  -0.006957916731607773  -0.0002815827008448628  
0.00037489955104132633  -0.003356859242189148  0.0012587698986821765  0.0021431161593678982  -0.0030557040192140572  0.0016791463286899852  0.0016107649506764059  0.0  -0.000659514067596365  -0.00030847469524845043  -0.004247728686976956  -0.0001905767887291257  0.0004723055704992329  -0.000562906406952975  5.5772613349636035e-05  -0.0011108549683331295  -0.0008521051648851735  0.0005596404166184016  -0.006531962220236486  -0.003026825207174989  0.00017050559652233407  0.002134267346834263  -0.005735555455786561  0.0011118009359606538  -0.005308367629209402  0.0011812727169029586  
0.0030325860281963614  -1.4034653708401373e-05  0.0011922550485708463  0.0021181912531576647  -0.004743159446720144  0.002519489755720168  0.0027693156303233916  0.000654744854297631  0.0  0.00106660381582256  -0.009132628180154144  0.002673026387184733  0.0019382049953559108  0.0003108650372997757  0.0006531030970018743  -0.000372937877164239  -0.0008046399500828638  0.004111940287322651  -0.0002974994418491758  -0.005316828575170324  0.0016367685098527662  0.001480779485930268  -0.010086103126913031  0.0011020218377882827  -0.013066015652947243  0.0011592071249916234  
0.0012154694784051294  -0.0009545000299301106  0.0011369219323036615  0.002525311118555155  -0.006832903931407294  0.0026368088548976362  0.002145518803724602  0.00030710862961767955  -0.001074261920603097  0.0  -0.012490465202408567  -3.86463817684369e-05  0.0011929627897894444  -0.000735400331646413  0.0003116519348894184  -0.002796733196199802  -0.001725449774161336  0.0013335499795603268  -0.0014622004198550599  -0.01251877333284924  0.0013576159801265593  0.0015396558574042726  -0.012948885754015604  0.0010252599924663183  -0.017832246041759023  0.0011035298686259561  
0.007651353025654112  0.004109952693674016  0.004246869025008391  0.006863293537669442  0.002914514742646808  0.007721080964036226  0.005865351020225269  0.004249492327702295  0.0093425148143393  0.012915424325372434  0.0  0.0074983047799137064  0.006884945798053136  0.0065462823244164725  0.004191683027087746  0.009630368459489794  0.013418965674847553  0.007264999997158112  0.003718253435734533  0.010482181480085636  0.01864082715846479  0.004720137075550101  -0.002523712056565148  0.0037326076124551497  -0.012000643479070627  0.003708025149032308  
0.001479760489894048  -0.0004563354877008098  0.0007567774961767072  0.0014455931442310032  -0.00451222009343257  0.0015435245063895999  0.0019164751180110377  0.00019054742404673293  -0.0026983231668741784  3.857598763042518e-05  -0.007414476391857616  0.0  0.0009242781682831537  -0.003406297707655881  0.00019444917622017744  -0.0012437043012730662  -0.0021763970016137955  0.0031357506270509217  -0.0007084926092154725  -0.004708787104479974  0.0005442862716996325  0.001004090762773073  -0.008633415163306086  0.0007190781396778348  -0.009859131510032933  0.0007818704873384637  
-0.00010678825391983252  -0.0013444841596833028  0.00033092446703539383  0.0009015957306934864  -0.014193486996165551  0.00184988097115693  0.0032214544464841603  -0.0004727912816988413  -0.0019637815659415536  -0.0012124847706967068  -0.006862120480458625  -0.0009284044101058464  0.0  -0.0016985510890993336  -0.0004230400267131257  -0.0036518346621279233  -0.0022038152860098543  0.0003927010455427048  -0.0017215376689303234  -0.005286708141876826  -0.0004340393492576964  0.0006062248849011873  -0.029820045540106525  0.000337263703321032  -0.008657982971154943  0.0004136930325808572  
0.003174803195916223  -6.730139457785761e-05  0.0010349501542879763  0.0017975386259018369  -0.0042769725880703385  0.0022547350012642937  0.0026005325659595293  0.0005613723561485183  -0.00031476710889768083  0.0007401786135042641  -0.0064443462912599685  0.0034217341021014515  0.00168180689164228  0.0  0.0005609663076738749  -0.00043287561553160186  -0.0005414736816557585  0.00798036325798636  -0.00032896408282972095  -0.003745817905633777  0.0011781735064439476  0.0012890771199415548  -0.00901690856667275  0.0009689545976409449  -0.00874205979650745  0.0010247193274368076  
0.00036206293890749685  -0.004208511908048026  0.0014569716666746856  0.0022863843868558592  -0.003006147717569602  0.00144838844129146  0.0014292156809916476  -5.426320568117498e-05  -0.0006564500551347846  -0.0003119902273560555  -0.004179723874371375  -0.00019412396093381254  0.00042248610224866783  -0.0005614108839202482  0.0  -0.0010970487594694019  -0.000845493196440991  0.0005461761511481171  -0.005667993425901114  -0.00303050932297763  0.00015995750347461924  0.0025808778636657323  -0.005637117241568165  0.001250452922296354  -0.00521661089470746  0.0013171199070292298  
0.003868877107561741  0.00019524855033925016  0.0015163229205807554  0.0027507673072228855  -0.01077416963206794  0.005169850510251704  0.0036857148201570604  0.0010998244394637524  0.0003752118886103624  0.0028644337493632364  -0.009336828506445558  0.0012339515789703275  0.003638237405407234  0.0004312590675897826  0.0010894829059558198  0.0  7.169852090568677e-05  0.002998063777333989  -0.00022700211699806127  -0.006593846605388747  0.0024312032504446805  0.0019369000953348434  -0.02227089763463854  0.0013707330133442578  -0.013555974868839846  0.0014270449296571537  
0.0026940968519462848  0.000122487352729676  0.0013929686665332963  0.00250518136631001  -0.00461016246088898  0.002882852545773858  0.002853816018816054  0.0008428449180980514  0.0007994352932259243  0.0017182865161471737  -0.013079937202214894  0.002163090226468059  0.0021851814006647306  0.0005361031725611566  0.0008383428123327698  -7.208468888183948e-05  0.0  0.003155834130929576  -0.00019750581345793196  -0.007569686979997249  0.002385011738791657  0.0017155132274212814  -0.01014027988817723  0.0012712245064859151  -0.020514787784208954  0.001327392007291345  
-0.0009431735454916224  -0.001287504869940832  0.0001339921089528408  0.0005962020009400431  -0.006411651630416761  0.000429955617613975  0.0011856302953211905  -0.0005581062211418358  -0.004107416700647929  -0.0013410418333780815  -0.00717856335233767  -0.003145814011605  -0.00039304006802806543  -0.00799817656883008  -0.0005456827670910728  -0.003006852531536507  -0.0031595338192425063  0.0  -0.001540509909555365  -0.005101461228514195  -0.000701717496570667  0.00035518595932400884  -0.010804724202723603  0.00015864188296610185  -0.0089979142350814  0.00023189886724067548  
0.0015204455729620388  0.0027950772754202075  0.0027061835695912  0.004410376328691959  -0.0022456024797177995  0.003791960527820814  0.0026712482183301753  0.006367488351381611  0.00029944928923368873  0.0014657717397919005  -0.003708248350657948  0.0007075082499112481  0.0017219272452301494  0.00032944344761344366  0.005710337026734954  0.00022916597393697637  0.00019963286731612822  0.0015428933699621037  0.0  -0.0021598014012395436  0.0018732389536996804  0.0038892029833861464  -0.005449015018239192  0.00226429698489788  -0.004935468398935558  0.002277687835117817  
0.005916755015572478  0.0026470908404265113  0.0031727434786698364  0.005386219868026565  -0.0004313644056000601  0.006236317980526272  0.0047431872150893424  0.0030247169007850366  0.005353858141567331  0.012505637159362515  -0.009923131801147735  0.004708787104479974  0.005259494476081304  0.003763577611231408  0.0030227981033262878  0.006729802205499856  0.00758302563546861  0.005118669469395414  0.0021634343724779613  0.0  0.013156915606953189  0.0036299733823434936  -0.006692850805497874  0.002782976367997871  -0.021768060006386366  0.002792028602901782  
0.0004236526989889293  -0.0014435046141224636  0.000849653795779736  0.002336713178885427  -0.005359503863382926  0.001377189246804902  0.0014839833284917157  -0.00016739075454382297  -0.001669772803927467  -0.0013701671294035383  -0.018445635251046307  -0.0005508951249553088  0.00043589669870624495  -0.0011964240426883459  -0.00015672805238253445  -0.0024976359375373683  -0.0024352225122399027  0.0007105388977372337  -0.0018364185320053378  -0.013682666480357913  0.0  0.0012670778025890247  -0.009563197446053535  0.0007770081593699855  -0.019989486396570822  0.0008697871383165612  
-0.0006179617972448971  -0.003885729881539004  -0.0014928277867442617  0.0005649445630458733  -0.0032697362809212456  -0.00018690450299768904  0.0002628940534278593  -0.002132881008836969  -0.0014803567080613374  -0.0015240667272220971  -0.004696360112689071  -0.0010022853080236737  -0.0006068281794980466  -0.0012887471373177377  -0.00260352617359818  -0.0019460618659019396  -0.0017123051615448508  -0.0003553598974292348  -0.003930385807829679  -0.0036006240936953655  -0.0012646327553713357  0.0  -0.005222924573993124  -0.0007769960263010615  -0.0053139808903189855  -0.0002914831963491252  
0.023634608206381722  0.005752415033134874  0.004544988631942267  0.006588644644102978  0.05132181196847938  0.017232248578736484  0.013120189151544923  0.005708442817190235  0.010263451198125658  0.01324532226451336  0.002510205157950349  0.008677780092202828  0.02951513709900114  0.009131137020407321  0.005622821931572641  0.02238406276489585  0.010252949664712532  0.010793151845491126  0.005428142897382811  0.0067361379002598  0.00950313549419416  0.005207328853907336  0.0  0.004058343258691763  0.0010703521490042377  0.00402660710837948  
-0.0003553769376243488  -0.0021093554023108416  -0.0003226342571516844  0.0009116131176916924  -0.0024653129224643917  4.891115266059906e-05  0.0003685384543709811  -0.0011035003743653845  -0.0010922326440478904  -0.0010052469174133757  -0.003695491324047684  -0.0007122860914644093  -0.00033797748893652624  -0.0009611179384754465  -0.0012471110898995465  -0.0013594157382550735  -0.0012573959830208654  -0.00015746626730066051  -0.002267235086521883  -0.00273488586727364  -0.000770495432751934  0.0007839881165264929  -0.004061459069255058  0.0  -0.004195608609129108  0.0008553477759570562  
0.009634123437493711  0.005328150452507549  0.004852047466153663  0.007574525255139721  0.005050375469621012  0.009446781135674322  0.006924261193263509  0.005267986653981771  0.013167041547171063  0.01802683017627549  0.010986011814659408  0.009859131510032933  0.00858515619753798  0.008786510948015115  0.00519095725977518  0.013697379335482821  0.02055734958459113  0.009029945644979748  0.004902232921501649  0.022693422881151778  0.01961173232293484  0.005346259496907178  -0.0010586755801060095  0.0042600255431626665  0.0  0.004217200208079012  
-0.00042944658326202385  -0.0021447356802856287  -0.0008971532373373998  0.000592603252827656  -0.0024776773623012673  -5.56002330130824e-05  0.00028155396791620517  -0.0011765832658632484  -0.0011469100197052907  -0.0010799892529508475  -0.0036637655844498265  -0.0007732627388540036  -0.00041374019858616797  -0.0010147941509980095  -0.0013182995934663362  -0.00141241252077238  -0.0013105810649497627  -0.00022982644921313618  -0.002291154287150114  -0.0027387779490102874  -0.0008603948033805512  0.00029188230615699714  -0.004021126019629055  -0.000861206322367721  -0.0041459088906527185  0.0  
