Height_Data

node	height
0	81.18210520623151
1	222.50653191184315
2	42.295709039700554
3	87.90274935994135
4	52.44382085901364
5	96.21943189513834
6	86.05366321089532
7	110.06748959809485
8	18.224722626067926
9	110.41262605701611
10	67.49048602886397
11	71.45437900133294
12	61.91245521715695
13	219.0242621871348
14	92.760503292021
15	76.91757597338942
16	97.55311546700474
17	121.3329302190725
18	87.65890396446599
19	102.95254759060433
20	29.481498383091164
21	118.37886257528749
22	72.36467016646743
23	5.087082450748532
24	51.26351734418314
25	46.92647757919092



height_matrix
0.0  -494.6354934696407  136.10238658285834  -23.522254537984452  100.58399521526252  -52.630643411173935  -17.05045301632333  -101.09884537152169  220.35083903057253  -102.3068229777461  47.92066712078639  34.04704171714499  67.44377496176094  -482.44754943316156  -40.52439330026323  14.925852314947292  -57.29853591270631  -140.52788754494344  -22.668795653820723  -76.19654834530485  180.9521238809912  -130.18865079169592  30.86102263917425  266.3325796441904  104.71505751716927  119.89469669464205  
494.6354934696407  0.0  630.7378800524991  471.11323893165627  595.2194886849032  442.0048500584668  477.5850404533174  393.53664809811903  714.9863325002133  392.3286704918946  542.5561605904271  528.6825351867857  562.0792684314017  12.187944036479166  454.1111001693775  509.561345784588  437.3369575569344  354.1076059246973  471.96669781582  418.4389451243359  675.587617350632  364.4468426779448  525.496516108815  760.9680731138311  599.35055098681  614.5301901642828  
-136.10238658285834  -630.7378800524991  0.0  -159.6246411208428  -35.518391367595825  -188.73302999403228  -153.15283959918168  -237.20123195438003  84.24845244771419  -238.40920956060444  -88.18171946207195  -102.05534486571335  -68.6586116210974  -618.54993601602  -176.62677988312157  -121.17653426791105  -193.40092249556466  -276.6302741278018  -158.77118223667907  -212.2989349281632  44.84973729813285  -266.29103737455426  -105.24136394368409  130.23019306133207  -31.387329065689073  -16.207689888216294  
23.522254537984452  -471.11323893165627  159.6246411208428  0.0  124.10624975324697  -29.108388873189483  6.471801521661121  -77.57659083353724  243.87309356855698  -78.78456843976164  71.44292165877084  57.569296255129444  90.96602949974539  -458.9252948951771  -17.002138762278776  38.448106852931744  -33.77628137472186  -117.00563300695899  0.8534588841637287  -52.674293807320396  204.47437841897565  -106.66639625371147  54.3832771771587  289.85483418217484  128.23731205515372  143.4169512326265  
-100.58399521526252  -595.2194886849032  35.518391367595825  -124.10624975324697  0.0  -153.21463862643645  -117.63444823158585  -201.6828405867842  119.76684381531001  -202.8908181930086  -52.66332809447613  -66.53695349811753  -33.14022025350158  -583.0315446484241  -141.10838851552575  -85.65814290031523  -157.88253112796883  -241.11188276020596  -123.25279086908324  -176.78054356056737  80.36812866572868  -230.77264600695844  -69.72297257608827  165.7485844289279  4.131062301906752  19.31070147937953  
52.630643411173935  -442.0048500584668  188.73302999403228  29.108388873189483  153.21463862643645  0.0  35.580190394850604  -48.468201960347756  272.9814824417465  -49.67617956657216  100.55131053196033  86.67768512831893  120.07441837293487  -429.8169060219876  12.106250110910707  67.55649572612123  -4.6678925015323784  -87.8972441337695  29.961847757353212  -23.565904934130913  233.58276729216513  -77.55800738052199  83.49166605034819  318.9632230553643  157.3457009283432  172.52534010581599  
17.05045301632333  -477.5850404533174  153.15283959918168  -6.471801521661121  117.63444823158585  -35.580190394850604  0.0  -84.04839235519836  237.40129204689586  -85.25636996142276  64.97112013710972  51.097494733468324  84.49422797808427  -465.3970964168382  -23.473940283939896  31.976305331270623  -40.24808289638298  -123.47743452862011  -5.618342637497392  -59.14609532898152  198.00257689731453  -113.13819777537259  47.91147565549758  283.3830326605137  121.7655105334926  136.94514971096538  
101.09884537152169  -393.53664809811903  237.20123195438003  77.57659083353724  201.6828405867842  48.468201960347756  84.04839235519836  0.0  321.44968440209425  -1.2079776062244036  149.01951249230808  135.14588708866668  168.54262033328263  -381.34870406163986  60.57445207125846  116.02469768646898  43.80030945881538  -39.42904217342175  78.43004971770097  24.902297026216843  282.0509692525129  -29.08980542017423  131.95986801069594  367.4314250157121  205.81390288869096  220.99354206616374  
-220.35083903057253  -714.9863325002133  -84.24845244771419  -243.87309356855698  -119.76684381531001  -272.9814824417465  -237.40129204689586  -321.44968440209425  0.0  -322.65766200831865  -172.43017190978614  -186.30379731342754  -152.9070640688116  -702.7983884637341  -260.8752323308358  -205.42498671562524  -277.6493749432789  -360.878726575516  -243.01963468439325  -296.5473873758774  -39.39871514958134  -350.5394898222685  -189.48981639139828  45.98174061361787  -115.63578151340326  -100.45614233593048  
102.3068229777461  -392.3286704918946  238.40920956060444  78.78456843976164  202.8908181930086  49.67617956657216  85.25636996142276  1.2079776062244036  322.65766200831865  0.0  150.22749009853248  136.3538646948911  169.75059793950703  -380.14072645541546  61.78242967748287  117.23267529269339  45.00828706503978  -38.221064567197345  79.63802732392537  26.110274632441246  283.2589468587373  -27.881827813949826  133.16784561692035  368.6394026219365  207.02188049491537  222.20151967238814  
-47.92066712078639  -542.5561605904271  88.18171946207195  -71.44292165877084  52.66332809447613  -100.55131053196033  -64.97112013710972  -149.01951249230808  172.43017190978614  -150.22749009853248  0.0  -13.873625403641398  19.523107840974546  -530.368216553948  -88.44506042104962  -32.9948148058391  -105.2192030334927  -188.44855466572983  -70.58946277460711  -124.11721546609124  133.0314567602048  -178.1093179124823  -17.05964448161214  218.41191252340403  56.79439039638288  71.97402957385566  
-34.04704171714499  -528.6825351867857  102.05534486571335  -57.569296255129444  66.53695349811753  -86.67768512831893  -51.097494733468324  -135.14588708866668  186.30379731342754  -136.3538646948911  13.873625403641398  0.0  33.396733244615945  -516.4945911503065  -74.57143501740822  -19.1211894021977  -91.3455776298513  -174.57492926208843  -56.715837370965716  -110.24359006244984  146.9050821638462  -164.2356925088409  -3.186019077970741  232.28553792704543  70.66801580002428  85.84765497749706  
-67.44377496176094  -562.0792684314017  68.6586116210974  -90.96602949974539  33.14022025350158  -120.07441837293487  -84.49422797808427  -168.54262033328263  152.9070640688116  -169.75059793950703  -19.523107840974546  -33.396733244615945  0.0  -549.8913243949225  -107.96816826202416  -52.517922646813645  -124.74231087446725  -207.97166250670438  -90.11257061558166  -143.64032330706578  113.50834891923026  -197.63242575345686  -36.582752322586686  198.88880468242948  37.271282555408334  52.45092173288111  
482.44754943316156  -12.187944036479166  618.54993601602  458.9252948951771  583.0315446484241  429.8169060219876  465.3970964168382  381.34870406163986  702.7983884637341  380.14072645541546  530.368216553948  516.4945911503065  549.8913243949225  0.0  441.9231561328983  497.37340174810885  425.14901352045524  341.9196618882181  459.77875377934083  406.2510010878567  663.3996733141528  352.25889864146563  513.3085720723358  748.780129077352  587.1626069503309  602.3422461278036  
40.52439330026323  -454.1111001693775  176.62677988312157  17.002138762278776  141.10838851552575  -12.106250110910707  23.473940283939896  -60.57445207125846  260.8752323308358  -61.78242967748287  88.44506042104962  74.57143501740822  107.96816826202416  -441.9231561328983  0.0  55.45024561521052  -16.774142612443086  -100.00349424468021  17.855597646442504  -35.67215504504162  221.47651718125442  -89.66425749143269  71.38541593943748  306.8569729444536  145.2394508174325  160.41908999490528  
-14.925852314947292  -509.561345784588  121.17653426791105  -38.448106852931744  85.65814290031523  -67.55649572612123  -31.976305331270623  -116.02469768646898  205.42498671562524  -117.23267529269339  32.9948148058391  19.1211894021977  52.517922646813645  -497.37340174810885  -55.45024561521052  0.0  -72.2243882276536  -155.45373985989073  -37.594647968768015  -91.12240066025214  166.0262715660439  -145.1145031066432  15.93517032422696  251.40672732924313  89.78920520222198  104.96884437969476  
57.29853591270631  -437.3369575569344  193.40092249556466  33.77628137472186  157.88253112796883  4.6678925015323784  40.24808289638298  -43.80030945881538  277.6493749432789  -45.00828706503978  105.2192030334927  91.3455776298513  124.74231087446725  -425.14901352045524  16.774142612443086  72.2243882276536  0.0  -83.22935163223713  34.62974025888559  -18.898012432598534  238.2506597936975  -72.8901148789896  88.15955855188056  323.6311155568967  162.01359342987558  177.19323260734836  
140.52788754494344  -354.1076059246973  276.6302741278018  117.00563300695899  241.11188276020596  87.8972441337695  123.47743452862011  39.42904217342175  360.878726575516  38.221064567197345  188.44855466572983  174.57492926208843  207.97166250670438  -341.9196618882181  100.00349424468021  155.45373985989073  83.22935163223713  0.0  117.85909189112272  64.33133919963859  321.48001142593466  10.33923675324752  171.3889101841177  406.86046718913383  245.2429450621127  260.4225842395855  
22.668795653820723  -471.96669781582  158.77118223667907  -0.8534588841637287  123.25279086908324  -29.961847757353212  5.618342637497392  -78.43004971770097  243.01963468439325  -79.63802732392537  70.58946277460711  56.715837370965716  90.11257061558166  -459.77875377934083  -17.855597646442504  37.594647968768015  -34.62974025888559  -117.85909189112272  0.0  -53.527752691484125  203.62091953481192  -107.5198551378752  53.529818292994975  289.0013752980111  127.38385317099  142.56349234846277  
76.19654834530485  -418.4389451243359  212.2989349281632  52.674293807320396  176.78054356056737  23.565904934130913  59.14609532898152  -24.902297026216843  296.5473873758774  -26.110274632441246  124.11721546609124  110.24359006244984  143.64032330706578  -406.2510010878567  35.67215504504162  91.12240066025214  18.898012432598534  -64.33133919963859  53.527752691484125  0.0  257.14867222629607  -53.99210244639107  107.0575709844791  342.52912798949524  180.91160586247412  196.0912450399469  
-180.9521238809912  -675.587617350632  -44.84973729813285  -204.47437841897565  -80.36812866572868  -233.58276729216513  -198.00257689731453  -282.0509692525129  39.39871514958134  -283.2589468587373  -133.0314567602048  -146.9050821638462  -113.50834891923026  -663.3996733141528  -221.47651718125442  -166.0262715660439  -238.2506597936975  -321.48001142593466  -203.62091953481192  -257.14867222629607  0.0  -311.14077467268714  -150.09110124181694  85.38045576319922  -76.23706636382192  -61.057427186349145  
130.18865079169592  -364.4468426779448  266.29103737455426  106.66639625371147  230.77264600695844  77.55800738052199  113.13819777537259  29.08980542017423  350.5394898222685  27.881827813949826  178.1093179124823  164.2356925088409  197.63242575345686  -352.25889864146563  89.66425749143269  145.1145031066432  72.8901148789896  -10.33923675324752  107.5198551378752  53.99210244639107  311.14077467268714  0.0  161.04967343087017  396.5212304358863  234.9037083088652  250.08334748633797  
-30.86102263917425  -525.496516108815  105.24136394368409  -54.3832771771587  69.72297257608827  -83.49166605034819  -47.91147565549758  -131.95986801069594  189.48981639139828  -133.16784561692035  17.05964448161214  3.186019077970741  36.582752322586686  -513.3085720723358  -71.38541593943748  -15.93517032422696  -88.15955855188056  -171.3889101841177  -53.529818292994975  -107.0575709844791  150.09110124181694  -161.04967343087017  0.0  235.47155700501617  73.85403487799502  89.0336740554678  
-266.3325796441904  -760.9680731138311  -130.23019306133207  -289.85483418217484  -165.7485844289279  -318.9632230553643  -283.3830326605137  -367.4314250157121  -45.98174061361787  -368.6394026219365  -218.41191252340403  -232.28553792704543  -198.88880468242948  -748.780129077352  -306.8569729444536  -251.40672732924313  -323.6311155568967  -406.86046718913383  -289.0013752980111  -342.52912798949524  -85.38045576319922  -396.5212304358863  -235.47155700501617  0.0  -161.61752212702115  -146.43788294954837  
-104.71505751716927  -599.35055098681  31.387329065689073  -128.23731205515372  -4.131062301906752  -157.3457009283432  -121.7655105334926  -205.81390288869096  115.63578151340326  -207.02188049491537  -56.79439039638288  -70.66801580002428  -37.271282555408334  -587.1626069503309  -145.2394508174325  -89.78920520222198  -162.01359342987558  -245.2429450621127  -127.38385317099  -180.91160586247412  76.23706636382192  -234.9037083088652  -73.85403487799502  161.61752212702115  0.0  15.17963917747278  
-119.89469669464205  -614.5301901642828  16.207689888216294  -143.4169512326265  -19.31070147937953  -172.52534010581599  -136.94514971096538  -220.99354206616374  100.45614233593048  -222.20151967238814  -71.97402957385566  -85.84765497749706  -52.45092173288111  -602.3422461278036  -160.41908999490528  -104.96884437969476  -177.19323260734836  -260.4225842395855  -142.56349234846277  -196.0912450399469  61.057427186349145  -250.08334748633797  -89.0336740554678  146.43788294954837  -15.17963917747278  0.0  



slope_matrix
0.0  -0.009129484929303077  0.005514683410974812  -0.0004063969339665593  0.0017843532945762378  -0.003969128462381142  -0.00022276526020803935  -0.0019457052611917185  0.004512611899049202  -0.0015219699937183294  0.0008295078262209865  0.002063457073766363  0.0024374331392035035  -0.009126892724804419  -0.0015719314701420958  0.00033845470101921297  -0.003023669441303763  -0.0029995280159006072  -0.0006663373208060177  -0.008054603419165418  0.0019713493031015155  -0.001753382502245063  0.0008427368279403127  0.0027386383510970736  0.0025540257931016895  0.0018215541886150417  
0.009159916545734087  0.0  0.008763899959045423  0.03790130643054355  0.016334234047335434  0.00678129564373223  0.018375722987815212  0.02018136656913431  0.00724256819793571  0.026780114026750488  0.02190376102504752  0.0117641863637469  0.007062184551217511  0.0032414744777870125  0.011593339294597332  0.02396807835299097  0.0061709744258068916  0.023701981654932883  0.013848788081450117  0.0068171871150918195  0.016150791712900597  0.016810278721307418  0.027185541443808327  0.005061984122356357  0.013655742788489635  0.018862191226650792  
-0.005388059643026855  -0.008731144518999158  0.0  -0.002076553156248768  -0.000444813918191557  -0.008559321088164729  -0.001618951792803189  -0.003387621136166524  0.0031272625258988193  -0.0027956051777744424  -0.00107669987133177  -0.002503197077893386  -0.00324627005300697  -0.00872179830817851  -0.003580514491853265  -0.001772364110983049  -0.011553221176557028  -0.004261751257553563  -0.002746431105979572  -0.011132613263144372  0.00040565970783405255  -0.0028847474528713494  -0.001924677467880104  0.0017167175462870032  -0.0004867761951874856  -0.00019322472446609793  
0.00040409301731634514  -0.03793182278032659  0.0020838725994888094  0.0  0.004559377287040667  -0.0004338060934901562  0.00029310695297378263  -0.0024737433301510597  0.002359681602017968  -0.003252872355068606  0.004594400106673366  0.0013228239029211728  0.0010801000890494584  -0.03296877118499836  -0.00046941299730200926  0.0024288128144618914  -0.00044736796522810415  -0.004440441480339999  2.9924925812192453e-05  -0.0007979744554964459  0.0056719661142572994  -0.005233876165540307  0.0019804543764442356  0.0018705139015370085  0.00346119600688674  0.003346172450597912  
-0.0017780448155429117  -0.016533874685691757  0.00044598683284274013  -0.0046084756685201254  0.0  -0.0024860398933382517  -0.003091575511999628  -0.0036709654274988024  0.0011821818558415754  -0.0044145086639035816  -0.004026248325265759  -0.0015711205076296936  -0.00041748828739608944  -0.015672890985172692  -0.00427601177319775  -0.0037470753674678577  -0.0022243241917155373  -0.0048289982527579805  -0.004441542013300297  -0.0028371135220761896  0.0015678526856365328  -0.005894575887789488  -0.0014933170395392647  0.0011061704780360913  0.0002435767866690302  0.00031257205372903094  
0.003927659956057756  -0.006787543766254097  0.00859440027295229  0.000430597468538306  0.0024522189280799687  0.0  0.0004206641018059683  -0.0007705596496080724  0.006464160133595702  -0.0006355703629295312  0.0015582102980313084  0.0034922516167735264  0.006511627894410785  -0.006736942100658113  0.00037879380822624243  0.0012887542107234114  -0.00046079886490941547  -0.0015209767110878959  0.0007408963342570033  -0.00269324627818639  0.0023859078793083332  -0.0009104121068261766  0.001755501809300845  0.003518623530671421  0.0033399639339491234  0.002247594321336842  
0.00022399439065059551  -0.018706817095703775  0.0016277270655668155  -0.00029906661375513494  0.003094828945845458  -0.00042402295759615073  0.0  -0.0027466794887319726  0.0019582718142942823  -0.006386244940930544  0.002523150296586785  0.0008191195193002408  0.0008311370926715679  -0.016193357564956098  -0.00044264562772604505  0.0008808899540294938  -0.000432821624867007  -0.0033246482102482528  -0.00011966396109768464  -0.0007083364710057667  0.010843514616501343  -0.013533277245857966  0.0010913775775739769  0.0016432765013656928  0.002450996588838418  0.004714118750807759  
0.0019352765193629726  -0.020243654737557563  0.003378453666918958  0.0024776937347025627  0.003645749106774841  0.0007642415950858996  0.0027674808151201304  0.0  0.0033152813985364506  -6.855718537028397e-05  0.003413963630980712  0.0021815316721334414  0.0021655225534277607  -0.020613443462791346  0.0010782209339846647  0.003031740206074444  0.0006337767249141279  -0.0057476737862130825  0.0015351350502583866  0.00041768361332131574  0.0060813059347242975  -0.0011729760250070254  0.008080824740397792  0.0024731199099125804  0.0033795386352822817  0.015584876027232986  
-0.004475946354470293  -0.0072031667590188725  -0.0030962312549692827  -0.002347416436312994  -0.0011771854119845687  -0.006402004747695743  -0.0019511900390145136  -0.0033125482728987455  0.0  -0.002873175975140861  -0.0016613370450889887  -0.0029055489287808413  -0.005731149327916477  -0.007175805477473291  -0.0036629490638982838  -0.0022396967587835284  -0.008144598854305629  -0.003925581709730404  -0.0030491798580225002  -0.0071114481385102495  -0.000286242581422551  -0.0029375638131422816  -0.0023193367979363316  0.0009024875488443155  -0.001338841976535872  -0.0009488631560964436  
0.001523556559609026  -0.02674360398717755  0.0028008600747251463  0.003236835186514447  0.004381144854092175  0.0006341909813171474  0.006483374141553062  6.847945613517028e-05  0.0028842197372693184  0.0  0.004411967403774816  0.002348094794125901  0.0018303924729297716  -0.021685152678574755  0.0011813084068352366  0.003408917571756132  0.0005356853971083049  -0.0015905561617643505  0.0016868889498819185  0.000350332411544898  0.009202694829718562  -0.003673495100652151  0.004268200180029498  0.00225495108038865  0.003630688889774033  0.011572995816270215  
-0.0008277883420415683  -0.021693568996018677  0.001077357598803567  -0.004481990066422261  0.003965612055306937  -0.0015698877522554305  -0.0024750902909375133  -0.0033906601249671917  0.001662298003564891  -0.00439776024878608  0.0  -0.00033382159296538495  0.00023866880001191377  -0.02023533828897169  -0.0026307275556528738  -0.0018662225568913517  -0.0014335041285216989  -0.004839459544574469  -0.002723358903341324  -0.0019174604583051327  0.003371298954896219  -0.0065122236896702854  -0.00044150218637712573  0.001434466783944595  0.0022690527525522524  0.0014400566141227623  
-0.002033873459805555  -0.011814134864509176  0.002507502330852908  -0.0013326225984983669  0.0015575129564166087  -0.0034922516167735264  -0.0008175468349861335  -0.0021932146557719356  0.0029128173438622194  -0.002360288466243571  0.00033294037445743695  0.0  0.0007845133484758268  -0.011510911324945543  -0.007703660642294238  -0.0006828996215070607  -0.002680327982096576  -0.00308436270781075  -0.0031649462818619262  -0.004416810499296869  0.0019375249886422787  -0.0026227354281194654  -6.515376437567977e-05  0.002066965099902522  0.002445260062284577  0.0011373563192567178  
-0.002407846303525917  -0.007049783875973934  0.0032803923373672913  -0.001078307604311823  0.0004133743327117573  -0.00648700261334062  -0.0008276445095316316  -0.0021744629123117355  0.005807332475078298  -0.0018298005598739574  -0.00023744962102863716  -0.0007856206361942118  0.0  -0.007013025435466427  -0.0021745854634848774  -0.0007490789138042169  -0.013798928194078236  -0.0028725367749544805  -0.0015501904458211193  -0.0070136876614778215  0.0009819825844506083  -0.0019802848271889464  -0.0005884309525910678  0.0026607197950826687  0.0005751741135093879  0.0005740497070469641  
0.009113100669307926  -0.0032414744777870125  0.008723028289606825  0.032945103725425494  0.01547323632294119  0.006703320430785833  0.015987533370554387  0.020635752384287873  0.007196379156909012  0.02163578408966508  0.02039093489250088  0.011462374415230948  0.007002308982489782  0.0  0.01124772604054208  0.02326348932404625  0.006090087573706564  0.02540264947163582  0.013443823209922247  0.006734930389387545  0.01475861342189439  0.014319467424449823  0.030884992302787954  0.005016280090288416  0.013341572527842101  0.018625301364496093  
0.0015592302154776156  -0.011649848644673614  0.0035703816430790697  0.00046941299730200926  0.004222273743732069  -0.00038481405311222846  0.0004412311852021559  -0.001084591800738737  0.0036670682081928  -0.0011881236476439013  0.002633861239459488  0.007719610250249298  0.0021940290238167885  -0.011302382509792796  0.0  0.0026192841575441907  -0.000411030203686427  -0.0019674108645422036  0.0019708165172673845  -0.001109899036871239  0.0033294225459817865  -0.0016512450505779396  0.001651293452219234  0.002566552132355751  0.007410176062113903  0.0023012349733883986  
-0.00033594085786512026  -0.023678501198168587  0.0017718458000864315  -0.0024120518728313516  0.0037049369766572328  -0.001294929954497244  -0.0008628252922631037  -0.003022263550051289  0.002241407383694765  -0.00339411335531828  0.001865167597842798  0.0006804693737436904  0.0007511144543308587  -0.022983983444921852  -0.002604520695876492  0.0  -0.0011739985082518467  -0.004658487859151655  -0.002766346428901252  -0.0017307198605935829  0.003261108042781401  -0.004103916943061177  0.0006183612853793931  0.001793456465467564  0.0038371455214624775  0.0020089730981759763  
0.002971915763107174  -0.006159675458548372  0.011580893562608663  0.0004465989868401674  0.0022007601216611212  0.00046262561957704444  0.00043110628637942354  -0.0006368175262985661  0.008197501474557983  -0.0005355579136725343  0.0014259276735803321  0.002680327982096576  0.013906612137621767  -0.006101449677388853  0.00040694183921501906  0.001170953116531349  0.0  -0.0013071988633930757  0.0006967754579252634  -0.0016083414836254072  0.002223296346559826  -0.000800374600625778  0.0016496923381714179  0.0039328121953687775  0.002874110225827135  0.00214415818740741  
0.0029950530167293997  -0.023670294513682973  0.004263064788531388  0.004435391698520053  0.0047849153157413366  0.0015128613448153099  0.0033417438302738864  0.005714353938177065  0.00393800443665993  0.0015925443569665561  0.004866956473805006  0.0030659453681434567  0.0028681790443622172  -0.02534615729341869  0.001954338367103385  0.0046738947642781335  0.0013047397967116652  0.0  0.002557705987220545  0.0011847392117797161  0.006070241907589401  0.0003294849188415398  0.015566658509002514  0.0028402126854389794  0.004387957506926332  0.012544440473968473  
0.0006636064301469767  -0.013784074118452687  0.0027360189942560583  -2.9903955296556718e-05  0.004387781803812148  -0.0007486718580048279  0.00011953666171990792  -0.0015345343321796316  0.0030491798580225002  -0.0016851042599222465  0.002716023962085691  0.0031809218940530406  0.0015598506251615313  -0.01338122100638361  -0.001953566482105307  0.0027868530740376585  -0.0007014328592036781  -0.0025571510499267243  0.0  -0.0013151781988079638  0.0033756224123408416  -0.0022418652030416013  0.0013907461234864893  0.002255708517780293  0.008223618668236926  0.0021942972502456944  
0.008029141026902513  -0.006836120652251853  0.011209025075404604  0.0008000348391148298  0.002835293401131794  0.0026688454059038405  0.0007077431533921445  -0.0004221443808478868  0.007089347056559345  -0.0003516535304032491  0.0019272859544424105  0.004457888801554785  0.00692910387395397  -0.006783286042542273  0.0011207086096462965  0.0017413032803411455  0.0015735231001331002  -0.001193974372673322  0.00132790257235138  0.0  0.0026301119168904486  -0.0006642729139565831  0.002452636219575695  0.0037953365982215537  0.0038508217510105176  0.0026917123547007126  
-0.001966849532950633  -0.016263543990145207  -0.0004073545621992085  -0.00569566513701882  -0.0015678526856365328  -0.0024030901666872266  -0.0110677795918007  -0.006069528066548589  0.00028551655651152136  -0.009238713204785953  -0.003411062993851405  -0.001941365677258741  -0.0009874498605425813  -0.014824573705344197  -0.0033394628727138375  -0.003283747459771438  -0.0022360246247683973  -0.006064516344575262  -0.003380105236214736  -0.00262715616132136  0.0  -0.012120793715336468  -0.002490725211447344  0.00045246424641734396  -0.0012106886829255507  -0.0015724292347759244  
0.0017719974246862109  -0.01736287959399451  0.002912194197009561  0.0050078120306906795  0.005736332239795139  0.0009162198154816537  0.01262703100171569  0.001201065459131884  0.0029658980440161477  0.004000262240164968  0.006367869785930722  0.0025802936764939654  0.0019950779906466472  -0.014769765142199817  0.0016228531156256482  0.004035442244344917  0.0008068420951847421  -0.00033612603229023143  0.0022100689648073013  0.0006678058434927776  0.011701420634550099  0.0  0.004292368694852617  0.002335225149799095  0.004526083011731507  0.010973380758505395  
-0.0008404417930058348  -0.02719961263503183  0.001924325542945403  -0.0019725526723670186  0.0014882171307596215  -0.0017430410448924464  -0.001093619622357854  -0.008080824740397792  0.002326741360405185  -0.004262735134984646  0.0004450729058599567  6.528727618792502e-05  0.0005871088480594878  -0.030884992302787954  -0.0016417988946512759  -0.000623197900830151  -0.0016450748003709753  -0.015275303937978404  -0.0013943688015888246  -0.0024276093193759435  0.002475117104911229  -0.004208248587166715  0.0  0.001782929938706869  0.0015322413875102701  0.002949111429462332  
-0.002742586547669554  -0.005101005986820157  -0.0017237616553452293  -0.0018844992795148225  -0.0011077969818802827  -0.003523676790271369  -0.001651993894488246  -0.002500213833803158  -0.0009146954568056072  -0.002272465803365408  -0.0014400468947280544  -0.0020739780172057626  -0.0026675000628008246  -0.005064115576067577  -0.0025764649281650176  -0.0018009077888914264  -0.003948165372171486  -0.0028682443932966785  -0.0022652561161468185  -0.0038237232416777765  -0.00045244026984754055  -0.002342813769192829  -0.0017937956654606245  0.0  -0.0012038549134228763  -0.0009230247901011558  
-0.0025117547977253365  -0.013575323918161042  0.0004846715420890839  -0.003469624243916497  -0.00023769058123744257  -0.0033656834423175016  -0.0024406797060231027  -0.003372892541604244  0.0013379125478815603  -0.0036211628563042743  -0.0022726846897312076  -0.002450347288489053  -0.0005778493419443153  -0.013263216782252786  -0.007451998502690226  -0.0038371455214624775  -0.0028879428418872653  -0.004379338304680584  -0.008218313107805806  -0.0038142864402798678  0.0012060918583107407  -0.004606858370442541  -0.0015259098115288226  0.0011984984955656  0.0  0.0002061890678819992  
-0.001804012890379808  -0.01881598867618747  0.00019196600601938048  -0.003314466171310989  -0.00031036164383445086  -0.0022221192697812467  -0.004745154182639133  -0.01519900564416532  0.0009505690985610379  -0.011406648853818693  -0.0014406330979554775  -0.0011270533671720764  -0.0005698090356641077  -0.018408992852316737  -0.0022786802556094498  -0.0019997874715125693  -0.002126403847442078  -0.0123540125350847  -0.002182873868449897  -0.002655623578547493  0.0015773037247829797  -0.010610239604850996  -0.0029143592162182586  0.0009202405765697754  -0.00020543563645246692  0.0  
