Height_Data

node	height
0	72.50615614491308
1	40.13611611710339
2	89.7520071126158
3	362.0631708564427
4	109.3371064626674
5	64.3801230490676
6	317.39838374744676
7	123.66448695588883
8	250.69332113373073
9	305.2345027167215
10	71.72224302491439
11	113.97351592228237
12	160.69668040850806
13	347.3052417679892
14	80.4958052333767
15	69.78408174788643
16	16.29777953038056
17	127.3336568874793
18	75.59667623291296
19	326.12850327153103
20	20.021451762180934
21	181.46201636708213
22	91.95266487366668
23	41.625443858113485
24	15.475165046323657
25	105.728628174614
26	86.38911924670883
27	316.136804885639
28	11.095381695728886
29	163.49282787776323
30	208.49569359893476
31	153.76215164200318
32	242.54240205848038
33	163.29972180088245
34	199.14029538595346
35	227.26272113026752
36	318.30244005374675
37	75.77112431791636
38	222.64305685201055
39	12.956759222069689
40	93.95465237348044
41	215.95402283764307
42	92.0237102238038
43	82.19764603420822
44	171.45364448114546
45	49.573573123332466
46	69.88403260526317
47	101.27671942387288
48	138.15632254701126
49	271.9136907778938
50	113.92382975060409



height_matrix
0.0  64.74008005561937  -34.491701935405445  -579.1140294230593  -73.66190063550866  16.252066191690943  -489.7844552050674  -102.31666162195151  -356.3743299776353  -465.4566931436169  1.5678262399973732  -82.93471955473859  -176.38104852718996  -549.5981712461522  -15.979298176927244  5.444148794053291  112.41675322906504  -109.65500148513243  -6.181040175999755  -507.24469425323593  104.9694087654643  -217.9117204443381  -38.8930174575072  61.761424573599186  114.06198219717885  -66.44494405940185  -27.765926203591505  -487.26129748145183  122.82154889836838  -181.9733434657003  -271.97907490804334  -162.5119909941802  -340.0724918271346  -181.58713131193875  -253.26827848208077  -309.51312997070886  -491.5925678176674  -6.529936346006565  -300.27380141419496  119.09879384568677  -42.89699245713473  -286.89573338545995  -39.03510815778145  -19.382979778590283  -197.89497667246476  45.865166043161224  5.244247079299811  -57.5411265579196  -131.30033280419636  -398.8150692659615  -82.83534721138201  
-64.74008005561937  0.0  -99.23178199102482  -643.8541094786787  -138.40198069112802  -48.48801386392843  -554.5245352606868  -167.05674167757087  -421.11441003325467  -530.1967731992363  -63.172253815622  -147.67479961035798  -241.12112858280932  -614.3382513017716  -80.71937823254662  -59.29593126156608  47.676673173445664  -174.3950815407518  -70.92112023161913  -571.9847743088553  40.229328709844914  -282.65180049995746  -103.63309751312657  -2.978655482020187  49.32190214155947  -131.18502411502124  -92.50600625921088  -552.0013775370712  58.08146884274901  -246.71342352131967  -336.71915496366273  -227.25207104979955  -404.81257188275396  -246.3272113675581  -318.00835853770013  -374.25321002632825  -556.3326478732868  -71.27001640162594  -365.0138814698143  54.358713790067405  -107.6370725127541  -351.63581344107934  -103.77518821340082  -84.12305983420966  -262.6350567280841  -18.87491401245815  -59.49583297631956  -122.28120661353897  -196.04041285981572  -463.5551493215808  -147.57542726700137  
34.491701935405445  99.23178199102482  0.0  -544.6223274876538  -39.170198700103214  50.74376812709639  -455.29275326966194  -67.82495968654607  -321.88262804222984  -430.9649912082115  36.05952817540282  -48.44301761933315  -141.88934659178452  -515.1064693107468  18.5124037584782  39.935850729458735  146.90845516447047  -75.16329954972699  28.31066175940569  -472.7529923178305  139.46111070086974  -183.42001850893266  -4.401315522101754  96.25312650900463  148.5536841325843  -31.953242123996404  6.72577573181394  -452.7695955460464  157.31325083377382  -147.48164153029487  -237.48737297263793  -128.02028905877475  -305.5807898917292  -147.0954293765333  -218.77657654667533  -275.0214280353034  -457.1008658822619  27.96176558939888  -265.7820994787895  153.59049578109222  -8.405290521729285  -252.40403145005453  -4.5434062223760066  15.108722156815162  -163.40327473705932  80.35686797856667  39.735949014705255  -23.049424622514152  -96.80863086879091  -364.32336733055604  -48.34364527597657  
579.1140294230593  643.8541094786787  544.6223274876538  0.0  505.4521287875506  595.3660956147502  89.32957421799188  476.7973678011077  222.73969944542392  113.65733627944235  580.6818556630566  496.1793098683206  402.7329808958693  29.515858176907045  563.134731246132  584.5581782171125  691.5307826521242  469.4590279379268  572.9329892470595  71.86933516982333  684.0834381885235  361.20230897872113  540.2210119655521  640.8754539966584  693.1760116202381  512.6690853636574  551.3481032194677  91.85273194160743  701.9355783214277  397.1406859573589  307.13495451501586  416.60203842887904  239.04153759592464  397.5268981111205  325.84575094097846  269.60089945235035  87.52146160539189  572.5840930770527  278.8402280088643  698.212823268746  536.2170369659245  292.21829603759926  540.0789212652778  559.731049644469  381.21905275059447  624.9791954662205  584.3582765023591  521.5729028651397  447.8136966188629  180.29896015709778  496.2786822116772  
73.66190063550866  138.40198069112802  39.170198700103214  -505.4521287875506  0.0  89.9139668271996  -416.1225545695587  -28.654760986442852  -282.71242934212665  -391.79479250810823  75.22972687550603  -9.272818919229934  -102.7191478916813  -475.93627061064353  57.682602458581414  79.10604942956195  186.0786538645737  -35.99310084962377  67.4808604595089  -433.58279361772725  178.63130940097295  -144.24981980882944  34.76888317800146  135.42332520910784  187.7238828326875  7.21695657610681  45.89597443191715  -413.59939684594315  196.48344953387704  -108.31144283019165  -198.31717427253471  -88.85009035867154  -266.41059119162594  -107.92523067643009  -179.60637784657212  -235.85122933520023  -417.9306671821587  67.1319642895021  -226.61190077868628  192.76069448119543  30.76490817837393  -213.23383274995132  34.62679247772721  54.278920856918376  -124.2330760369561  119.52706667866988  78.90614771480847  16.12077407758906  -57.6384321686877  -325.1531686304528  -9.173446575873356  
-16.252066191690943  48.48801386392843  -50.74376812709639  -595.3660956147502  -89.9139668271996  0.0  -506.0365213967583  -118.56872781364245  -372.62639616932626  -481.70875933530783  -14.68423995169357  -99.18678574642954  -192.6331147188809  -565.8502374378431  -32.23136436861819  -10.807917397637652  96.1646870373741  -125.90706767682337  -22.433106367690698  -523.4967604449268  88.71734257377335  -234.16378663602904  -55.14508364919814  45.50935838190824  97.8099160054879  -82.69701025109279  -44.01799239528245  -503.51336367314275  106.56948270667743  -198.22540965739125  -288.2311410997343  -178.76405718587114  -356.32455801882554  -197.8391975036297  -269.5203446737717  -325.76519616239983  -507.8446340093583  -22.782002537697508  -316.5258676058859  102.84672765399583  -59.14905864882567  -303.1477995771509  -55.287174349472394  -35.635045970281226  -214.1470428641557  29.61309985147028  -11.007819112391132  -73.79319274961054  -147.5523989958873  -415.0671354576524  -99.08741340307296  
489.7844552050674  554.5245352606868  455.29275326966194  -89.32957421799188  416.1225545695587  506.0365213967583  0.0  387.46779358311585  133.41012522743205  24.32776206145047  491.3522814450647  406.84973565032874  313.4034066778774  -59.81371604108483  473.8051570281401  495.22860399912065  602.2012084341324  380.12945371993493  483.6034150290676  -17.460239048168546  594.7538639705316  271.87273476072926  450.8914377475602  551.5458797786665  603.8464374022462  423.3395111456655  462.0185290014758  2.5231577236155545  612.6060041034358  307.81111173936705  217.805380297024  327.27246421088716  149.71196337793276  308.1973238931286  236.5161767229866  180.27132523435847  -1.8081126125999845  483.2545188590608  189.51065379087242  608.8832490507541  446.88746274793266  202.88872181960738  450.74934704728594  470.4014754264771  291.8894785326026  535.6496212482286  495.02870228436717  432.2433286471478  358.484122400871  90.9693859391059  406.94910799368535  
102.31666162195151  167.05674167757087  67.82495968654607  -476.7973678011077  28.654760986442852  118.56872781364245  -387.46779358311585  0.0  -254.0576683556838  -363.1400315216654  103.88448786194888  19.38194206721292  -74.06438690523845  -447.2815096242007  86.33736344502427  107.7608104160048  214.73341485101656  -7.33833986318092  96.13562144595176  -404.9280326312844  207.2860703874158  -115.59505882238659  63.42364416444431  164.0780861955507  216.37864381913036  35.87171756254966  74.55073541836  -384.9446358595003  225.1382105203199  -79.6566818437488  -169.66241328609186  -60.195329372228684  -237.7558302051831  -79.27046968998724  -150.95161686012926  -207.19646834875738  -389.27590619571583  95.78672527594495  -197.95713979224342  221.41545546763828  59.41966916481678  -184.57907176350847  63.28155346417006  82.93368184336123  -95.57831505051325  148.18182766511273  107.56090870125132  44.775535064031914  -28.983671182244848  -296.49840764400994  19.481314410569496  
356.3743299776353  421.11441003325467  321.88262804222984  -222.73969944542392  282.71242934212665  372.62639616932626  -133.41012522743205  254.0576683556838  0.0  -109.08236316598158  357.9421562176327  273.43961042289675  179.99328145044535  -193.22384126851688  340.39503180070807  361.8184787716886  468.79108320670036  246.71932849250288  350.19328980163556  -150.8703642756006  461.3437387430996  138.4626095332972  317.4813125201281  418.1357545512345  470.43631217481413  289.9293859182335  328.60840377404384  -130.8869675038165  479.1958788760037  174.400986511935  84.39525506959194  193.86233898345512  16.301838150500714  174.78719866569656  103.10605149555454  46.861200006926424  -135.21823784003203  349.84439363162875  56.10052856344038  475.4731238233221  313.47733752050056  69.47859659217534  317.33922181985383  336.99135019904503  158.47935330517055  402.23949602079654  361.6185770569351  298.8332034197157  225.07399717343895  -42.44073928832614  273.5389827662533  
465.4566931436169  530.1967731992363  430.9649912082115  -113.65733627944235  391.79479250810823  481.70875933530783  -24.32776206145047  363.1400315216654  109.08236316598158  0.0  467.02451938361423  382.52197358887827  289.0756446164269  -84.1414781025353  449.47739496668964  470.9008419376702  577.8734463726819  355.80169165848446  459.27565296761713  -41.78800110961902  570.4261019090811  247.5449726992788  426.5636756861097  527.218117717216  579.5186753407958  399.011749084215  437.69076694002536  -21.804604337834917  588.2782420419853  283.4833496779166  193.47761823557352  302.9447021494367  125.38420131648229  283.86956183167814  212.18841466153611  155.943563172908  -26.135874674050456  458.9267567976103  165.18289172942195  584.5554869893036  422.5597006864822  178.5609597581569  426.42158498583547  446.0737133650266  267.5617164711521  511.3218591867781  470.7009402229167  407.9155665856973  334.15636033942053  66.64162387765543  382.6213459322349  
-1.5678262399973732  63.172253815622  -36.05952817540282  -580.6818556630566  -75.22972687550603  14.68423995169357  -491.3522814450647  -103.88448786194888  -357.9421562176327  -467.02451938361423  0.0  -84.50254579473597  -177.94887476718733  -551.1659974861495  -17.547124416924618  3.8763225540559176  110.84892698906766  -111.2228277251298  -7.748866415997128  -508.81252049323325  103.40158252546692  -219.47954668433547  -40.46084369750457  60.19359833360181  112.49415595718148  -68.01277029939922  -29.333752443588878  -488.82912372144915  121.253722658371  -183.54116970569768  -273.5469011480408  -164.07981723417757  -341.64031806713194  -183.15495755193612  -254.83610472207815  -311.0809562107063  -493.1603940576647  -8.097762586003938  -301.8416276541923  117.5309676056894  -44.4648186971321  -288.4635596254574  -40.602934397778824  -20.950806018587656  -199.46280291246214  44.29733980316385  3.6764208393024376  -59.10895279791697  -132.86815904419373  -400.3828955059588  -84.40317345137939  
82.93471955473859  147.67479961035798  48.44301761933315  -496.1793098683206  9.272818919229934  99.18678574642954  -406.84973565032874  -19.38194206721292  -273.43961042289675  -382.52197358887827  84.50254579473597  0.0  -93.44632897245137  -466.66345169141357  66.95542137781135  88.37886834879188  195.35147278380362  -26.72028193039384  76.75367937873884  -424.3099746984973  187.9041283202029  -134.9770008895995  44.04170209723139  144.69614412833778  196.99670175191744  16.489775495336744  55.16879335114709  -404.3265779267132  205.75626845310697  -99.03862391096172  -189.04435535330478  -79.5772714394416  -257.137772272396  -98.65241175720016  -170.33355892734218  -226.5784104159703  -408.6578482629287  76.40478320873203  -217.33908185945634  202.03351340042536  40.03772709760386  -203.96101383072138  43.89961139695714  63.55173977614831  -114.96025711772617  128.79988559789982  88.1789666340384  25.393592996818995  -48.365613249457766  -315.88034971122283  0.09937234335657763  
176.38104852718996  241.12112858280932  141.88934659178452  -402.7329808958693  102.7191478916813  192.6331147188809  -313.4034066778774  74.06438690523845  -179.99328145044535  -289.0756446164269  177.94887476718733  93.44632897245137  0.0  -373.21712271896223  160.40175035026272  181.82519732124325  288.797801756255  66.72604704205753  170.2000083511902  -330.86364572604595  281.35045729265426  -41.53067191714814  137.48803106968276  238.14247310078915  290.4430307243688  109.93610446778811  148.61512232359846  -310.88024895426184  299.20259742555834  -5.592294938510349  -95.59802638085341  13.869057533009766  -163.69144329994464  -5.206082784748787  -76.88722995489081  -133.13208144351893  -315.2115192904774  169.8511121811834  -123.89275288700497  295.47984237287676  133.48405607005523  -110.51468485827002  137.3459403694085  156.99806874859968  -21.513928145274804  222.24621457035119  181.62529560648977  118.83992196927036  45.0807157229936  -222.4340207387715  93.54570131580795  
549.5981712461522  614.3382513017716  515.1064693107468  -29.515858176907045  475.93627061064353  565.8502374378431  59.81371604108483  447.2815096242007  193.22384126851688  84.1414781025353  551.1659974861495  466.66345169141357  373.21712271896223  0.0  533.618873069225  555.0423200402055  662.0149244752172  439.94316976101976  543.4171310701524  42.353476992916285  654.5675800116164  331.6864508018141  510.705153788645  611.3595958197513  663.6601534433311  483.1532271867503  521.8322450425607  62.336873764700385  672.4197201445206  367.6248277804519  277.6190963381088  387.086180251972  209.5256794190176  368.01103993421344  296.3298927640714  240.0850412754433  58.00560342848485  543.0682349001456  249.32436983195726  668.6969650918389  506.7011787890175  262.7024378606922  510.56306308837077  530.2151914675619  351.7031945736874  595.4633372893134  554.842418325452  492.0570446882326  418.29783844195583  150.78310198019074  466.7628240347702  
15.979298176927244  80.71937823254662  -18.5124037584782  -563.134731246132  -57.682602458581414  32.23136436861819  -473.8051570281401  -86.33736344502427  -340.39503180070807  -449.47739496668964  17.547124416924618  -66.95542137781135  -160.40175035026272  -533.618873069225  0.0  21.423446970980535  128.3960514059923  -93.67570330820519  9.79825800092749  -491.26539607630866  120.94870694239154  -201.93242226741086  -22.913719280579954  77.74072275052643  130.0412803741061  -50.465645882474604  -11.78662802666426  -471.28199930452456  138.80084707529562  -165.99404528877307  -255.99977673111613  -146.53269281725295  -324.09319365020735  -165.6078331350115  -237.28898030515353  -293.53383179378164  -475.6132696407401  9.44936183092068  -284.2945032372677  135.07809202261402  -26.917694280207485  -270.91643520853273  -23.055809980854207  -3.4036816016630382  -181.91567849553752  61.84446422008847  21.223545256227055  -41.56182838099235  -115.32103462726911  -382.8357710890342  -66.85604903445477  
-5.444148794053291  59.29593126156608  -39.935850729458735  -584.5581782171125  -79.10604942956195  10.807917397637652  -495.22860399912065  -107.7608104160048  -361.8184787716886  -470.9008419376702  -3.8763225540559176  -88.37886834879188  -181.82519732124325  -555.0423200402055  -21.423446970980535  0.0  106.97260443501175  -115.09915027918572  -11.625188970053046  -512.6888430472892  99.525259971411  -223.3558692383914  -44.33716625156049  56.317275779545895  108.61783340312556  -71.88909285345514  -33.210074997644796  -492.7054462755051  117.37740010431509  -187.4174922597536  -277.42322370209666  -167.9561397882335  -345.5166406211879  -187.03128010599204  -258.71242727613406  -314.9572787647622  -497.03671661172064  -11.974085140059856  -305.7179502082482  113.65464505163348  -48.34114125118802  -292.33988217951327  -44.47925695183474  -24.827128572643574  -203.33912546651806  40.42101724910793  -0.19990171475348006  -62.98527535197289  -136.74448159824965  -404.25921806001475  -88.2794960054353  
-112.41675322906504  -47.676673173445664  -146.90845516447047  -691.5307826521242  -186.0786538645737  -96.1646870373741  -602.2012084341324  -214.73341485101656  -468.79108320670036  -577.8734463726819  -110.84892698906766  -195.35147278380362  -288.797801756255  -662.0149244752172  -128.3960514059923  -106.97260443501175  0.0  -222.07175471419748  -118.59779340506479  -619.6614474823009  -7.44734446360075  -330.32847367340315  -151.30977068657222  -50.65532865546585  1.6452289681138055  -178.86169728846687  -140.18267943265653  -599.6780507105168  10.404795669303347  -294.39009669476536  -384.3958281371084  -274.92874422324525  -452.48924505619965  -294.0038845410038  -365.6850317111458  -421.92988319977394  -604.0093210467323  -118.9466895750716  -412.69055464326  6.682040616621741  -155.31374568619975  -399.312486614525  -151.45186138684647  -131.79973300765533  -310.3117299015298  -66.55158718590381  -107.17250614976523  -169.95787978698462  -243.7170860332614  -511.2318224950265  -195.25210044044707  
109.65500148513243  174.3950815407518  75.16329954972699  -469.4590279379268  35.99310084962377  125.90706767682337  -380.12945371993493  7.33833986318092  -246.71932849250288  -355.80169165848446  111.2228277251298  26.72028193039384  -66.72604704205753  -439.94316976101976  93.67570330820519  115.09915027918572  222.07175471419748  0.0  103.47396130913268  -397.5896927681035  214.62441025059672  -108.25671895920567  70.76198402762523  171.41642605873162  223.71698368231128  43.21005742573058  81.88907528154093  -377.6062959963194  232.4765503835008  -72.31834198056788  -162.32407342291094  -52.856989509047764  -230.41749034200217  -71.93212982680632  -143.61327699694834  -199.85812848557646  -381.9375663325349  103.12506513912587  -190.6187999290625  228.7537953308192  66.7580090279977  -177.24073190032755  70.61989332735098  90.27202170654215  -88.23997518733233  155.52016752829365  114.89924856443224  52.113874927212834  -21.645331319063928  -289.160067780829  26.819654273750416  
6.181040175999755  70.92112023161913  -28.31066175940569  -572.9329892470595  -67.4808604595089  22.433106367690698  -483.6034150290676  -96.13562144595176  -350.19328980163556  -459.27565296761713  7.748866415997128  -76.75367937873884  -170.2000083511902  -543.4171310701524  -9.79825800092749  11.625188970053046  118.59779340506479  -103.47396130913268  0.0  -501.06365407723615  111.15044894146405  -211.73068026833835  -32.711977281507444  67.94246474959894  120.2430223731786  -60.263903883402094  -21.58488602759175  -481.08025730545205  129.00258907436813  -175.79230328970056  -265.7980347320436  -156.33095081818044  -333.89145165113484  -175.406091135939  -247.08723830608102  -303.33208979470913  -485.4115276416676  -0.3488961700068103  -294.0927612381952  125.27983402168653  -36.715952281134975  -280.7146932094602  -32.8540679817817  -13.201939602590528  -191.713936496465  52.04620621916098  11.425287255299565  -51.36008638191984  -125.1192926281966  -392.6340290899617  -76.65430703538226  
507.24469425323593  571.9847743088553  472.7529923178305  -71.86933516982333  433.58279361772725  523.4967604449268  17.460239048168546  404.9280326312844  150.8703642756006  41.78800110961902  508.81252049323325  424.3099746984973  330.86364572604595  -42.353476992916285  491.26539607630866  512.6888430472892  619.6614474823009  397.5896927681035  501.06365407723615  0.0  612.2141030187001  289.3329738088978  468.35167679572874  569.0061188268351  621.3066764504148  440.79975019383403  479.4787680496444  19.9833967717841  630.0662431516043  325.2713507875356  235.26561934519253  344.7327032590557  167.1722024261013  325.65756294129716  253.97641577115513  197.73156428252702  15.652126435568562  500.71475790722934  206.97089283904097  626.3434880989226  464.3477017961012  220.34896086777593  468.2095860954545  487.8617144746456  309.34971758077114  553.1098602963971  512.4889413325357  449.70356769531634  375.94436144903955  108.42962498727445  424.4093470418539  
-104.9694087654643  -40.229328709844914  -139.46111070086974  -684.0834381885235  -178.63130940097295  -88.71734257377335  -594.7538639705316  -207.2860703874158  -461.3437387430996  -570.4261019090811  -103.40158252546692  -187.9041283202029  -281.35045729265426  -654.5675800116164  -120.94870694239154  -99.525259971411  7.44734446360075  -214.62441025059672  -111.15044894146405  -612.2141030187001  0.0  -322.8811292098024  -143.8624262229715  -43.2079841918651  9.092573431714555  -171.41435282486614  -132.7353349690558  -592.230706246916  17.852140132904097  -286.9427522311646  -376.94848367350767  -267.4813997596445  -445.0419005925989  -286.55654007740304  -358.23768724754507  -414.4825387361732  -596.5619765831316  -111.49934511147086  -405.24321017965923  14.129385080222491  -147.86640122259902  -391.86514215092427  -144.00451692324575  -124.35238854405458  -302.86438543792906  -59.10424272230306  -99.72516168616448  -162.5105353233839  -236.26974156966065  -503.78447803142575  -187.8047559768463  
217.9117204443381  282.65180049995746  183.42001850893266  -361.20230897872113  144.24981980882944  234.16378663602904  -271.87273476072926  115.59505882238659  -138.4626095332972  -247.5449726992788  219.47954668433547  134.9770008895995  41.53067191714814  -331.6864508018141  201.93242226741086  223.3558692383914  330.32847367340315  108.25671895920567  211.73068026833835  -289.3329738088978  322.8811292098024  0.0  179.0187029868309  279.67314501793726  331.9737026415169  151.46677638493625  190.1457942407466  -269.3495770371137  340.7332693427065  35.93837697863779  -54.06735446370527  55.399729450157906  -122.1607713827965  36.32458913239935  -35.35655803774267  -91.60140952637079  -273.68084737332924  211.38178409833154  -82.36208096985683  337.0105142900249  175.01472798720337  -68.98401294112188  178.87661228655665  198.52874066574782  20.016743771873337  263.7768864874993  223.1559675236379  160.3705938864185  86.61138764014174  -180.90334882162335  135.0763732329561  
38.8930174575072  103.63309751312657  4.401315522101754  -540.2210119655521  -34.76888317800146  55.14508364919814  -450.8914377475602  -63.42364416444431  -317.4813125201281  -426.5636756861097  40.46084369750457  -44.04170209723139  -137.48803106968276  -510.705153788645  22.913719280579954  44.33716625156049  151.30977068657222  -70.76198402762523  32.711977281507444  -468.35167679572874  143.8624262229715  -179.0187029868309  0.0  100.65444203110638  152.95499965468605  -27.55192660189465  11.127091253915694  -448.36828002394464  161.71456635587558  -143.0803260081931  -233.08605745053617  -123.618973536673  -301.1794743696274  -142.69411385443155  -214.37526102457358  -270.62011251320166  -452.6995503601602  32.363081111500634  -261.38078395668776  157.99181130319397  -4.0039749996275305  -248.00271592795278  -0.1420907002742524  19.510037678916916  -159.00195921495757  84.75818350066842  44.13726453680701  -18.648109100412398  -92.40731534668916  -359.9220518084543  -43.942329753874816  
-61.761424573599186  2.978655482020187  -96.25312650900463  -640.8754539966584  -135.42332520910784  -45.50935838190824  -551.5458797786665  -164.0780861955507  -418.1357545512345  -527.218117717216  -60.19359833360181  -144.69614412833778  -238.14247310078915  -611.3595958197513  -77.74072275052643  -56.317275779545895  50.65532865546585  -171.41642605873162  -67.94246474959894  -569.0061188268351  43.2079841918651  -279.67314501793726  -100.65444203110638  0.0  52.30055762357966  -128.20636863300103  -89.52735077719069  -549.022722055051  61.0601243247692  -243.7347680392995  -333.7404994816426  -224.27341556777938  -401.83391640073376  -243.34855588553793  -315.02970305568  -371.2745545443081  -553.3539923912665  -68.29136091960575  -362.0352259877941  57.33736927208759  -104.65841703073391  -348.6571579590592  -100.79653273138064  -81.14440435218947  -259.656401246064  -15.896258530437962  -56.517177494299375  -119.30255113151878  -193.06175737779554  -460.5764938395606  -144.5967717849812  
-114.06198219717885  -49.32190214155947  -148.5536841325843  -693.1760116202381  -187.7238828326875  -97.8099160054879  -603.8464374022462  -216.37864381913036  -470.43631217481413  -579.5186753407958  -112.49415595718148  -196.99670175191744  -290.4430307243688  -663.6601534433311  -130.0412803741061  -108.61783340312556  -1.6452289681138055  -223.71698368231128  -120.2430223731786  -621.3066764504148  -9.092573431714555  -331.9737026415169  -152.95499965468605  -52.30055762357966  0.0  -180.5069262565807  -141.82790840077035  -601.3232796786307  8.759566701189542  -296.03532566287913  -386.0410571052222  -276.573973191359  -454.1344740243134  -295.64911350911757  -367.3302606792596  -423.5751121678877  -605.6545500148462  -120.59191854318541  -414.33578361137376  5.0368116485079355  -156.95897465431358  -400.9577155826388  -153.0970903549603  -133.44496197576913  -311.9569588696436  -68.19681615401763  -108.81773511787904  -171.60310875509845  -245.3623150013752  -512.8770514631403  -196.89732940856086  
66.44494405940185  131.18502411502124  31.953242123996404  -512.6690853636574  -7.21695657610681  82.69701025109279  -423.3395111456655  -35.87171756254966  -289.9293859182335  -399.011749084215  68.01277029939922  -16.489775495336744  -109.93610446778811  -483.1532271867503  50.465645882474604  71.88909285345514  178.86169728846687  -43.21005742573058  60.263903883402094  -440.79975019383403  171.41435282486614  -151.46677638493625  27.55192660189465  128.20636863300103  180.5069262565807  0.0  38.67901785581034  -420.81635342204993  189.26649295777023  -115.52839940629846  -205.53413084864152  -96.06704693477835  -273.6275477677327  -115.1421872525369  -186.82333442267893  -243.06818591130704  -425.14762375826547  59.91500771339528  -233.8288573547931  185.54373790508862  23.54795160226712  -220.45078932605813  27.409835901620397  47.061964280811566  -131.45003261306292  112.31011010256307  71.68919113870166  8.903817501482251  -64.85538874479451  -332.3701252065596  -16.390403151980166  
27.765926203591505  92.50600625921088  -6.72577573181394  -551.3481032194677  -45.89597443191715  44.01799239528245  -462.0185290014758  -74.55073541836  -328.60840377404384  -437.69076694002536  29.333752443588878  -55.16879335114709  -148.61512232359846  -521.8322450425607  11.78662802666426  33.210074997644796  140.18267943265653  -81.88907528154093  21.58488602759175  -479.4787680496444  132.7353349690558  -190.1457942407466  -11.127091253915694  89.52735077719069  141.82790840077035  -38.67901785581034  0.0  -459.4953712778603  150.58747510195988  -154.2074172621088  -244.21314870445187  -134.7460647905887  -312.30656562354307  -153.82120510834724  -225.50235227848927  -281.7472037671174  -463.8266416140758  21.23598985758494  -272.5078752106034  146.86472004927828  -15.131066253543224  -259.1298071818685  -11.269181954189946  8.382946425001222  -170.12905046887326  73.63109224675273  33.010173282891316  -29.775200354328092  -103.53440660060485  -371.0491430623699  -55.06942100779051  
487.26129748145183  552.0013775370712  452.7695955460464  -91.85273194160743  413.59939684594315  503.51336367314275  -2.5231577236155545  384.9446358595003  130.8869675038165  21.804604337834917  488.82912372144915  404.3265779267132  310.88024895426184  -62.336873764700385  471.28199930452456  492.7054462755051  599.6780507105168  377.6062959963194  481.08025730545205  -19.9833967717841  592.230706246916  269.3495770371137  448.36828002394464  549.022722055051  601.3232796786307  420.81635342204993  459.4953712778603  0.0  610.0828463798202  305.2879540157515  215.28222257340843  324.7493064872716  147.1888056543172  305.67416616951306  233.99301899937103  177.74816751074292  -4.331270336215539  480.73136113544524  186.98749606725687  606.3600913271385  444.3643050243171  200.36556409599183  448.2261893236704  467.8783177028615  289.36632080898704  533.126463524613  492.5055445607516  429.72017092353224  355.96096467725545  88.44622821549035  404.4259502700698  
-122.82154889836838  -58.08146884274901  -157.31325083377382  -701.9355783214277  -196.48344953387704  -106.56948270667743  -612.6060041034358  -225.1382105203199  -479.1958788760037  -588.2782420419853  -121.253722658371  -205.75626845310697  -299.20259742555834  -672.4197201445206  -138.80084707529562  -117.37740010431509  -10.404795669303347  -232.4765503835008  -129.00258907436813  -630.0662431516043  -17.852140132904097  -340.7332693427065  -161.71456635587558  -61.0601243247692  -8.759566701189542  -189.26649295777023  -150.58747510195988  -610.0828463798202  0.0  -304.7948923640687  -394.80062380641175  -285.3335398925486  -462.894040725503  -304.4086802103071  -376.08982738044915  -432.33467886907727  -614.4141167160358  -129.35148524437494  -423.0953503125633  -3.722755052681606  -165.7185413555031  -409.71728228382835  -161.85665705614983  -142.20452867695866  -320.71652557083314  -76.95638285520715  -117.57730181906857  -180.36267545628797  -254.12188170256474  -521.6366181643299  -205.6568961097504  
181.9733434657003  246.71342352131967  147.48164153029487  -397.1406859573589  108.31144283019165  198.22540965739125  -307.81111173936705  79.6566818437488  -174.400986511935  -283.4833496779166  183.54116970569768  99.03862391096172  5.592294938510349  -367.6248277804519  165.99404528877307  187.4174922597536  294.39009669476536  72.31834198056788  175.79230328970056  -325.2713507875356  286.9427522311646  -35.93837697863779  143.0803260081931  243.7347680392995  296.03532566287913  115.52839940629846  154.2074172621088  -305.2879540157515  304.7948923640687  0.0  -90.00573144234306  19.461352471520115  -158.0991483614343  0.38621215376156215  -71.29493501638046  -127.53978650500858  -309.61922435196703  175.44340711969375  -118.30045794849462  301.0721373113871  139.07635100856558  -104.92238991975967  142.93823530791886  162.59036368711003  -15.921633206764454  227.83850950886153  187.21759054500012  124.43221690778071  50.67301066150395  -216.84172580026114  99.1379962543183  
271.97907490804334  336.71915496366273  237.48737297263793  -307.13495451501586  198.31717427253471  288.2311410997343  -217.805380297024  169.66241328609186  -84.39525506959194  -193.47761823557352  273.5469011480408  189.04435535330478  95.59802638085341  -277.6190963381088  255.99977673111613  277.42322370209666  384.3958281371084  162.32407342291094  265.7980347320436  -235.26561934519253  376.94848367350767  54.06735446370527  233.08605745053617  333.7404994816426  386.0410571052222  205.53413084864152  244.21314870445187  -215.28222257340843  394.80062380641175  90.00573144234306  0.0  109.46708391386318  -68.09341691909123  90.39194359610462  18.7107964259626  -37.534055062665516  -219.61349290962397  265.4491385620368  -28.294726506151562  391.0778687537302  229.08208245090864  -14.916658477416604  232.94396675026192  252.5960951294531  74.08409823557861  317.8442409512046  277.2233219873432  214.43794835012378  140.67874210384701  -126.83599435791808  189.14372769666136  
162.5119909941802  227.25207104979955  128.02028905877475  -416.60203842887904  88.85009035867154  178.76405718587114  -327.27246421088716  60.195329372228684  -193.86233898345512  -302.9447021494367  164.07981723417757  79.5772714394416  -13.869057533009766  -387.086180251972  146.53269281725295  167.9561397882335  274.92874422324525  52.856989509047764  156.33095081818044  -344.7327032590557  267.4813997596445  -55.399729450157906  123.618973536673  224.27341556777938  276.573973191359  96.06704693477835  134.7460647905887  -324.7493064872716  285.3335398925486  -19.461352471520115  -109.46708391386318  0.0  -177.5605008329544  -19.075140317758553  -90.75628748790058  -147.0011389765287  -329.08057682348715  155.98205464817363  -137.76181042001474  281.610784839867  119.61499853704547  -124.38374239127978  123.47688283639874  143.1290112155899  -35.38298567828457  208.37715703734142  167.75623807348  104.9708644362606  31.211658189983837  -236.30307827178126  79.67664378279818  
340.0724918271346  404.81257188275396  305.5807898917292  -239.04153759592464  266.41059119162594  356.32455801882554  -149.71196337793276  237.7558302051831  -16.301838150500714  -125.38420131648229  341.64031806713194  257.137772272396  163.69144329994464  -209.5256794190176  324.09319365020735  345.5166406211879  452.48924505619965  230.41749034200217  333.89145165113484  -167.1722024261013  445.0419005925989  122.1607713827965  301.1794743696274  401.83391640073376  454.1344740243134  273.6275477677327  312.30656562354307  -147.1888056543172  462.894040725503  158.0991483614343  68.09341691909123  177.5605008329544  0.0  158.48536051519585  86.80421334505382  30.55936185642571  -151.52007599053275  333.54255548112803  39.79869041293966  459.1712856728214  297.1754993699999  53.17675844167462  301.0373836693532  320.6895120485443  142.17751515466983  385.9376578702958  345.3167389064344  282.53136526921503  208.77215902293824  -58.74257743882686  257.2371446157526  
181.58713131193875  246.3272113675581  147.0954293765333  -397.5268981111205  107.92523067643009  197.8391975036297  -308.1973238931286  79.27046968998724  -174.78719866569656  -283.86956183167814  183.15495755193612  98.65241175720016  5.206082784748787  -368.01103993421344  165.6078331350115  187.03128010599204  294.0038845410038  71.93212982680632  175.406091135939  -325.65756294129716  286.55654007740304  -36.32458913239935  142.69411385443155  243.34855588553793  295.64911350911757  115.1421872525369  153.82120510834724  -305.67416616951306  304.4086802103071  -0.38621215376156215  -90.39194359610462  19.075140317758553  -158.48536051519585  0.0  -71.68114717014203  -127.92599865877014  -310.0054365057286  175.05719496593218  -118.68667010225619  300.68592515762555  138.69013885480402  -105.30860207352123  142.5520231541573  162.20415153334847  -16.307845360526017  227.45229735509997  186.83137839123856  124.04600475401915  50.28679850774239  -217.2279379540227  98.75178410055673  
253.26827848208077  318.00835853770013  218.77657654667533  -325.84575094097846  179.60637784657212  269.5203446737717  -236.5161767229866  150.95161686012926  -103.10605149555454  -212.18841466153611  254.83610472207815  170.33355892734218  76.88722995489081  -296.3298927640714  237.28898030515353  258.71242727613406  365.6850317111458  143.61327699694834  247.08723830608102  -253.97641577115513  358.23768724754507  35.35655803774267  214.37526102457358  315.02970305568  367.3302606792596  186.82333442267893  225.50235227848927  -233.99301899937103  376.08982738044915  71.29493501638046  -18.7107964259626  90.75628748790058  -86.80421334505382  71.68114717014203  0.0  -56.244851488628115  -238.32428933558657  246.7383421360742  -47.00552293211416  372.3670723277676  210.37128602494604  -33.6274549033792  214.23317032429932  233.8852987034905  55.37330180961601  299.133444525242  258.5125255613806  195.72715192416118  121.96794567788442  -145.54679078388068  170.43293127069876  
309.51312997070886  374.25321002632825  275.0214280353034  -269.60089945235035  235.85122933520023  325.76519616239983  -180.27132523435847  207.19646834875738  -46.861200006926424  -155.943563172908  311.0809562107063  226.5784104159703  133.13208144351893  -240.0850412754433  293.53383179378164  314.9572787647622  421.92988319977394  199.85812848557646  303.33208979470913  -197.73156428252702  414.4825387361732  91.60140952637079  270.62011251320166  371.2745545443081  423.5751121678877  243.06818591130704  281.7472037671174  -177.74816751074292  432.33467886907727  127.53978650500858  37.534055062665516  147.0011389765287  -30.55936185642571  127.92599865877014  56.244851488628115  0.0  -182.07943784695846  302.9831936247023  9.239328556513954  428.6119238163957  266.61613751357413  22.617396585248912  270.4780218129274  290.1301501921186  111.61815329824412  355.3782960138701  314.7573770500087  251.9720034127893  178.21279716651253  -89.30193929525257  226.67778275932687  
491.5925678176674  556.3326478732868  457.1008658822619  -87.52146160539189  417.9306671821587  507.8446340093583  1.8081126125999845  389.27590619571583  135.21823784003203  26.135874674050456  493.1603940576647  408.6578482629287  315.2115192904774  -58.00560342848485  475.6132696407401  497.03671661172064  604.0093210467323  381.9375663325349  485.4115276416676  -15.652126435568562  596.5619765831316  273.68084737332924  452.6995503601602  553.3539923912665  605.6545500148462  425.14762375826547  463.8266416140758  4.331270336215539  614.4141167160358  309.61922435196703  219.61349290962397  329.08057682348715  151.52007599053275  310.0054365057286  238.32428933558657  182.07943784695846  0.0  485.0626314716608  191.3187664034724  610.6913616633541  448.69557536053264  204.69683443220737  452.5574596598859  472.20958803907706  293.6975911452026  537.4577338608285  496.83681489696716  434.0514412597478  360.292235013471  92.77749855170589  408.75722060628533  
6.529936346006565  71.27001640162594  -27.96176558939888  -572.5840930770527  -67.1319642895021  22.782002537697508  -483.2545188590608  -95.78672527594495  -349.84439363162875  -458.9267567976103  8.097762586003938  -76.40478320873203  -169.8511121811834  -543.0682349001456  -9.44936183092068  11.974085140059856  118.9466895750716  -103.12506513912587  0.3488961700068103  -500.71475790722934  111.49934511147086  -211.38178409833154  -32.363081111500634  68.29136091960575  120.59191854318541  -59.91500771339528  -21.23598985758494  -480.73136113544524  129.35148524437494  -175.44340711969375  -265.4491385620368  -155.98205464817363  -333.54255548112803  -175.05719496593218  -246.7383421360742  -302.9831936247023  -485.0626314716608  0.0  -293.74386506818837  125.62873019169334  -36.367056111128164  -280.3657970394534  -32.505171811774886  -12.853043432583718  -191.3650403264582  52.39510238916779  11.774183425306376  -51.01119021191303  -124.7703964581898  -392.2851329199549  -76.30541086537545  
