Height_Data

node	height
0	50.6096349567297
1	73.57341173249021
2	27.227100499483985
3	35.68556506460537
4	78.42104965187909
5	73.31995711458923
6	21.574559762094612
7	51.44443779510001
8	94.02836692172819
9	55.16203381984357
10	23.622340370806082
11	189.88467843176298
12	80.98213647570833
13	63.05474114823065
14	86.61418075227724
15	224.92270617090142
16	31.437201038504178
17	40.517724393657595
18	127.17375272460387
19	68.86386167637508
20	59.46139137437231
21	84.99516959749299
22	29.068883437255572
23	191.47200913711424
24	85.62087542515468
25	103.5787609382004
26	17.98664298295411
27	189.78762585919543
28	92.30409569918004
29	130.52422016292945
30	61.0409464117499
31	15.054342084329276
32	30.300385399145547
33	39.7722745332383
34	68.57373244462691
35	75.68510281865957
36	52.566768374783926
37	189.10636244618664
38	69.69258345769948
39	101.07101678347584
40	53.70652116835871
41	117.45906162240423
42	99.80619739550187
43	91.36643268343472
44	75.68046300009154
45	47.928735817129606
46	36.6874342239992
47	94.78605875973183
48	27.14537575294436
49	172.36808210367965
50	125.02827216259205



height_matrix
0.0  -22.963776775760515  23.382534457245715  14.92406989212433  -27.811414695149388  -22.71032215785953  29.035075194635088  -0.8348028383703081  -43.41873196499849  -4.552398863113872  26.987294585923618  -139.27504347503327  -30.37250151897863  -12.445106191500948  -36.004545795547536  -174.3130712141717  19.172433918225522  10.091910563072105  -76.56411776787417  -18.25422671964538  -8.851756417642612  -34.38553464076329  21.540751519474128  -140.86237418038453  -35.01124046842498  -52.969125981470704  32.62299197377559  -139.17799090246572  -41.69446074245034  -79.91458520619975  -10.4313114550202  35.55529287240042  20.309249557584153  10.837360423491397  -17.964097487897213  -25.075467861929873  -1.9571334180542266  -138.49672748945693  -19.082948500969785  -50.46138182674614  -3.0968862116290126  -66.84942666567454  -49.19656243877217  -40.756797726705024  -25.070828043361836  2.6808991396000934  13.922200732730502  -44.17642380300213  23.46425920378534  -121.75844714694995  -74.41863720586235  
22.963776775760515  0.0  46.34631123300623  37.887846667884844  -4.847637919388873  0.2534546179009851  51.998851970395606  22.128973937390207  -20.454955189237978  18.411377912646643  49.95107136168413  -116.31126669927276  -7.408724743218116  10.518670584259567  -13.040769019787021  -151.34929443841122  42.13621069398604  33.05568733883262  -53.60034099211366  4.709550056115134  14.112020358117903  -11.421757865002775  44.50452829523464  -117.89859740462403  -12.047463692664465  -30.00534920571019  55.586768749536105  -116.21421412670522  -18.730683966689824  -56.95080843043924  12.532465320740314  58.51906964816094  43.27302633334467  33.80113719925191  4.999679287863302  -2.1116910861693583  21.006643357706288  -115.53295071369642  3.88082827479073  -27.497605050985626  19.866890564131502  -43.88564988991402  -26.232785663011654  -17.79302095094451  -2.107051267601321  25.644675915360608  36.88597750849102  -21.212647027241616  46.428035979545854  -98.79467037118944  -51.45486043010183  
-23.382534457245715  -46.34631123300623  0.0  -8.458464565121385  -51.193949152395106  -46.09285661510525  5.652540737389373  -24.217337295616023  -66.80126642224421  -27.934933320359587  3.6047601286779027  -162.657577932279  -53.75503597622435  -35.827640648746666  -59.387080252793254  -197.69560567141744  -4.210100539020193  -13.29062389417361  -99.94665222511989  -41.6367611768911  -32.23429087488833  -57.76806909800901  -1.8417829377715869  -164.24490863763026  -58.3937749256707  -76.35166043871642  9.240457516529876  -162.56052535971145  -65.07699519969606  -103.29711966344547  -33.81384591226592  12.172758415154709  -3.0732848996615623  -12.545174033754318  -41.34663194514293  -48.45800231917559  -25.33966787529994  -161.87926194670266  -42.4654829582155  -73.84391628399186  -26.479420668874727  -90.23196112292025  -72.57909689601789  -64.13933218395074  -48.453362500607554  -20.70163531764562  -9.460333724515213  -67.55895826024785  0.08172474653962425  -145.14098160419567  -97.80117166310806  
-14.92406989212433  -37.887846667884844  8.458464565121385  0.0  -42.73548458727372  -37.63439204998386  14.111005302510758  -15.758872730494637  -58.34280185712282  -19.4764687552382  12.063224693799288  -154.19911336715762  -45.29657141110296  -27.369176083625277  -50.928615687671865  -189.23714110629606  4.248364026101193  -4.8321593290522245  -91.4881876599985  -33.17829661176971  -23.77582630976694  -49.30960453288762  6.616681627349799  -155.78644407250886  -49.93531036054931  -67.89319587359503  17.69892208165126  -154.10206079459005  -56.61853063457467  -94.83865509832408  -25.35538134714453  20.631222980276092  5.385179665459823  -4.086709468632932  -32.88816738002154  -39.9995377540542  -16.881203310178556  -153.42079738158128  -34.007018393094114  -65.38545171887047  -18.020956103753342  -81.77349655779886  -64.1206323308965  -55.68086761882935  -39.994897935486165  -12.243170752524236  -1.0018691593938271  -59.10049369512646  8.54018931166101  -136.6825170390743  -89.34270709798668  
27.811414695149388  4.847637919388873  51.193949152395106  42.73548458727372  0.0  5.101092537289858  56.84648988978448  26.97661185677908  -15.607317269849105  23.259015832035516  54.798709281073  -111.46362877988389  -2.5610868238292426  15.36630850364844  -8.193131100398148  -146.50165651902233  46.98384861337491  37.90332525822149  -48.752703072724785  9.557187975504007  18.959658277506776  -6.5741199456139015  49.352166214623516  -113.05095948523515  -7.199825773275592  -25.157711286321316  60.43440666892498  -111.36657620731634  -13.883046047300951  -52.103170511050365  17.380103240129188  63.36670756754981  48.12066425273354  38.648775118640785  9.847317207252175  2.735946833219515  25.85428127709516  -110.68531279430755  8.728466194179603  -22.649967131596753  24.714528483520375  -39.03801197052515  -21.38514774362278  -12.945383031555636  2.7405866517875523  30.49231383474948  41.73361542787989  -16.365009107852742  51.27567389893473  -93.94703245180057  -46.60722251071296  
22.71032215785953  -0.2534546179009851  46.09285661510525  37.63439204998386  -5.101092537289858  0.0  51.74539735249462  21.87551931948922  -20.708409807138963  18.157923294745657  49.69761674378314  -116.56472131717375  -7.662179361119101  10.265215966358582  -13.294223637688006  -151.60274905631218  41.88275607608505  32.802232720931634  -53.85379561001464  4.456095438214149  13.858565740216918  -11.67521248290376  44.25107367733366  -118.15205202252501  -12.30091831056545  -30.258803823611174  55.33331413163512  -116.4676687446062  -18.98413858459081  -57.20426304834022  12.27901070283933  58.26561503025995  43.01957171544368  33.54768258135093  4.7462246699623165  -2.3651457040703434  20.753188739805303  -115.78640533159741  3.627373656889745  -27.75105966888661  19.613435946230517  -44.139104507815006  -26.48624028091264  -18.046475568845494  -2.360505885502306  25.391221297459623  36.63252289059003  -21.4661016451426  46.17458136164487  -99.04812498909043  -51.70831504800282  
-29.035075194635088  -51.998851970395606  -5.652540737389373  -14.111005302510758  -56.84648988978448  -51.74539735249462  0.0  -29.869878033005396  -72.45380715963358  -33.58747405774896  -2.04778060871147  -168.31011866966836  -59.40757671361372  -41.48018138613604  -65.03962099018263  -203.3481464088068  -9.862641276409565  -18.943164631562983  -105.59919296250926  -47.28930191428047  -37.8868316122777  -63.42060983539838  -7.49432367516096  -169.89744937501962  -64.04631566306007  -82.0042011761058  3.587916779140503  -168.2130660971008  -70.72953593708543  -108.94966040083484  -39.46638664965529  6.520217677765336  -8.725825637050935  -18.19771477114369  -46.999172682532304  -54.110543056564964  -30.992208612689314  -167.531802684092  -48.118023695604876  -79.49645702138123  -32.1319614062641  -95.88450186030963  -78.23163763340726  -69.79187292134011  -54.10590323799693  -26.354176055034994  -15.112874461904585  -73.21149899763722  -5.5708159908497485  -150.79352234158503  -103.45371240049744  
0.8348028383703081  -22.128973937390207  24.217337295616023  15.758872730494637  -26.97661185677908  -21.87551931948922  29.869878033005396  0.0  -42.583929126628185  -3.717596024743564  27.822097424293926  -138.44024063666296  -29.537698680608322  -11.61030335313064  -35.16974295717723  -173.4782683758014  20.00723675659583  10.926713401442413  -75.72931492950386  -17.419423881275073  -8.016953579272304  -33.55073180239298  22.375554357844436  -140.02757134201423  -34.17643763005467  -52.134323143100396  33.4577948121459  -138.34318806409541  -40.85965790408003  -79.07978236782944  -9.596508616649892  36.39009571077073  21.14405239595446  11.672163261861705  -17.129294649526905  -24.240665023559565  -1.1223305796839185  -137.66192465108662  -18.248145662599477  -49.62657898837583  -2.2620833732587045  -66.01462382730423  -48.36175960040186  -39.921994888334716  -24.236025204991527  3.5157019779704015  14.75700357110081  -43.34162096463182  24.299062042155647  -120.92364430857964  -73.58383436749205  
43.41873196499849  20.454955189237978  66.80126642224421  58.34280185712282  15.607317269849105  20.708409807138963  72.45380715963358  42.583929126628185  0.0  38.86633310188462  70.4060265509221  -95.85631151003479  13.046230446019862  30.973625773497545  7.414186169450957  -130.89433924917324  62.591165883224015  53.5106425280706  -33.14538580287568  25.164505245353112  34.56697554735588  9.033197324235203  64.95948348447263  -97.44364221538605  8.407491496573513  -9.550394016472211  76.04172393877408  -95.75925893746724  1.724271222548154  -36.49585324120126  32.98742050997829  78.97402483739891  63.727981522582645  54.25609238848989  25.45463447710128  18.34326410306862  41.461598546944266  -95.07799552445844  24.335783464028708  -7.042649861747648  40.32184575336948  -23.430694700676042  -5.777830473773676  2.661934238293469  18.347903921636657  46.099631104598586  57.340932697728995  -0.7576918380036375  66.88299116878383  -78.33971518195146  -30.999905240863853  
4.552398863113872  -18.411377912646643  27.934933320359587  19.4764687552382  -23.259015832035516  -18.157923294745657  33.58747405774896  3.717596024743564  -38.86633310188462  0.0  31.53969344903749  -134.7226446119194  -25.82010265586476  -7.8927073283870754  -31.452146932433664  -169.76067235105785  23.724832781339394  14.644309426185977  -72.0117189047603  -13.701827856531509  -4.29935755452874  -29.833135777649417  26.093150382588  -136.30997531727067  -30.458841605311108  -48.41672711835683  37.17539083688946  -134.62559203935186  -37.14206187933647  -75.36218634308588  -5.878912591906328  40.107691735514294  24.861648420698025  15.389759286605269  -13.411698624783341  -20.523068998816  2.5952654450596455  -133.94432862634307  -14.530549637855913  -45.90898296363227  1.4555126514848595  -62.29702780256066  -44.6441635756583  -36.20439886359115  -20.518429180247963  7.2332980027139655  18.474599595844374  -39.62402493988826  28.01665806689921  -117.20604828383608  -69.86623834274847  
-26.987294585923618  -49.95107136168413  -3.6047601286779027  -12.063224693799288  -54.798709281073  -49.69761674378314  2.04778060871147  -27.822097424293926  -70.4060265509221  -31.53969344903749  0.0  -166.2623380609569  -57.359796104902244  -39.43240077742456  -62.99184038147115  -201.30036580009534  -7.814860667698095  -16.895384022851513  -103.55141235379779  -45.241521305568995  -35.839051003566226  -61.3728292266869  -5.44654306644949  -167.84966876630816  -61.998535054348594  -79.95642056739432  5.635697387851973  -166.16528548838934  -68.68175532837395  -106.90187979212337  -37.418606040943814  8.567998286476806  -6.678045028339465  -16.14993416243222  -44.95139207382083  -52.06276244785349  -28.944428003977844  -165.48402207538055  -46.0702430868934  -77.44867641266976  -30.08418079755263  -93.83672125159815  -76.18385702469578  -67.74409231262864  -52.05812262928545  -24.306395446323524  -13.065093853193115  -71.16371838892574  -3.5230353821382785  -148.74574173287357  -101.40593179178596  
139.27504347503327  116.31126669927276  162.657577932279  154.19911336715762  111.46362877988389  116.56472131717375  168.31011866966836  138.44024063666296  95.85631151003479  134.7226446119194  166.2623380609569  0.0  108.90254195605465  126.82993728353233  103.27049767948574  -35.03802773913844  158.4474773932588  149.36695403810538  62.710925707159106  121.0208167553879  130.42328705739067  104.88950883426999  160.8157949945074  -1.5873307053512633  104.2638030066083  86.30591749356257  171.89803544880886  0.09705257256754862  97.58058273258294  59.360458268833526  128.84373202001308  174.8303363474337  159.58429303261744  150.1124038985247  121.31094598713607  114.1995756131034  137.31791005697906  0.7783159855763415  120.1920949740635  88.81366164828714  136.17815726340427  72.42561680935874  90.07848103626111  98.51824574832825  114.20421543167144  141.9559426146334  153.1972442077638  95.09861967203115  162.7393026788186  17.516596328083324  64.85640626917093  
30.37250151897863  7.408724743218116  53.75503597622435  45.29657141110296  2.5610868238292426  7.662179361119101  59.40757671361372  29.537698680608322  -13.046230446019862  25.82010265586476  57.359796104902244  -108.90254195605465  0.0  17.927395327477683  -5.632044276568905  -143.9405696951931  49.54493543720415  40.464412082050735  -46.19161624889554  12.11827479933325  21.52074510133602  -4.013033121784659  51.91325303845276  -110.48987266140591  -4.638738949446349  -22.596624462492073  62.99549349275422  -108.8054893834871  -11.321959223471708  -49.54208368722112  19.94119006395843  65.92779439137905  50.68175107656278  41.20986194247003  12.408404031081417  5.2970336570487575  28.415368100924404  -108.1242259704783  11.289553018008846  -20.08888030776751  27.275615307349618  -36.476925146695905  -18.82406091979354  -10.384296207726393  5.301673475616795  33.053400658578724  44.29470225170913  -13.8039222840235  53.83676072276397  -91.38594562797132  -44.046135686883716  
12.445106191500948  -10.518670584259567  35.827640648746666  27.369176083625277  -15.36630850364844  -10.265215966358582  41.48018138613604  11.61030335313064  -30.973625773497545  7.8927073283870754  39.43240077742456  -126.82993728353233  -17.927395327477683  0.0  -23.559439604046588  -161.86796502267077  31.61754010972647  22.537016754573052  -64.11901157637323  -5.809120528144433  3.5933497738583355  -21.940428449262342  33.985857710975075  -128.4172679888836  -22.566134276924032  -40.524019789969756  45.06809816527654  -126.73288471096478  -29.24935455094939  -67.4694790146988  2.0137947364807474  48.00039906390137  32.7543557490851  23.282466614992344  -5.5189912963962655  -12.630361670428925  10.487972773446721  -126.05162129795599  -6.637842309468837  -38.016275635245194  9.348219979871935  -54.40432047417359  -36.75145624727122  -28.311691535204076  -12.625721851860888  15.126005331101041  26.36730692423145  -31.731317611501183  35.90936539528629  -109.31334095544901  -61.9735310143614  
36.004545795547536  13.040769019787021  59.387080252793254  50.928615687671865  8.193131100398148  13.294223637688006  65.03962099018263  35.16974295717723  -7.414186169450957  31.452146932433664  62.99184038147115  -103.27049767948574  5.632044276568905  23.559439604046588  0.0  -138.30852541862419  55.17697971377306  46.09645635861964  -40.55957197232664  17.750319075902155  27.152789377904924  1.6190111547842463  57.545297315021664  -104.857828384837  0.993305327122556  -16.964580185923168  68.62753776932313  -103.1734451069182  -5.689914946902803  -43.91003941065222  25.573234340527335  71.55983866794796  56.31379535313169  46.84190621903893  18.040448307650323  10.929077933617663  34.04741237749331  -102.4921816939094  16.92159729457775  -14.456836031198605  32.90765958391852  -30.844880870127  -13.192016643224633  -4.752251931157488  10.9337177521857  38.68544493514763  49.92674652827804  -8.171878007454595  59.468804999332875  -85.75390135140242  -38.41409141031481  
174.3130712141717  151.34929443841122  197.69560567141744  189.23714110629606  146.50165651902233  151.60274905631218  203.3481464088068  173.4782683758014  130.89433924917324  169.76067235105785  201.30036580009534  35.03802773913844  143.9405696951931  161.86796502267077  138.30852541862419  0.0  193.48550513239724  184.40498177724382  97.74895344629755  156.05884449452634  165.4613147965291  139.92753657340842  195.85382273364584  33.45069703378718  139.30183074574674  121.34394523270102  206.9360631879473  35.13508031170599  132.61861047172138  94.39848600797197  163.88175975915152  209.86836408657214  194.62232077175588  185.15043163766313  156.3489737262745  149.23760335224185  172.3559377961175  35.816343724714784  155.23012271320192  123.85168938742558  171.21618500254272  107.46364454849719  125.11650877539955  133.55627348746668  149.2422431708099  176.99397035377183  188.23527194690223  130.13664741116958  197.77733041795705  52.554624067221766  99.89443400830937  
-19.172433918225522  -42.13621069398604  4.210100539020193  -4.248364026101193  -46.98384861337491  -41.88275607608505  9.862641276409565  -20.00723675659583  -62.591165883224015  -23.724832781339394  7.814860667698095  -158.4474773932588  -49.54493543720415  -31.61754010972647  -55.17697971377306  -193.48550513239724  0.0  -9.080523355153417  -95.73655168609969  -37.4266606378709  -28.024190335868134  -53.55796855898881  2.368317601248606  -160.03480809861006  -54.1836743866505  -72.14155989969623  13.450558055550069  -158.35042482069125  -60.86689466067586  -99.08701912442527  -29.603745373245722  16.3828589541749  1.1368156393586304  -8.335073494734125  -37.136531406122735  -44.247901780155395  -21.12956733627975  -157.66916140768245  -38.25538241919531  -69.63381574497166  -22.269320129854535  -86.02186058390006  -68.36899635699768  -59.929231644930546  -44.24326196158736  -16.49153477862543  -5.25023318549502  -63.34885772122765  4.291825285559817  -140.93088106517547  -93.59107112408788  
-10.091910563072105  -33.05568733883262  13.29062389417361  4.8321593290522245  -37.90332525822149  -32.802232720931634  18.943164631562983  -10.926713401442413  -53.5106425280706  -14.644309426185977  16.895384022851513  -149.36695403810538  -40.464412082050735  -22.537016754573052  -46.09645635861964  -184.40498177724382  9.080523355153417  0.0  -86.65602833094627  -28.346137282717486  -18.943666980714717  -44.477445203835394  11.448840956402023  -150.95428474345664  -45.103151031497084  -63.06103654454281  22.531081410703486  -149.26990146553783  -51.786371305522444  -90.00649576927185  -20.523222018092305  25.463382309328317  10.217338994512048  0.7454498604192921  -28.056008050969318  -35.16737842500198  -12.049043981126331  -148.58863805252903  -29.17485906404189  -60.553292389818246  -13.188796774701117  -76.94133722874665  -59.288473001844274  -50.84870828977713  -35.16273860643394  -7.4110114234720115  3.8302901696583973  -54.268334366074235  13.372348640713234  -131.85035771002205  -84.51054776893446  
76.56411776787417  53.60034099211366  99.94665222511989  91.4881876599985  48.752703072724785  53.85379561001464  105.59919296250926  75.72931492950386  33.14538580287568  72.0117189047603  103.55141235379779  -62.710925707159106  46.19161624889554  64.11901157637323  40.55957197232664  -97.74895344629755  95.73655168609969  86.65602833094627  0.0  58.30989104822879  67.71236135023156  42.17858312711088  98.1048692873483  -64.29825641251037  41.55287729944919  23.59499178640347  109.18710974164976  -62.61387313459156  34.869657025423834  -3.3504674383255804  66.13280631285397  112.1194106402746  96.87336732545833  87.40147819136557  58.60002027997696  51.4886499059443  74.60698434981995  -61.932609721582764  57.48116926690439  26.10273594112803  73.46723155624517  9.714691102199637  27.367555329102004  35.80732004116915  51.49328972451234  79.24501690747427  90.48631850060468  32.38769396487204  100.02837697165951  -45.19432937907578  2.1454805620118265  
18.25422671964538  -4.709550056115134  41.6367611768911  33.17829661176971  -9.557187975504007  -4.456095438214149  47.28930191428047  17.419423881275073  -25.164505245353112  13.701827856531509  45.241521305568995  -121.0208167553879  -12.11827479933325  5.809120528144433  -17.750319075902155  -156.05884449452634  37.4266606378709  28.346137282717486  -58.30989104822879  0.0  9.402470302002769  -16.13130792111791  39.79497823911951  -122.60814746073916  -16.7570137487796  -34.71489926182532  50.87721869342097  -120.92376418282035  -23.440234022804958  -61.66035848655437  7.8229152646251805  53.8095195920458  38.56347627722953  29.091587143136778  0.2901292317481676  -6.821241142284492  16.297093301591154  -120.24250076981156  -0.8287217813244041  -32.20715510710076  15.157340508016368  -48.595199946029155  -30.94233571912679  -22.502571007059643  -6.816601323716455  20.935125859245474  32.17642745237588  -25.92219708335675  41.71848592343072  -103.50422042730457  -56.164410486216966  
8.851756417642612  -14.112020358117903  32.23429087488833  23.77582630976694  -18.959658277506776  -13.858565740216918  37.8868316122777  8.016953579272304  -34.56697554735588  4.29935755452874  35.839051003566226  -130.42328705739067  -21.52074510133602  -3.5933497738583355  -27.152789377904924  -165.4613147965291  28.024190335868134  18.943666980714717  -67.71236135023156  -9.402470302002769  0.0  -25.533778223120677  30.39250793711674  -132.01061776274193  -26.159484050782368  -44.11736956382809  41.4747483914182  -130.32623448482312  -32.84270432480773  -71.06282878855714  -1.5795550373775882  44.407049290043034  29.161005975226765  19.68911684113401  -9.112341070254601  -16.22371144428726  6.894622999588385  -129.64497107181433  -10.231192083327173  -41.60962540910353  5.754870206013599  -57.99767024803192  -40.34480602112956  -31.905041309062412  -16.219071625719224  11.532655557242705  22.773957150373114  -35.32466738535952  32.31601562142795  -112.90669072930734  -65.56688078821973  
34.38553464076329  11.421757865002775  57.76806909800901  49.30960453288762  6.5741199456139015  11.67521248290376  63.42060983539838  33.55073180239298  -9.033197324235203  29.833135777649417  61.3728292266869  -104.88950883426999  4.013033121784659  21.940428449262342  -1.6190111547842463  -139.92753657340842  53.55796855898881  44.477445203835394  -42.17858312711088  16.13130792111791  25.533778223120677  0.0  55.92628616023742  -106.47683953962125  -0.6257058276616903  -18.583591340707414  67.00852661453888  -104.79245626170244  -7.3089261016870495  -45.529050565436464  23.95422318574309  69.94082751316371  54.69478419834744  45.222895064254686  16.421437152866076  9.310066778833416  32.42840122270906  -104.11119284869365  15.302586139793505  -16.075847185982852  31.288648429134277  -32.463892024911246  -14.81102779800888  -6.3712630859417345  9.314706597401454  37.06643378036338  48.30773537349379  -9.790889162238841  57.84979384454863  -87.37291250618667  -40.03310256509906  
-21.540751519474128  -44.50452829523464  1.8417829377715869  -6.616681627349799  -49.352166214623516  -44.25107367733366  7.49432367516096  -22.375554357844436  -64.95948348447263  -26.093150382588  5.44654306644949  -160.8157949945074  -51.91325303845276  -33.985857710975075  -57.545297315021664  -195.85382273364584  -2.368317601248606  -11.448840956402023  -98.1048692873483  -39.79497823911951  -30.39250793711674  -55.92628616023742  0.0  -162.40312569985866  -56.55199198789911  -74.50987750094484  11.082240454301463  -160.71874242193985  -63.23521226192447  -101.45533672567387  -31.972062974494328  14.014541352926296  -1.2315019618899754  -10.703391095982731  -39.50484900737134  -46.616219381404  -23.497884937528354  -160.03747900893106  -40.62370002044391  -72.00213334622026  -24.63763773110314  -88.39017818514867  -70.73731395824629  -62.29754924617915  -46.61157956283596  -18.859852379874035  -7.618550786743626  -65.71717532247627  1.923507684311211  -143.29919866642408  -95.95938872533648  
140.86237418038453  117.89859740462403  164.24490863763026  155.78644407250886  113.05095948523515  118.15205202252501  169.89744937501962  140.02757134201423  97.44364221538605  136.30997531727067  167.84966876630816  1.5873307053512633  110.48987266140591  128.4172679888836  104.857828384837  -33.45069703378718  160.03480809861006  150.95428474345664  64.29825641251037  122.60814746073916  132.01061776274193  106.47683953962125  162.40312569985866  0.0  105.85113371195956  87.89324819891384  173.48536615416015  1.684383277918812  99.1679134379342  60.94778897418479  130.43106272536434  176.41766705278496  161.1716237379687  151.69973460387592  122.89827669248733  115.78690631845467  138.90524076233032  2.365646690927605  121.77942567941476  90.4009923536384  137.76548796875554  74.01294751471  91.66581174161237  100.10557645367952  115.7915461370227  143.54327331998462  154.78457491311505  96.68595037738241  164.3266333841699  19.103927033434587  66.4437369745222  
35.01124046842498  12.047463692664465  58.3937749256707  49.93531036054931  7.199825773275592  12.30091831056545  64.04631566306007  34.17643763005467  -8.407491496573513  30.458841605311108  61.998535054348594  -104.2638030066083  4.638738949446349  22.566134276924032  -0.993305327122556  -139.30183074574674  54.1836743866505  45.103151031497084  -41.55287729944919  16.7570137487796  26.159484050782368  0.6257058276616903  56.55199198789911  -105.85113371195956  0.0  -17.957885513045724  67.63423244220057  -104.16675043404075  -6.683220274025359  -44.90334473777477  24.57992901340478  70.5665333408254  55.32049002600913  45.84860089191638  17.047142980527767  9.935772606495107  33.05410705037075  -103.48548702103196  15.928291967455195  -15.450141358321162  31.914354256795967  -31.838186197249556  -14.18532197034719  -5.745557258280044  9.940412425063144  37.69213960802507  48.93344120115548  -9.16518333457715  58.47549967221032  -86.74720667852498  -39.40739673743737  
52.969125981470704  30.00534920571019  76.35166043871642  67.89319587359503  25.157711286321316  30.258803823611174  82.0042011761058  52.134323143100396  9.550394016472211  48.41672711835683  79.95642056739432  -86.30591749356257  22.596624462492073  40.524019789969756  16.964580185923168  -121.34394523270102  72.14155989969623  63.06103654454281  -23.59499178640347  34.71489926182532  44.11736956382809  18.583591340707414  74.50987750094484  -87.89324819891384  17.957885513045724  0.0  85.5921179552463  -86.20886492099503  11.274665239020365  -26.94545922472905  42.537814526450504  88.52441885387113  73.27837553905485  63.8064864049621  35.00502849357349  27.89365811954083  51.01199256341648  -85.52760150798623  33.88617748050092  2.5077441547245627  49.87223976984169  -13.880300684203831  3.772563542698535  12.21232825476568  27.89829793810887  55.6500251210708  66.8913267142012  8.792702178468573  76.43338518525604  -68.78932116547925  -21.449511224391642  
-32.62299197377559  -55.586768749536105  -9.240457516529876  -17.69892208165126  -60.43440666892498  -55.33331413163512  -3.587916779140503  -33.4577948121459  -76.04172393877408  -37.17539083688946  -5.635697387851973  -171.89803544880886  -62.99549349275422  -45.06809816527654  -68.62753776932313  -206.9360631879473  -13.450558055550069  -22.531081410703486  -109.18710974164976  -50.87721869342097  -41.4747483914182  -67.00852661453888  -11.082240454301463  -173.48536615416015  -67.63423244220057  -85.5921179552463  0.0  -171.80098287624133  -74.31745271622593  -112.53757717997534  -43.05430342879579  2.932300898624833  -12.313742416191438  -21.785631550284194  -50.587089461672804  -57.698459835705464  -34.58012539182982  -171.1197194632325  -51.705940474745375  -83.08437380052173  -35.7198781854046  -99.47241863945013  -81.81955441254776  -73.37978970048061  -57.693820017137426  -29.942092834175497  -18.70079124104509  -76.79941577677772  -9.158732769990252  -154.38143912072553  -107.04162917963794  
139.17799090246572  116.21421412670522  162.56052535971145  154.10206079459005  111.36657620731634  116.4676687446062  168.2130660971008  138.34318806409541  95.75925893746724  134.62559203935186  166.16528548838934  -0.09705257256754862  108.8054893834871  126.73288471096478  103.1734451069182  -35.13508031170599  158.35042482069125  149.26990146553783  62.61387313459156  120.92376418282035  130.32623448482312  104.79245626170244  160.71874242193985  -1.684383277918812  104.16675043404075  86.20886492099503  171.80098287624133  0.0  97.48353016001539  59.26340569626598  128.74667944744553  174.73328377486615  159.4872404600499  150.0153513259571  121.21389341456852  114.10252304053586  137.2208574844115  0.6812634130087929  120.09504240149595  88.71660907571959  136.08110469083672  72.3285642367912  89.98142846369356  98.4211931757607  114.1071628591039  141.8588900420658  153.10019163519624  95.0015670994636  162.64225010625108  17.419543755515775  64.75935369660338  
41.69446074245034  18.730683966689824  65.07699519969606  56.61853063457467  13.883046047300951  18.98413858459081  70.72953593708543  40.85965790408003  -1.724271222548154  37.14206187933647  68.68175532837395  -97.58058273258294  11.321959223471708  29.24935455094939  5.689914946902803  -132.61861047172138  60.86689466067586  51.786371305522444  -34.869657025423834  23.440234022804958  32.84270432480773  7.3089261016870495  63.23521226192447  -99.1679134379342  6.683220274025359  -11.274665239020365  74.31745271622593  -97.48353016001539  0.0  -38.220124463749414  31.26314928743014  77.24975361485076  62.00371030003449  52.531821165941736  23.730363254553126  16.618992880520466  39.73732732439611  -96.8022667470066  22.611512241480554  -8.766921084295802  38.597574530821326  -25.154965923224196  -7.50210169632183  0.937663015745315  16.623632699088503  44.37535988205043  55.61666147518084  -2.4819630605517915  65.15871994623568  -80.06398640449962  -32.72417646341201  
79.91458520619975  56.95080843043924  103.29711966344547  94.83865509832408  52.103170511050365  57.20426304834022  108.94966040083484  79.07978236782944  36.49585324120126  75.36218634308588  106.90187979212337  -59.360458268833526  49.54208368722112  67.4694790146988  43.91003941065222  -94.39848600797197  99.08701912442527  90.00649576927185  3.3504674383255804  61.66035848655437  71.06282878855714  45.529050565436464  101.45533672567387  -60.94778897418479  44.90334473777477  26.94545922472905  112.53757717997534  -59.26340569626598  38.220124463749414  0.0  69.48327375117955  115.46987807860017  100.22383476378391  90.75194562969115  61.95048771830254  54.83911734426988  77.95745178814553  -58.582142283257184  60.83163670522997  29.453203379453612  76.81769899457075  13.065158540525218  30.718022767427584  39.15778747949473  54.84375716283792  82.59548434579985  93.83678593893026  35.73816140319762  103.37884440998509  -41.8438619407502  5.495948000337407  
10.4313114550202  -12.532465320740314  33.81384591226592  25.35538134714453  -17.380103240129188  -12.27901070283933  39.46638664965529  9.596508616649892  -32.98742050997829  5.878912591906328  37.418606040943814  -128.84373202001308  -19.94119006395843  -2.0137947364807474  -25.573234340527335  -163.88175975915152  29.603745373245722  20.523222018092305  -66.13280631285397  -7.8229152646251805  1.5795550373775882  -23.95422318574309  31.972062974494328  -130.43106272536434  -24.57992901340478  -42.537814526450504  43.05430342879579  -128.74667944744553  -31.26314928743014  -69.48327375117955  0.0  45.98660432742062  30.740561012604353  21.268671878511597  -7.532786032877013  -14.644156406909673  8.474178036965974  -128.06541603443674  -8.651637045949585  -40.03007037172594  7.334425243391188  -56.418115210654335  -38.76525098375197  -30.325486271684824  -14.639516588341635  13.112210594620294  24.353512187750702  -33.74511234798193  33.89557065880554  -111.32713569192975  -63.987325750842146  
-35.55529287240042  -58.51906964816094  -12.172758415154709  -20.631222980276092  -63.36670756754981  -58.26561503025995  -6.520217677765336  -36.39009571077073  -78.97402483739891  -40.107691735514294  -8.567998286476806  -174.8303363474337  -65.92779439137905  -48.00039906390137  -71.55983866794796  -209.86836408657214  -16.3828589541749  -25.463382309328317  -112.1194106402746  -53.8095195920458  -44.407049290043034  -69.94082751316371  -14.014541352926296  -176.41766705278496  -70.5665333408254  -88.52441885387113  -2.932300898624833  -174.73328377486615  -77.24975361485076  -115.46987807860017  -45.98660432742062  0.0  -15.246043314816271  -24.717932448909025  -53.519390360297635  -60.630760734330295  -37.51242629045465  -174.05202036185736  -54.63824137337021  -86.01667469914656  -38.652179084029434  -102.40471953807496  -84.75185531117259  -76.31209059910545  -60.62612091576226  -32.87439373280033  -21.63309213966992  -79.73171667540255  -12.091033668615085  -157.31374001935038  -109.97393007826277  
-20.309249557584153  -43.27302633334467  3.0732848996615623  -5.385179665459823  -48.12066425273354  -43.01957171544368  8.725825637050935  -21.14405239595446  -63.727981522582645  -24.861648420698025  6.678045028339465  -159.58429303261744  -50.68175107656278  -32.7543557490851  -56.31379535313169  -194.62232077175588  -1.1368156393586304  -10.217338994512048  -96.87336732545833  -38.56347627722953  -29.161005975226765  -54.69478419834744  1.2315019618899754  -161.1716237379687  -55.32049002600913  -73.27837553905485  12.313742416191438  -159.4872404600499  -62.00371030003449  -100.22383476378391  -30.740561012604353  15.246043314816271  0.0  -9.471889134092756  -38.273347045481366  -45.384717419514025  -22.26638297563838  -158.8059770470411  -39.39219805855394  -70.7706313843303  -23.406135769213165  -87.15867622325868  -69.50581199635633  -61.066047284289176  -45.38007760094599  -17.62835041798406  -6.38704882485365  -64.48567336058628  3.1550096462011865  -142.06769670453411  -94.72788676344649  
-10.837360423491397  -33.80113719925191  12.545174033754318  4.086709468632932  -38.648775118640785  -33.54768258135093  18.19771477114369  -11.672163261861705  -54.25609238848989  -15.389759286605269  16.14993416243222  -150.1124038985247  -41.20986194247003  -23.282466614992344  -46.84190621903893  -185.15043163766313  8.335073494734125  -0.7454498604192921  -87.40147819136557  -29.091587143136778  -19.68911684113401  -45.222895064254686  10.703391095982731  -151.69973460387592  -45.84860089191638  -63.8064864049621  21.785631550284194  -150.0153513259571  -52.531821165941736  -90.75194562969115  -21.268671878511597  24.717932448909025  9.471889134092756  0.0  -28.80145791138861  -35.91282828542127  -12.794493841545624  -149.33408791294835  -29.92030892446118  -61.29874225023754  -13.93424663512041  -77.68678708916593  -60.033922862263566  -51.59415815019642  -35.90818846685323  -8.156461283891304  3.0848403092391052  -55.01378422649353  12.626898780293942  -132.59580757044137  -85.25599762935374  
17.964097487897213  -4.999679287863302  41.34663194514293  32.88816738002154  -9.847317207252175  -4.7462246699623165  46.999172682532304  17.129294649526905  -25.45463447710128  13.411698624783341  44.95139207382083  -121.31094598713607  -12.408404031081417  5.5189912963962655  -18.040448307650323  -156.3489737262745  37.136531406122735  28.056008050969318  -58.60002027997696  -0.2901292317481676  9.112341070254601  -16.421437152866076  39.50484900737134  -122.89827669248733  -17.047142980527767  -35.00502849357349  50.587089461672804  -121.21389341456852  -23.730363254553126  -61.95048771830254  7.532786032877013  53.519390360297635  38.273347045481366  28.80145791138861  0.0  -7.11137037403266  16.006964069842986  -120.53263000155972  -1.1188510130725717  -32.49728433884893  14.8672112762682  -48.88532917777732  -31.232464950874956  -22.79270023880781  -7.1067305554646225  20.644996627497306  31.886298220627715  -26.212326315104917  41.42835669168255  -103.79434965905274  -56.45453971796513  
25.075467861929873  2.1116910861693583  48.45800231917559  39.9995377540542  -2.735946833219515  2.3651457040703434  54.110543056564964  24.240665023559565  -18.34326410306862  20.523068998816  52.06276244785349  -114.1995756131034  -5.2970336570487575  12.630361670428925  -10.929077933617663  -149.23760335224185  44.247901780155395  35.16737842500198  -51.4886499059443  6.821241142284492  16.22371144428726  -9.310066778833416  46.616219381404  -115.78690631845467  -9.935772606495107  -27.89365811954083  57.698459835705464  -114.10252304053586  -16.618992880520466  -54.83911734426988  14.644156406909673  60.630760734330295  45.384717419514025  35.91282828542127  7.11137037403266  0.0  23.118334443875646  -113.42125962752706  5.992519360960088  -25.385913964816268  21.97858165030086  -41.77395880374466  -24.121094576842296  -15.681329864775151  0.004639818568037413  27.756367001529966  38.997668594660375  -19.100955941072257  48.53972706571521  -96.68297928502008  -49.34316934393247  
1.9571334180542266  -21.006643357706288  25.33966787529994  16.881203310178556  -25.85428127709516  -20.753188739805303  30.992208612689314  1.1223305796839185  -41.461598546944266  -2.5952654450596455  28.944428003977844  -137.31791005697906  -28.415368100924404  -10.487972773446721  -34.04741237749331  -172.3559377961175  21.12956733627975  12.049043981126331  -74.60698434981995  -16.297093301591154  -6.894622999588385  -32.42840122270906  23.497884937528354  -138.90524076233032  -33.05410705037075  -51.01199256341648  34.58012539182982  -137.2208574844115  -39.73732732439611  -77.95745178814553  -8.474178036965974  37.51242629045465  22.26638297563838  12.794493841545624  -16.006964069842986  -23.118334443875646  0.0  -136.53959407140272  -17.125815082915558  -48.504248408691915  -1.139752793574786  -64.8922932476203  -47.23942902071794  -38.7996643086508  -23.11369462530761  4.63803255765432  15.879334150784729  -42.219290384947904  25.421392621839566  -119.80131372889574  -72.46150378780811  
138.49672748945693  115.53295071369642  161.87926194670266  153.42079738158128  110.68531279430755  115.78640533159741  167.531802684092  137.66192465108662  95.07799552445844  133.94432862634307  165.48402207538055  -0.7783159855763415  108.1242259704783  126.05162129795599  102.4921816939094  -35.816343724714784  157.66916140768245  148.58863805252903  61.932609721582764  120.24250076981156  129.64497107181433  104.11119284869365  160.03747900893106  -2.365646690927605  103.48548702103196  85.52760150798623  171.1197194632325  -0.6812634130087929  96.8022667470066  58.582142283257184  128.06541603443674  174.05202036185736  158.8059770470411  149.33408791294835  120.53263000155972  113.42125962752706  136.53959407140272  0.0  119.41377898848715  88.0353456627108  135.39984127782793  71.6473008237824  89.30016505068477  97.73992976275191  113.4258994460951  141.17762662905704  152.41892822218745  94.3203036864548  161.96098669324226  16.738280342506982  64.07809028359459  
