Height_Data

node	height
0	62.855286339838294
1	47.74525148737181
2	111.12191619160456
3	47.85456483809456
4	106.35701203489444
5	173.7881178816786
6	46.40859170734025
7	56.78115093295842
8	54.69773645961265
9	183.8944828959789
10	49.020561698101396
11	46.89451774735962
12	194.40048473789432
13	59.07722326329664
14	107.38272921280958
15	63.302565816224146
16	189.32942718189543
17	138.54771542733914
18	66.69678421707333
19	33.698910225824804
20	128.24752587198728
21	47.18789908219146
22	52.42473943967497
23	85.66405675036846
24	121.34911299651486
25	108.16906116759202
26	21.808683189519982
27	142.3648525056023
28	147.3412974914946
29	49.59343478561227
30	44.97947031802374
31	48.6694755461957
32	68.21169071677383
33	75.40895177097688
34	205.84200680586682
35	94.92155153737012
36	61.659993584511824
37	207.9241399166402
38	41.25815968304802
39	37.95947098946053
40	128.4966230873308
41	65.46074667027874
42	30.47544675262303
43	15.82916374804843
44	35.5867642274324
45	103.56558664681945
46	186.98652252378847
47	63.77485603212041
48	72.14731544649203
49	132.00620751488222
50	53.20952842039444



height_matrix
0.0  90.66020911479887  -289.5997791105976  90.00432901046241  -261.01035417033694  -665.596989251042  98.68016779498822  36.444812441279225  48.94529928135387  -726.2351793368439  83.00834785042139  95.76461155487203  -789.2711903883362  22.668378459249936  -267.1646572378277  -2.6836768583150956  -758.8448450523429  -454.1545745250051  -23.048987263410197  174.93825668408093  -392.353437192894  94.004323545881  62.5832814009799  -136.85262246318104  -350.9629599400594  -271.88264896652237  246.27961890190986  -477.05739699458405  -506.9160669099378  79.57110932535613  107.25489613088729  85.11486476185559  -32.13842626161323  -75.32199258683153  -857.9203227961711  -192.39759118519095  7.171756531958806  -870.4131214608115  129.58275994074162  149.37489210226659  -393.84802048495493  -15.632761982642648  194.27903752329158  282.1567355507392  163.61113267443537  -244.261801841887  -744.787417103701  -5.517418153692745  -55.75217463992243  -414.9055270502635  57.874547516663085  
-90.66020911479887  0.0  -380.25998822539646  -0.655880104336461  -351.6705632851358  -756.2571983658408  8.019958680189347  -54.21539667351965  -41.714909833445006  -816.8953884516427  -7.651861264377487  5.104402440073159  -879.931399503135  -67.99183065554894  -357.8248663526266  -93.34388597311397  -849.5050541671417  -544.814783639804  -113.70919637820907  84.27804756928205  -483.01364630769285  3.3441144310821187  -28.076927713818975  -227.5128315779799  -441.6231690548583  -362.54285808132124  155.61940978711098  -567.7176061093829  -597.5762760247367  -11.089099789442741  16.594687016088415  -5.545344352943289  -122.79863537641211  -165.9822017016304  -948.58053191097  -283.0578002999898  -83.48845258284007  -961.0733305756103  38.92255082594275  58.71468298746771  -484.5082295997538  -106.29297109744152  103.6188284084927  191.4965264359403  72.9509235596365  -334.9220109566859  -835.4476262184999  -96.17762726849162  -146.4123837547213  -505.5657361650624  -32.78566159813579  
289.5997791105976  380.25998822539646  0.0  379.60410812106  28.589424940260642  -375.9972101404444  388.2799469055858  326.0445915518768  338.54507839195145  -436.63540022624625  372.60812696101897  385.3643906654696  -499.67141127773857  312.2681575698475  22.435121872769855  286.9161022522825  -469.2450659417452  -164.55479541440752  266.5507918471874  464.53803579467854  -102.7536580822964  383.6041026564786  352.1830605115775  152.74715664741655  -61.36318082946184  17.717130144075213  535.8793980125074  -187.45761788398647  -217.31628779934022  369.1708884359537  396.85467524148487  374.71464387245317  257.46135284898435  214.27778652376605  -568.3205436855735  97.20218792540663  296.7715356425564  -580.8133423502138  419.1825390513392  438.97467121286417  -104.24824137435735  273.96701712795493  483.8788166338892  571.7565146613367  453.210911785033  45.337977268710574  -455.1876379931034  284.08236095690484  233.84760447067515  -125.30574793966593  347.47432662726067  
-90.00432901046241  0.655880104336461  -379.60410812106  0.0  -351.01468318079935  -755.6013182615044  8.675838784525808  -53.55951656918319  -41.059029729108545  -816.2395083473062  -6.995981160041026  5.76028254440962  -879.2755193987986  -67.33595055121248  -357.16898624829014  -92.68800586877751  -848.8491740628052  -544.1589035354675  -113.05331627387261  84.93392767361851  -482.3577662033564  3.9999945354185797  -27.421047609482514  -226.85695147364345  -440.96728895052183  -361.8869779769848  156.27528989144744  -567.0617260050465  -596.9203959204002  -10.43321968510628  17.250567120424876  -4.889464248606828  -122.14275527207565  -165.32632159729394  -947.9246518066335  -282.40192019565336  -82.83257247850361  -960.4174504712738  39.57843093027921  59.37056309180417  -483.85234949541734  -105.63709099310506  104.27470851282916  192.15240654027676  73.60680366397295  -334.2661308523494  -834.7917461141634  -95.52174716415516  -145.75650365038484  -504.90985606072593  -32.12978149379933  
261.01035417033694  351.6705632851358  -28.589424940260642  351.01468318079935  0.0  -404.58663508070504  359.69052196532516  297.45516661161616  309.9556534516908  -465.2248251665069  344.0187020207583  356.774965725209  -528.2608362179992  283.6787326295869  -6.154303067490787  258.32667731202184  -497.83449088200587  -193.14422035466816  237.96136690692674  435.9486108544179  -131.34308302255704  355.01467771621793  323.59363557131684  124.1577317071559  -89.95260576972248  -10.872294796185429  507.28997307224677  -216.04704282424711  -245.90571273960086  340.5814634956931  368.2652503012242  346.1252189321925  228.8719279087237  185.6883615835054  -596.9099686258342  68.61276298514599  268.18211070229574  -609.4027672904745  390.59311411107853  410.3852462726035  -132.837666314618  245.3775921876943  455.28939169362854  543.1670897210761  424.62148684477233  16.748552328449932  -483.77706293336405  255.4929360166442  205.2581795304145  -153.89517287992658  318.884901687  
665.596989251042  756.2571983658408  375.9972101404444  755.6013182615044  404.58663508070504  0.0  764.2771570460302  702.0418016923212  714.5422885323958  -60.63819008580185  748.6053371014634  761.361600805914  -123.67420113729418  688.2653677102919  398.43233201321425  662.9133123927269  -93.24785580130083  211.44241472603687  642.5480019876318  840.5352459351229  273.243552058148  759.6013127969229  728.1802706520218  528.7443667878609  314.63402931098256  393.7143402845196  911.8766081529518  188.53959225645792  158.68092234110418  745.168098576398  772.8518853819293  750.7118540128976  633.4585629894287  590.2749966642104  -192.32333354512912  473.199398065851  672.7687457830008  -204.81613220976942  795.1797491917836  814.9718813533086  271.74896876608705  649.9642272683993  859.8760267743336  947.7537248017811  829.2081219254774  421.33518740915497  -79.19042785265901  660.0795710973492  609.8448146111195  250.69146220077846  723.4715367677051  
-98.68016779498822  -8.019958680189347  -388.2799469055858  -8.675838784525808  -359.69052196532516  -764.2771570460302  0.0  -62.235355353709  -49.73486851363435  -824.915347131832  -15.671819944566835  -2.9155562401161887  -887.9513581833244  -76.01178933573829  -365.84482503281595  -101.36384465330332  -857.525012847331  -552.8347423199933  -121.72915505839842  76.2580888890927  -491.0336049878822  -4.675844249107229  -36.09688639400832  -235.53279025816926  -449.64312773504764  -370.5628167615106  147.59945110692163  -575.7375647895723  -605.596234704926  -19.10905846963209  8.574728335899067  -13.565303033132636  -130.81859405660146  -174.00216038181975  -956.6004905911593  -291.07775898017917  -91.50841126302942  -969.0932892557996  30.902592145753403  50.69472430727836  -492.52818827994315  -114.31292977763087  95.59886972830336  183.47656775575095  64.93096487944715  -342.9419696368752  -843.4675848986892  -104.19758594868097  -154.43234243491065  -513.5856948452517  -40.80562027832514  
-36.444812441279225  54.21539667351965  -326.0445915518768  53.55951656918319  -297.45516661161616  -702.0418016923212  62.235355353709  0.0  12.500486840074643  -762.679991778123  46.56353540914216  59.31979911359281  -825.7160028296154  -13.776433982029289  -303.60946967910695  -39.12848929959432  -795.289657493622  -490.5993869662843  -59.49379970468942  138.4934442428017  -428.7982496341732  57.55951110460177  26.138468959700674  -173.29743490446026  -387.40777238133865  -308.3274614078016  209.83480646063063  -513.5022094358633  -543.360879351217  43.12629688407691  70.81008368960806  48.67005232057636  -68.58323870289246  -111.76680502811075  -894.3651352374503  -228.84240362647017  -29.27305590932042  -906.8579339020906  93.1379474994624  112.93007966098736  -430.29283292623415  -52.077574423921874  157.83422508201235  245.71192310945995  127.16632023315614  -280.70661428316623  -781.2322295449802  -41.96223059497197  -92.19698708120166  -451.35033949154274  21.42973507538386  
-48.94529928135387  41.714909833445006  -338.54507839195145  41.059029729108545  -309.9556534516908  -714.5422885323958  49.73486851363435  -12.500486840074643  0.0  -775.1804786181976  34.06304856906752  46.819312273518165  -838.21648966969  -26.276920822103932  -316.1099565191816  -51.628976139668964  -807.7901443336966  -503.09987380635897  -71.99428654476407  125.99295740272706  -441.29873647424785  45.059024264527125  13.637982119626031  -185.7979217445349  -399.9082592214133  -320.82794824787624  197.334319620556  -526.002696275938  -555.8613661912916  30.625810044002264  58.30959684953342  36.16956548050172  -81.0837255429671  -124.2672918681854  -906.8656220775249  -241.34289046654482  -41.77354274939506  -919.3584207421652  80.63746065938776  100.42959282091272  -442.7933197663088  -64.57806126399652  145.3337382419377  233.2114362693853  114.6658333930815  -293.2071011232409  -793.7327163850548  -54.46271743504661  -104.6974739212763  -463.8508263316174  8.929248235309217  
726.2351793368439  816.8953884516427  436.63540022624625  816.2395083473062  465.2248251665069  60.63819008580185  824.915347131832  762.679991778123  775.1804786181976  0.0  809.2435271872653  821.9997908917159  -63.03601105149232  748.9035577960938  459.0705220990161  723.5515024785287  -32.60966571549898  272.0806048118387  703.1861920734336  901.1734360209248  333.88174214394985  820.2395028827248  788.8184607378237  589.3825568736628  375.2722193967844  454.35253037032146  972.5147982387537  249.17778234225977  219.31911242690603  805.8062886621999  833.4900754677311  811.3500440986994  694.0967530752306  650.9131867500123  -131.68514345932726  533.8375881516529  733.4069358688026  -144.17794212396757  855.8179392775854  875.6100714391105  332.3871588518889  710.6024173542012  920.5142168601354  1008.391914887583  889.8463120112792  481.9733774949568  -18.55223776685716  720.7177611831511  670.4830046969214  311.3296522865803  784.1097268535069  
-83.00834785042139  7.651861264377487  -372.60812696101897  6.995981160041026  -344.0187020207583  -748.6053371014634  15.671819944566835  -46.56353540914216  -34.06304856906752  -809.2435271872653  0.0  12.756263704450646  -872.2795382387576  -60.33996939117145  -350.1730050882491  -85.69202470873648  -841.8531929027642  -537.1629223754264  -106.05733511383158  91.92990883365954  -475.36178504331536  10.995975695459606  -20.425066449441488  -219.86097031360242  -433.9713077904808  -354.89099681694375  163.27127105148847  -560.0657448450054  -589.9244147603592  -3.437238525065254  24.246548280465902  2.1065169114341984  -115.14677411203462  -158.33034043725291  -940.9286706465925  -275.40593903561233  -75.83659131846258  -953.4214693112328  46.57441209032024  66.3665442518452  -476.8563683353763  -98.64110983306404  111.27068967287019  199.14838770031778  80.60278482401398  -327.2701496923084  -827.7957649541224  -88.52576600411413  -138.76052249034382  -497.9138749006849  -25.133800333758302  
-95.76461155487203  -5.104402440073159  -385.3643906654696  -5.76028254440962  -356.774965725209  -761.361600805914  2.9155562401161887  -59.31979911359281  -46.819312273518165  -821.9997908917159  -12.756263704450646  0.0  -885.0358019432082  -73.0962330956221  -362.92926879269976  -98.44828841318713  -854.6094566072148  -549.9191860798771  -118.81359881828223  79.1736451292089  -488.118048747766  -1.76028800899104  -33.181330153892134  -232.61723401805307  -446.72757149493145  -367.6472605213944  150.51500734703782  -572.8220085494561  -602.6806784648098  -16.1935022295159  11.490284576015256  -10.649746793016448  -127.90303781648527  -171.08660414170356  -953.6849343510431  -288.162202740063  -88.59285502291323  -966.1777330156834  33.81814838586959  53.61028054739455  -489.61263203982696  -111.39737353751468  98.51442596841954  186.39212399586714  67.84652111956333  -340.02641339675904  -840.552028658573  -101.28202970856478  -151.51678619479446  -510.67013860513555  -37.89006403820895  
789.2711903883362  879.931399503135  499.67141127773857  879.2755193987986  528.2608362179992  123.67420113729418  887.9513581833244  825.7160028296154  838.21648966969  63.03601105149232  872.2795382387576  885.0358019432082  0.0  811.9395688475861  522.1065331505084  786.587513530021  30.426345335993346  335.11661586333105  766.222203124926  964.2094470724171  396.9177531954422  883.2755139342171  851.854471789316  652.4185679251551  438.30823044827673  517.3885414218138  1035.550809290246  312.2137933937521  282.35512347839835  868.8422997136922  896.5260865192234  874.3860551501917  757.1327641267229  713.9491978015046  -68.64913240783494  596.8735992031452  796.442946920295  -81.14193107247524  918.8539503290777  938.6460824906028  395.4231699033812  773.6384284056935  983.5502279116278  1071.4279259390753  952.8823230627715  545.0093885464491  44.48377328463516  783.7537722346434  733.5190157484137  374.36566333807264  847.1457379049992  
-22.668378459249936  67.99183065554894  -312.2681575698475  67.33595055121248  -283.6787326295869  -688.2653677102919  76.01178933573829  13.776433982029289  26.276920822103932  -748.9035577960938  60.33996939117145  73.0962330956221  -811.9395688475861  0.0  -289.83303569707766  -25.352055317565032  -781.5132235115927  -476.82295298425504  -45.71736572266013  152.269878224831  -415.0218156521439  71.33594508663106  39.91490294172996  -159.52100092243097  -373.63133839930936  -294.5510274257723  223.61124044265992  -499.725775453834  -529.5844453691877  56.9027308661062  84.58651767163735  62.44648630260565  -54.80680472086317  -97.99037104608146  -880.588701255421  -215.06596964444088  -15.49662192729113  -893.0814999200613  106.91438148149169  126.70651364301665  -416.51639894420487  -38.301140441892585  171.61065906404164  259.4883570914892  140.94275421518543  -266.93018030113694  -767.4557955629509  -28.18579661294268  -78.42055309917237  -437.57390550951345  35.20616905741315  
267.1646572378277  357.8248663526266  -22.435121872769855  357.16898624829014  6.154303067490787  -398.43233201321425  365.84482503281595  303.60946967910695  316.1099565191816  -459.0705220990161  350.1730050882491  362.92926879269976  -522.1065331505084  289.83303569707766  0.0  264.48098037951263  -491.6801878145151  -186.98991728717738  244.11566997441753  442.1029139219087  -125.18877995506625  361.1689807837087  329.7479386388076  130.3120347746467  -83.7983027022317  -4.717991728694642  513.4442761397376  -209.89273975675633  -239.75140967211007  346.73576656318386  374.419553368715  352.2795219996833  235.0262309762145  191.8426646509962  -590.7556655583434  74.76706605263678  274.33641376978653  -603.2484642229837  396.7474171785693  416.5395493400943  -126.6833632471272  251.53189525518508  461.44369476111933  549.3213927885669  430.7757899122631  22.90285539594072  -477.62275986587326  261.647239084135  211.4124825979053  -147.7408698124358  325.0392047544908  
2.6836768583150956  93.34388597311397  -286.9161022522825  92.68800586877751  -258.32667731202184  -662.9133123927269  101.36384465330332  39.12848929959432  51.628976139668964  -723.5515024785287  85.69202470873648  98.44828841318713  -786.587513530021  25.352055317565032  -264.48098037951263  0.0  -756.1611681940277  -451.47089766669  -20.3653104050951  177.62193354239602  -389.6697603345789  96.68800040419609  65.266958259295  -134.16894560486594  -348.2792830817443  -269.1989721082073  248.96329576022495  -474.37372013626896  -504.2323900516227  82.25478618367123  109.93857298920238  87.79854162017068  -29.454749403298138  -72.63831572851643  -855.236645937856  -189.71391432687585  9.855433390273902  -867.7294446024963  132.26643679905672  152.05856896058168  -391.16434362663983  -12.949085124327553  196.96271438160667  284.84041240905424  166.29480953275046  -241.5781249835719  -742.1037402453859  -2.8337412953776493  -53.068497781607334  -412.2218501919484  60.55822437497818  
758.8448450523429  849.5050541671417  469.2450659417452  848.8491740628052  497.83449088200587  93.24785580130083  857.525012847331  795.289657493622  807.7901443336966  32.60966571549898  841.8531929027642  854.6094566072148  -30.426345335993346  781.5132235115927  491.6801878145151  756.1611681940277  0.0  304.6902705273377  735.7958577889326  933.7831017364238  366.4914078594488  852.8491685982237  821.4281264533226  621.9922225891618  407.8818851122834  486.96219608582044  1005.1244639542526  281.78744805775875  251.928778142405  838.4159543776989  866.0997411832301  843.9597098141984  726.7064187907296  683.5228524655113  -99.07547774382829  566.4472538671519  766.0166015843016  -111.56827640846859  888.4276049930844  908.2197371546094  364.9968245673879  743.2120830697002  953.1238825756344  1041.001580603082  922.4559777267782  514.5830432104558  14.057427948641816  753.3274268986501  703.0926704124204  343.9393180020793  816.7193925690059  
454.1545745250051  544.814783639804  164.55479541440752  544.1589035354675  193.14422035466816  -211.44241472603687  552.8347423199933  490.5993869662843  503.09987380635897  -272.0806048118387  537.1629223754264  549.9191860798771  -335.11661586333105  476.82295298425504  186.98991728717738  451.47089766669  -304.6902705273377  0.0  431.1055872615949  629.0928312090861  61.801137332111125  548.1588980708862  516.7378559259851  317.30195206182407  103.19161458494568  182.27192555848274  700.4341934269149  -22.90282246957895  -52.761492384932694  533.7256838503613  561.4094706558924  539.2694392868607  422.01614826339187  378.8325819381736  -403.765748271166  261.75698333981416  461.3263310569639  -416.2585469358063  583.7373344657467  603.5294666272716  60.30655404005017  438.52181254236245  648.4336120482967  736.3113100757442  617.7657071994405  209.8927726831181  -290.6328425786959  448.63715637131236  398.4023998850827  39.24904747474159  512.0291220416682  
23.048987263410197  113.70919637820907  -266.5507918471874  113.05331627387261  -237.96136690692674  -642.5480019876318  121.72915505839842  59.49379970468942  71.99428654476407  -703.1861920734336  106.05733511383158  118.81359881828223  -766.222203124926  45.71736572266013  -244.11566997441753  20.3653104050951  -735.7958577889326  -431.1055872615949  0.0  197.98724394749112  -369.3044499294838  117.05331080929119  85.6322686643901  -113.80363519977084  -327.9139726766492  -248.83366170311217  269.32860616532  -454.00840973117386  -483.8670796465276  102.62009658876633  130.3038833942975  108.16385202526578  -9.089438998203036  -52.27300532342133  -834.8713355327609  -169.34860392178075  30.220743795369003  -847.3641341974012  152.63174720415182  172.42387936567678  -370.79903322154473  7.416225280767549  217.32802478670177  305.20572281414934  186.66011993784556  -221.2128145784768  -721.7384298402908  17.531569109717452  -32.70318737651223  -391.8565397868533  80.92353478007328  
-174.93825668408093  -84.27804756928205  -464.53803579467854  -84.93392767361851  -435.9486108544179  -840.5352459351229  -76.2580888890927  -138.4934442428017  -125.99295740272706  -901.1734360209248  -91.92990883365954  -79.1736451292089  -964.2094470724171  -152.269878224831  -442.1029139219087  -177.62193354239602  -933.7831017364238  -629.0928312090861  -197.98724394749112  0.0  -567.2916938769749  -80.93393313819993  -112.35497528310103  -311.790879147262  -525.9012166241404  -446.8209056506033  71.34136221782893  -651.995653678665  -681.8543235940188  -95.3671473587248  -67.68336055319364  -89.82339192222534  -207.07668294569416  -250.26024927091245  -1032.858579480252  -367.3358478692719  -167.76650015212212  -1045.3513781448924  -45.3554967433393  -25.56336458181434  -568.7862771690359  -190.57101866672357  19.34078083921065  107.21847886665824  -11.327124009645559  -419.20005852596796  -919.725673787782  -180.45567483777367  -230.69043132400336  -589.8437837343445  -117.06370916741784  
392.353437192894  483.01364630769285  102.7536580822964  482.3577662033564  131.34308302255704  -273.243552058148  491.0336049878822  428.7982496341732  441.29873647424785  -333.88174214394985  475.36178504331536  488.118048747766  -396.9177531954422  415.0218156521439  125.18877995506625  389.6697603345789  -366.4914078594488  -61.801137332111125  369.3044499294838  567.2916938769749  0.0  486.35776073877497  454.9367185938739  255.50081472971294  41.39047725283456  120.47078822637161  638.6330560948038  -84.70395980169008  -114.56262971704382  471.9245465182501  499.60833332378127  477.46830195474956  360.21501093128074  317.03144460606245  -465.5668856032771  199.95584600770303  399.5251937248528  -478.0596842679174  521.9361971336356  541.7283292951606  -1.4945832920609519  376.72067521025133  586.6324747161856  674.5101727436331  555.9645698673294  148.09163535100697  -352.433979910807  386.83601903920123  336.60126255297155  -22.552089857369538  450.22798470955706  
-94.004323545881  -3.3441144310821187  -383.6041026564786  -3.9999945354185797  -355.01467771621793  -759.6013127969229  4.675844249107229  -57.55951110460177  -45.059024264527125  -820.2395028827248  -10.995975695459606  1.76028800899104  -883.2755139342171  -71.33594508663106  -361.1689807837087  -96.68800040419609  -852.8491685982237  -548.1588980708862  -117.05331080929119  80.93393313819993  -486.35776073877497  0.0  -31.421042144901094  -230.85694600906203  -444.9672834859404  -365.88697251240336  152.27529535602886  -571.0617205404651  -600.9203904558187  -14.43321422052486  13.250572585006296  -8.889458784025408  -126.14274980749423  -169.32631613271252  -951.924646342052  -286.40191473107194  -86.83256701392219  -964.4174450066923  35.57843639486063  55.37056855638559  -487.8523440308359  -109.63708552852364  100.27471397741058  188.15241200485818  69.60680912855437  -338.266125387768  -838.7917406495819  -99.52174169957374  -149.75649818580342  -508.9098505961445  -36.12977602921791  
-62.5832814009799  28.076927713818975  -352.1830605115775  27.421047609482514  -323.59363557131684  -728.1802706520218  36.09688639400832  -26.138468959700674  -13.637982119626031  -788.8184607378237  20.425066449441488  33.181330153892134  -851.854471789316  -39.91490294172996  -329.7479386388076  -65.266958259295  -821.4281264533226  -516.7378559259851  -85.6322686643901  112.35497528310103  -454.9367185938739  31.421042144901094  0.0  -199.43590386416093  -413.5462413410393  -334.46593036750227  183.69633750092996  -539.640678395564  -569.4993483109176  16.987827924376234  44.67161472990739  22.531583360875686  -94.72170766259313  -137.90527398781143  -920.5036041971509  -254.98087258617085  -55.41152486902109  -932.9964028617912  66.99947853976172  86.79161070128669  -456.43130188593483  -78.21604338362255  131.69575612231168  219.57345414975927  101.02785127345547  -306.8450832428669  -807.3706985046808  -68.10069955467264  -118.33545604090233  -477.4888084512434  -4.708733884316814  
136.85262246318104  227.5128315779799  -152.74715664741655  226.85695147364345  -124.1577317071559  -528.7443667878609  235.53279025816926  173.29743490446026  185.7979217445349  -589.3825568736628  219.86097031360242  232.61723401805307  -652.4185679251551  159.52100092243097  -130.3120347746467  134.16894560486594  -621.9922225891618  -317.30195206182407  113.80363519977084  311.790879147262  -255.50081472971294  230.85694600906203  199.43590386416093  0.0  -214.11033747687839  -135.03002650334133  383.13224136509086  -340.204774531403  -370.06344444675676  216.42373178853717  244.10751859406832  221.96748722503662  104.7141962015678  61.53062987634951  -721.0677003329901  -55.54496872200991  144.02437899513984  -733.5604989976304  266.43538240392263  286.2275145654476  -256.9953980217739  121.21986048053839  331.13165998647264  419.0093580139202  300.46375513761643  -107.40917937870597  -607.93479464052  131.3352043094883  81.1004478232586  -278.0529045870825  194.72716997984412  
350.9629599400594  441.6231690548583  61.36318082946184  440.96728895052183  89.95260576972248  -314.63402931098256  449.64312773504764  387.40777238133865  399.9082592214133  -375.2722193967844  433.9713077904808  446.72757149493145  -438.30823044827673  373.63133839930936  83.7983027022317  348.2792830817443  -407.8818851122834  -103.19161458494568  327.9139726766492  525.9012166241404  -41.39047725283456  444.9672834859404  413.5462413410393  214.11033747687839  0.0  79.08031097353705  597.2425788419692  -126.09443705452463  -155.95310696987838  430.53406926541555  458.2178560709467  436.077824701915  318.8245336784462  275.6409673532279  -506.9573628561117  158.56536875486847  358.1347164720182  -519.450161520752  480.545719880801  500.337852042326  -42.88506054489551  335.3301979574168  545.241997463351  633.1196954907986  514.5740926144948  106.70115809817241  -393.82445716364157  345.4455417863667  295.210785300137  -63.942567110204095  408.8375074567225  
271.88264896652237  362.54285808132124  -17.717130144075213  361.8869779769848  10.872294796185429  -393.7143402845196  370.5628167615106  308.3274614078016  320.82794824787624  -454.35253037032146  354.89099681694375  367.6472605213944  -517.3885414218138  294.5510274257723  4.717991728694642  269.1989721082073  -486.96219608582044  -182.27192555848274  248.83366170311217  446.8209056506033  -120.47078822637161  365.88697251240336  334.46593036750227  135.03002650334133  -79.08031097353705  0.0  518.1622678684322  -205.17474802806169  -235.03341794341543  351.4537582918785  379.13754509740966  356.99751372837795  239.74422270490913  196.56065637969084  -586.0376738296487  79.48505778133142  279.0544054984812  -598.530472494289  401.46540890726396  421.25754106878895  -121.96537151843256  256.2498869838797  466.161686489814  554.0393845172615  435.49378164095776  27.62084712463536  -472.9047681371786  266.3652308128296  216.13047432659994  -143.02287808374115  329.75719648318545  
-246.27961890190986  -155.61940978711098  -535.8793980125074  -156.27528989144744  -507.28997307224677  -911.8766081529518  -147.59945110692163  -209.83480646063063  -197.334319620556  -972.5147982387537  -163.27127105148847  -150.51500734703782  -1035.550809290246  -223.61124044265992  -513.4442761397376  -248.96329576022495  -1005.1244639542526  -700.4341934269149  -269.32860616532  -71.34136221782893  -638.6330560948038  -152.27529535602886  -183.69633750092996  -383.13224136509086  -597.2425788419692  -518.1622678684322  0.0  -723.3370158964939  -753.1956858118476  -166.70850957655372  -139.02472277102257  -161.16475414005427  -278.41804516352306  -321.60161148874136  -1104.199941698081  -438.6772100871008  -239.10786236995105  -1116.6927403627212  -116.69685896116823  -96.90472679964327  -640.1276393868648  -261.9123808845525  -52.00058137861828  35.877116648829315  -82.66848622747449  -490.54142074379683  -991.0670360056108  -251.7970370556026  -302.03179354183226  -661.1851459521733  -188.40507138524677  
477.05739699458405  567.7176061093829  187.45761788398647  567.0617260050465  216.04704282424711  -188.53959225645792  575.7375647895723  513.5022094358633  526.002696275938  -249.17778234225977  560.0657448450054  572.8220085494561  -312.2137933937521  499.725775453834  209.89273975675633  474.37372013626896  -281.78744805775875  22.90282246957895  454.00840973117386  651.995653678665  84.70395980169008  571.0617205404651  539.640678395564  340.204774531403  126.09443705452463  205.17474802806169  723.3370158964939  0.0  -29.858669915353744  556.6285063199402  584.3122931254713  562.1722617564396  444.9189707329708  401.7354044077525  -380.86292580158704  284.6598058093931  484.22915352654286  -393.35572446622734  606.6401569353256  626.4322890968506  83.20937650962912  461.4246350119414  671.3364345178757  759.2141325453232  640.6685296690194  232.79559515269705  -267.73002010911694  471.5399788408913  421.3052223546616  62.15186994432054  534.9319445112471  
506.9160669099378  597.5762760247367  217.31628779934022  596.9203959204002  245.90571273960086  -158.68092234110418  605.596234704926  543.360879351217  555.8613661912916  -219.31911242690603  589.9244147603592  602.6806784648098  -282.35512347839835  529.5844453691877  239.75140967211007  504.2323900516227  -251.928778142405  52.761492384932694  483.8670796465276  681.8543235940188  114.56262971704382  600.9203904558187  569.4993483109176  370.06344444675676  155.95310696987838  235.03341794341543  753.1956858118476  29.858669915353744  0.0  586.4871762352939  614.1709630408251  592.0309316717934  474.77764064832456  431.59407432310627  -351.0042558862333  314.51847572474685  514.0878234418966  -363.4970545508736  636.4988268506794  656.2909590122044  113.06804642498287  491.28330492729515  701.1951044332294  789.0728024606769  670.5271995843732  262.6542650680508  -237.8713501937632  501.39864875624505  451.16389227001537  92.01053985967428  564.7906144266009  
-79.57110932535613  11.089099789442741  -369.1708884359537  10.43321968510628  -340.5814634956931  -745.168098576398  19.10905846963209  -43.12629688407691  -30.625810044002264  -805.8062886621999  3.437238525065254  16.1935022295159  -868.8422997136922  -56.9027308661062  -346.73576656318386  -82.25478618367123  -838.4159543776989  -533.7256838503613  -102.62009658876633  95.3671473587248  -471.9245465182501  14.43321422052486  -16.987827924376234  -216.42373178853717  -430.53406926541555  -351.4537582918785  166.70850957655372  -556.6285063199402  -586.4871762352939  0.0  27.683786805531156  5.543755436499453  -111.70953558696937  -154.89310191218766  -937.4914321215272  -271.9687005105471  -72.39935279339733  -949.9842307861675  50.01165061538549  69.80378277691045  -473.41912981031106  -95.20387130799878  114.70792819793544  202.58562622538304  84.04002334907923  -323.83291116724314  -824.3585264290571  -85.08852747904888  -135.32328396527856  -494.47663637561965  -21.696561808693048  
-107.25489613088729  -16.594687016088415  -396.85467524148487  -17.250567120424876  -368.2652503012242  -772.8518853819293  -8.574728335899067  -70.81008368960806  -58.30959684953342  -833.4900754677311  -24.246548280465902  -11.490284576015256  -896.5260865192234  -84.58651767163735  -374.419553368715  -109.93857298920238  -866.0997411832301  -561.4094706558924  -130.3038833942975  67.68336055319364  -499.60833332378127  -13.250572585006296  -44.67161472990739  -244.10751859406832  -458.2178560709467  -379.13754509740966  139.02472277102257  -584.3122931254713  -614.1709630408251  -27.683786805531156  0.0  -22.140031369031703  -139.39332239250052  -182.57688871771882  -965.1752189270584  -299.65248731607824  -100.08313959892848  -977.6680175916987  22.327863809854335  42.119995971379296  -501.1029166158422  -122.88765811352994  87.02414139240429  174.90183941985188  56.35623654354808  -351.5166979727743  -852.0423132345883  -112.77231428458003  -163.00707077080972  -522.1604231811508  -49.380348614224204  
-85.11486476185559  5.545344352943289  -374.71464387245317  4.889464248606828  -346.1252189321925  -750.7118540128976  13.565303033132636  -48.67005232057636  -36.16956548050172  -811.3500440986994  -2.1065169114341984  10.649746793016448  -874.3860551501917  -62.44648630260565  -352.2795219996833  -87.79854162017068  -843.9597098141984  -539.2694392868607  -108.16385202526578  89.82339192222534  -477.46830195474956  8.889458784025408  -22.531583360875686  -221.96748722503662  -436.077824701915  -356.99751372837795  161.16475414005427  -562.1722617564396  -592.0309316717934  -5.543755436499453  22.140031369031703  0.0  -117.25329102346882  -160.4368573486871  -943.0351875580267  -277.51245594704653  -77.94310822989678  -955.527986222667  44.46789517888604  64.260027340411  -478.9628852468105  -100.74762674449823  109.16417276143599  197.04187078888359  78.49626791257978  -329.3766666037426  -829.9022818655566  -90.63228291554833  -140.86703940177802  -500.0203918121191  -27.2403172451925  
32.13842626161323  122.79863537641211  -257.46135284898435  122.14275527207565  -228.8719279087237  -633.4585629894287  130.81859405660146  68.58323870289246  81.0837255429671  -694.0967530752306  115.14677411203462  127.90303781648527  -757.1327641267229  54.80680472086317  -235.0262309762145  29.454749403298138  -726.7064187907296  -422.01614826339187  9.089438998203036  207.07668294569416  -360.21501093128074  126.14274980749423  94.72170766259313  -104.7141962015678  -318.8245336784462  -239.74422270490913  278.41804516352306  -444.9189707329708  -474.77764064832456  111.70953558696937  139.39332239250052  117.25329102346882  0.0  -43.183566325218294  -825.7818965345579  -160.2591649235777  39.31018279357204  -838.2746951991982  161.72118620235486  181.51331836387982  -361.7095942233417  16.505664278970585  226.4174637849048  314.2951618123524  195.7495589360486  -212.12337558027377  -712.6489908420878  26.62100810792049  -23.613748378309197  -382.7671007886503  90.01297377827632  
75.32199258683153  165.9822017016304  -214.27778652376605  165.32632159729394  -185.6883615835054  -590.2749966642104  174.00216038181975  111.76680502811075  124.2672918681854  -650.9131867500123  158.33034043725291  171.08660414170356  -713.9491978015046  97.99037104608146  -191.8426646509962  72.63831572851643  -683.5228524655113  -378.8325819381736  52.27300532342133  250.26024927091245  -317.03144460606245  169.32631613271252  137.90527398781143  -61.53062987634951  -275.6409673532279  -196.56065637969084  321.60161148874136  -401.7354044077525  -431.59407432310627  154.89310191218766  182.57688871771882  160.4368573486871  43.183566325218294  0.0  -782.5983302093396  -117.07559859835942  82.49374911879033  -795.0911288739799  204.90475252757315  224.6968846890981  -318.5260278981234  59.68923060418888  269.60103011012313  357.47872813757067  238.9331252612669  -168.93980925505548  -669.4654245168695  69.80457443313878  19.569817946909097  -339.583534463432  133.1965401034946  
857.9203227961711  948.58053191097  568.3205436855735  947.9246518066335  596.9099686258342  192.32333354512912  956.6004905911593  894.3651352374503  906.8656220775249  131.68514345932726  940.9286706465925  953.6849343510431  68.64913240783494  880.588701255421  590.7556655583434  855.236645937856  99.07547774382829  403.765748271166  834.8713355327609  1032.858579480252  465.5668856032771  951.924646342052  920.5036041971509  721.0677003329901  506.9573628561117  586.0376738296487  1104.199941698081  380.86292580158704  351.0042558862333  937.4914321215272  965.1752189270584  943.0351875580267  825.7818965345579  782.5983302093396  0.0  665.5227316109801  865.0920793281299  -12.492798664640304  987.5030827369127  1007.2952148984377  464.07230231121616  842.2875608135284  1052.1993603194626  1140.0770583469102  1021.5314554706065  613.6585209542841  113.1329056924701  852.4029046424783  802.1681481562487  443.0147957459076  915.7948703128342  
192.39759118519095  283.0578002999898  -97.20218792540663  282.40192019565336  -68.61276298514599  -473.199398065851  291.07775898017917  228.84240362647017  241.34289046654482  -533.8375881516529  275.40593903561233  288.162202740063  -596.8735992031452  215.06596964444088  -74.76706605263678  189.71391432687585  -566.4472538671519  -261.75698333981416  169.34860392178075  367.3358478692719  -199.95584600770303  286.40191473107194  254.98087258617085  55.54496872200991  -158.56536875486847  -79.48505778133142  438.6772100871008  -284.6598058093931  -314.51847572474685  271.9687005105471  299.65248731607824  277.51245594704653  160.2591649235777  117.07559859835942  -665.5227316109801  0.0  199.56934771714975  -678.0155302756204  321.98035112593254  341.77248328745753  -201.45042929976398  176.7648292025483  386.67662870848255  474.5543267359301  356.00872385962634  -51.86421065669606  -552.38982591851  186.8801730314982  136.64541654526852  -222.50793586507257  250.27213870185403  
-7.171756531958806  83.48845258284007  -296.7715356425564  82.83257247850361  -268.18211070229574  -672.7687457830008  91.50841126302942  29.27305590932042  41.77354274939506  -733.4069358688026  75.83659131846258  88.59285502291323  -796.442946920295  15.49662192729113  -274.33641376978653  -9.855433390273902  -766.0166015843016  -461.3263310569639  -30.220743795369003  167.76650015212212  -399.5251937248528  86.83256701392219  55.41152486902109  -144.02437899513984  -358.1347164720182  -279.0544054984812  239.10786236995105  -484.22915352654286  -514.0878234418966  72.39935279339733  100.08313959892848  77.94310822989678  -39.31018279357204  -82.49374911879033  -865.0920793281299  -199.56934771714975  0.0  -877.5848779927702  122.41100340878282  142.20313557030778  -401.01977701691374  -22.804518514601455  187.10728099133277  274.98497901878034  156.43937614247656  -251.4335583738458  -751.9591736356598  -12.689174685651551  -62.923931171881236  -422.0772835822223  50.70279098470428  
870.4131214608115  961.0733305756103  580.8133423502138  960.4174504712738  609.4027672904745  204.81613220976942  969.0932892557996  906.8579339020906  919.3584207421652  144.17794212396757  953.4214693112328  966.1777330156834  81.14193107247524  893.0814999200613  603.2484642229837  867.7294446024963  111.56827640846859  416.2585469358063  847.3641341974012  1045.3513781448924  478.0596842679174  964.4174450066923  932.9964028617912  733.5604989976304  519.450161520752  598.530472494289  1116.6927403627212  393.35572446622734  363.4970545508736  949.9842307861675  977.6680175916987  955.527986222667  838.2746951991982  795.0911288739799  12.492798664640304  678.0155302756204  877.5848779927702  0.0  999.995881401553  1019.788013563078  476.56510097585647  854.7803594781687  1064.692158984103  1152.5698570115505  1034.0242541352468  626.1513196189244  125.62570435711041  864.8957033071187  814.660946820889  455.5075944105479  928.2876689774745  
-129.58275994074162  -38.92255082594275  -419.1825390513392  -39.57843093027921  -390.59311411107853  -795.1797491917836  -30.902592145753403  -93.1379474994624  -80.63746065938776  -855.8179392775854  -46.57441209032024  -33.81814838586959  -918.8539503290777  -106.91438148149169  -396.7474171785693  -132.26643679905672  -888.4276049930844  -583.7373344657467  -152.63174720415182  45.3554967433393  -521.9361971336356  -35.57843639486063  -66.99947853976172  -266.43538240392263  -480.545719880801  -401.46540890726396  116.69685896116823  -606.6401569353256  -636.4988268506794  -50.01165061538549  -22.327863809854335  -44.46789517888604  -161.72118620235486  -204.90475252757315  -987.5030827369127  -321.98035112593254  -122.41100340878282  -999.995881401553  0.0  19.79213216152496  -523.4307804256965  -145.21552192338427  64.69627758254995  152.57397560999755  34.02837273369374  -373.8445617826286  -874.3701770444426  -135.10017809443437  -185.33493458066405  -544.4882869910051  -71.70821242407854  
