Height_Data

node	height
0	28.584306553105264
1	86.24846002772121
2	87.39836671396999
3	138.03530341972188
4	218.7155926552152
5	200.61734078632327
6	69.77984503531742
7	89.67981928477698
8	149.6987204445392
9	20.461723544668807
10	25.93791029242487
11	125.13515583558896
12	16.041074253820373
13	103.598563511064
14	115.91559569833557
15	155.80231373271954
16	83.38758861722906
17	138.67690614525847
18	143.71478389884763
19	120.64398246728064
20	59.333933191542755
21	15.922769719705672
22	42.113252960250215
23	123.39593724922341
24	161.70917918552868
25	60.1406946431904
26	165.82593673924387
27	276.97282906040175
28	14.661342164498608
29	175.43737744470317
30	35.76378481988798
31	27.42841972159633
32	200.30815328721306
33	57.73851716444632
34	169.03823745309293
35	109.01542310583274
36	33.0035449204044
37	151.66386911914407
38	99.80907997503154
39	71.89885100550745
40	99.11944814693523
41	21.767548010524667
42	41.51705137296716
43	56.543372061915356
44	227.06669789986896
45	118.0856172712603
46	196.96203265426973
47	52.699524476364935
48	131.8757836467523
49	87.75579323107594
50	147.8714035130765



height_matrix
0.0  -201.8245371611558  -205.84921056302656  -383.0784890331581  -665.4595013573847  -602.115619816263  -144.18438468774255  -213.83429456085102  -423.90044862001866  28.42904052952761  9.262386912381388  -337.92797248869294  43.901313047497126  -262.5498993528556  -305.659512008306  -445.26302512864993  -191.81148722443325  -385.3240985725362  -402.95667071009825  -322.20886569961374  -107.6236932345312  44.31537891689858  -47.35131242500731  -331.8407074364135  -465.93705421348193  -110.44735831529798  -480.3457056514851  -869.3598287755377  48.730375360123304  -513.9857481205927  -25.128173933739504  4.045603910281272  -601.0334635693772  -102.0397371396937  -491.5887581499568  -281.5089079345462  -15.467334285546968  -430.7784689811358  -249.28670697674195  -151.60090558340764  -246.87299557840484  23.858654899032103  -45.264606869516626  -97.85672928083531  -694.6883697136728  -313.2545875135427  -589.3220413540756  -84.40326273140883  -361.52016982776456  -207.10020337289737  -417.5048393598993  
201.8245371611558  0.0  -4.024673401870757  -181.25395187200235  -463.63496419622896  -400.29108265510723  57.64015247341325  -12.009757399695218  -222.0759114588629  230.25357769068341  211.0869240735372  -136.1034353275371  245.72585020865293  -60.72536219169979  -103.83497484715025  -243.43848796749415  10.013049936722553  -183.4995614113804  -201.13213354894248  -120.38432853845796  94.2008439266246  246.1399160780544  154.4732247361485  -130.0161702752577  -264.11251705232615  91.37717884585783  -278.52116849032933  -667.535291614382  250.5549125212791  -312.1612109594369  176.6963632274163  205.87014107143708  -399.20892640822143  99.7848000214621  -289.764220988801  -79.68437077339036  186.35720287560883  -228.95393181998003  -47.46216981558615  50.223631577748165  -45.04845841724904  225.6831920601879  156.55993029163918  103.96780788032049  -492.86383255251707  -111.43005035238684  -387.49750419291985  117.42127442974697  -159.6956326666088  -5.275666211741566  -215.6803021987435  
205.84921056302656  4.024673401870757  0.0  -177.2292784701316  -459.6102907943582  -396.2664092532365  61.66482587528401  -7.985083997824461  -218.05123805699213  234.27825109255417  215.11159747540796  -132.07876192566636  249.7505236105237  -56.70068878982903  -99.81030144527949  -239.4138145656234  14.03772333859331  -179.47488800950964  -197.10746014707172  -116.35965513658721  98.22551732849536  250.16458947992516  158.49789813801925  -125.99149687338695  -260.0878436504554  95.40185224772858  -274.4964950884586  -663.5106182125112  254.57958592314986  -308.13653755756616  180.72103662928706  209.89481447330783  -395.1842530063507  103.80947342333286  -285.73954758693026  -75.6596973715196  190.3818762774796  -224.92925841810927  -43.437496413715394  54.24830497961892  -41.02378501537828  229.70786546205866  160.58460369350993  107.99248128219125  -488.8391591506463  -107.40537695051609  -383.4728307910491  121.44594783161773  -155.67095926473803  -1.2509928098708087  -211.65562879687275  
383.0784890331581  181.25395187200235  177.2292784701316  0.0  -282.3810123242266  -219.03713078310489  238.8941043454156  169.24419447230713  -40.821959586860544  411.50752956268576  392.34087594553955  45.15051654446523  426.9798020806553  120.52858968030256  77.4189770248521  -62.18453609549181  191.2670018087249  -2.2456095393780515  -19.87818167694013  60.86962333354438  275.45479579862695  427.39386795005674  335.72717660815084  51.23778159674464  -82.85856518032381  272.6311307178602  -97.26721661832698  -486.2813397423796  431.80886439328145  -130.90725908743457  357.9503150994186  387.12409294343945  -217.95497453621908  281.03875189346445  -108.51026911679867  101.56958109861199  367.6111547476112  -47.69997994797768  133.7917820564162  231.4775834497505  136.2054934547533  406.9371439321902  337.81388216364155  285.22175975232284  -311.6098806805147  69.8239015196155  -206.2435523209175  298.6752263017493  21.55831920539356  175.97828566026078  -34.42635032674116  
665.4595013573847  463.63496419622896  459.6102907943582  282.3810123242266  0.0  63.34388154112173  521.2751166696422  451.62520679653375  241.55905273736607  693.8885418869124  674.7218882697662  327.53152886869185  709.3608144048819  402.9096020045292  359.7999893490787  220.1964762287348  473.6480141329515  280.13540278484857  262.5028306472865  343.250635657771  557.8358081228536  709.7748802742833  618.1081889323775  333.61879392097126  199.5224471439028  555.0121430420868  185.11379570589963  -203.90032741815298  714.189876717508  151.47375323679205  640.3313274236452  669.5051052676661  64.42603778800753  563.4197642176911  173.87074320742795  383.9505934228386  649.9921670718378  234.68103237624894  416.1727943806428  513.8585957739772  418.5865057789799  689.3181562564168  620.1948944878682  567.6027720765494  -29.228868356288103  352.2049138438421  76.13746000330912  581.056238625976  303.9393315296202  458.3592979844874  247.95466199748546  
602.115619816263  400.29108265510723  396.2664092532365  219.03713078310489  -63.34388154112173  0.0  457.9312351285205  388.281325255412  178.21517119624434  630.5446603457906  611.3780067286444  264.1876473275701  646.0169328637602  339.56572046340744  296.456107807957  156.85259468761308  410.3041325918298  216.79152124372683  199.15894910616475  279.90675411664927  494.49192658173183  646.4309987331616  554.7643073912557  270.2749123798495  136.17856560278108  491.66826150096506  121.7699141647779  -267.2442089592747  650.8459951763864  88.12987169567032  576.9874458825235  606.1612237265443  1.082156246885802  500.07588267656934  110.52686166630622  320.6067118817169  586.6482855307161  171.3371508351272  352.8289128395211  450.5147142328554  355.2426242378582  625.9742747152951  556.8510129467464  504.2588905354277  -92.57274989740984  288.8610323027204  12.793578462187384  517.7123570848541  240.59544998849844  395.01541644336567  184.61078045636373  
144.18438468774255  -57.64015247341325  -61.66482587528401  -238.8941043454156  -521.2751166696422  -457.9312351285205  0.0  -69.64990987310847  -279.71606393227614  172.61342521727016  153.44677160012395  -193.74358780095037  188.08569773523968  -118.36551466511304  -161.4751273205635  -301.0786404409074  -47.6271025366907  -241.13971388479365  -258.77228602235573  -178.02448101187122  36.56069145321135  188.49976360464115  96.83307226273524  -187.65632274867096  -321.7526695257394  33.737026372444575  -336.1613209637426  -725.1754440877952  192.91476004786585  -369.80136343285017  119.05621075400305  148.22998859802382  -456.8490788816347  42.14464754804885  -347.40437346221427  -137.3245232468036  128.71705040219558  -286.5940842933933  -105.1023222889994  -7.416520895665087  -102.68861089066229  168.04303958677465  98.91977781822592  46.32765540690724  -550.5039850259303  -169.0702028258001  -445.1376566663331  59.78112195633372  -217.33578514002204  -62.91581868515482  -273.32045467215676  
213.83429456085102  12.009757399695218  7.985083997824461  -169.24419447230713  -451.62520679653375  -388.281325255412  69.64990987310847  0.0  -210.06615405916767  242.26333509037863  223.09668147323242  -124.0936779278419  257.7356076083481  -48.71560479200457  -91.82521744745503  -231.42873056779894  22.02280733641777  -171.48980401168518  -189.12237614924726  -108.37457113876275  106.21060132631982  258.1496734777496  166.4829821358437  -118.00641287556249  -252.10275965263094  103.38693624555304  -266.5114110906341  -655.5255342146868  262.5646699209743  -300.1514535597417  188.70612062711152  217.8798984711323  -387.1991690085262  111.79455742115732  -277.7544635891058  -67.67461337369514  198.36696027530405  -216.9441744202848  -35.45241241589093  62.23338897744338  -33.03870101755382  237.69294945988312  168.5696876913344  115.97756528001571  -480.85407515282185  -99.42029295269163  -375.48774679322463  129.4310318294422  -147.68587526691357  6.734091187953652  -203.6705447990483  
423.90044862001866  222.0759114588629  218.05123805699213  40.821959586860544  -241.55905273736607  -178.21517119624434  279.71606393227614  210.06615405916767  0.0  452.3294891495463  433.1628355324001  85.97247613132578  467.80176166751585  161.3505492671631  118.24093661171264  -21.362576508631264  232.08896139558544  38.57635004748249  20.943777909920414  101.69158292040493  316.2767553854875  468.2158275369173  376.5491361950114  92.05974118360518  -42.036605593463264  313.4530903047207  -56.44525703146644  -445.45938015551906  472.630823980142  -90.08529950057402  398.77227468627916  427.9460525303  -177.13301494935854  321.860711480325  -67.68830952993812  142.39154068547253  408.4331143344717  -6.878020361117137  174.61374164327674  272.29954303661106  177.02745304161385  447.75910351905077  378.6358417505021  326.0437193391834  -270.7879210936542  110.64586110647605  -165.42159273405696  339.49718588860986  62.3802787922541  216.80024524712132  6.395609260119386  
-28.42904052952761  -230.25357769068341  -234.27825109255417  -411.50752956268576  -693.8885418869124  -630.5446603457906  -172.61342521727016  -242.26333509037863  -452.3294891495463  0.0  -19.166653617146224  -366.3570130182205  15.472272517969515  -290.9789398823832  -334.08855253783366  -473.69206565817757  -220.24052775396086  -413.7531391020638  -431.3857112396259  -350.6379062291414  -136.05273376405881  15.88633838737097  -75.78035295453492  -360.2697479659411  -494.36609474300957  -138.8763988448256  -508.77474618101274  -897.7888693050654  20.301334830595692  -542.4147886501203  -53.557214463267115  -24.38343661924634  -629.4625040989049  -130.4687776692213  -520.0177986794845  -309.93794846407377  -43.89637481507458  -459.20750951066344  -277.71574750626957  -180.02994611293525  -275.30203610793245  -4.570385630495508  -73.69364739904424  -126.28576981036292  -723.1174102432005  -341.68362804307026  -617.7510818836033  -112.83230326093644  -389.9492103572922  -235.52924390242498  -445.9338798894269  
-9.262386912381388  -211.0869240735372  -215.11159747540796  -392.34087594553955  -674.7218882697662  -611.3780067286444  -153.44677160012395  -223.09668147323242  -433.1628355324001  19.166653617146224  0.0  -347.1903594010743  34.63892613511574  -271.812286265237  -314.92189892068745  -454.52541204103136  -201.07387413681465  -394.5864854849176  -412.2190576224797  -331.47125261199517  -116.88608014691259  35.05299200451719  -56.613699337388695  -341.1030943487949  -475.19944112586336  -119.70974522767936  -489.60809256386653  -878.6222156879192  39.46798844774192  -523.2481350329741  -34.39056084612089  -5.216783002100115  -610.2958504817586  -111.30212405207509  -500.8511450623382  -290.77129484692756  -24.729721197928356  -440.04085589351723  -258.54909388912336  -160.86329249578904  -256.13538249078624  14.596267986650716  -54.526993781898014  -107.1191161932167  -703.9507566260543  -322.51697442592405  -598.584428266457  -93.66564964379022  -370.782556740146  -216.36259028527877  -426.7672262722807  
337.92797248869294  136.1034353275371  132.07876192566636  -45.15051654446523  -327.53152886869185  -264.1876473275701  193.74358780095037  124.0936779278419  -85.97247613132578  366.3570130182205  347.1903594010743  0.0  381.82928553619  75.37807313583733  32.268460480386864  -107.33505263995704  146.11648526425967  -47.396126083843285  -65.02869822140536  15.719106789079149  230.3042792541617  382.2433514055915  290.5766600636856  6.087265052279406  -128.00908172478904  227.48061417339494  -142.41773316279222  -531.4318562868448  386.6583478488162  -176.0577756318998  312.79979855495344  341.97357639897416  -263.1054910806843  235.88823534899922  -153.6607856612639  56.41906455414676  322.46063820314595  -92.85049649244291  88.64126551195096  186.32706690528528  91.05497691028808  361.78662738772505  292.66336561917626  240.0712432078576  -356.76039722497995  24.67338497515027  -251.39406886538274  253.52470975728409  -23.592197339071674  130.82776911579555  -79.57686687120639  
-43.901313047497126  -245.72585020865293  -249.7505236105237  -426.9798020806553  -709.3608144048819  -646.0169328637602  -188.08569773523968  -257.7356076083481  -467.80176166751585  -15.472272517969515  -34.63892613511574  -381.82928553619  0.0  -306.4512124003527  -349.5608250558032  -489.1643381761471  -235.71280027193038  -429.22541162003336  -446.85798375759543  -366.1101787471109  -151.52500628202833  0.41406586940145473  -91.25262547250443  -375.74202048391066  -509.8383672609791  -154.3486713627951  -524.2470186989823  -913.2611418230349  4.829062312626178  -557.8870611680899  -69.02948698123663  -39.855709137215854  -644.9347766168744  -145.94105018719083  -535.490071197454  -325.41022098204326  -59.368647333044095  -474.679782028633  -293.1880200242391  -195.50221863090476  -290.774308625902  -20.042658148465023  -89.16591991701375  -141.75804232833244  -738.58968276117  -357.15590056103974  -633.2233544015728  -128.30457577890596  -405.42148287526174  -251.0015164203945  -461.40615240739646  
262.5498993528556  60.72536219169979  56.70068878982903  -120.52858968030256  -402.9096020045292  -339.56572046340744  118.36551466511304  48.71560479200457  -161.3505492671631  290.9789398823832  271.812286265237  -75.37807313583733  306.4512124003527  0.0  -43.10961265545046  -182.71312577579437  70.73841212842234  -122.77419921968061  -140.4067713572427  -59.65896634675818  154.9262061183244  306.8652782697542  215.19858692784828  -69.29080808355792  -203.38715486062637  152.10254103755761  -217.79580629862954  -606.8099294226822  311.2802747129789  -251.43584876773713  237.4217254191161  266.59550326313683  -338.48356421652164  160.5101622131619  -229.03885879710123  -18.95900858169057  247.08256506730862  -168.22856962828024  13.263192376113636  110.94899376944795  15.67690377445075  286.4085542518877  217.28529248333896  164.69317007202028  -432.1384703608173  -50.704688160687056  -326.77214200122006  178.14663662144676  -98.970270474909  55.44969597995822  -154.95494000704372  
305.659512008306  103.83497484715025  99.81030144527949  -77.4189770248521  -359.7999893490787  -296.456107807957  161.4751273205635  91.82521744745503  -118.24093661171264  334.08855253783366  314.92189892068745  -32.268460480386864  349.5608250558032  43.10961265545046  0.0  -139.6035131203439  113.8480247838728  -79.66458656423015  -97.29715870179223  -16.549353691307715  198.03581877377485  349.97489092520465  258.30819958329874  -26.181195428107458  -160.2775422051759  195.21215369300808  -174.68619364317908  -563.7003167672317  354.38988736842936  -208.32623611228667  280.5313380745665  309.70511591858735  -295.3739515610712  203.61977486861235  -185.92924614165076  24.150604073759894  290.1921777227591  -125.11895697282978  56.3728050315641  154.05860642489841  58.78651642990121  329.5181669073381  260.39490513878945  207.80278272747074  -389.0288577053668  -7.5950755052365935  -283.6625293457696  221.25624927689722  -55.86065781945854  98.55930863540868  -111.84532735159326  
445.26302512864993  243.43848796749415  239.4138145656234  62.18453609549181  -220.1964762287348  -156.85259468761308  301.0786404409074  231.42873056779894  21.362576508631264  473.69206565817757  454.52541204103136  107.33505263995704  489.1643381761471  182.71312577579437  139.6035131203439  0.0  253.4515379042167  59.938926556113756  42.30635441855168  123.05415942903619  337.63933189411875  489.57840404554855  397.91171270364265  113.42231769223645  -20.674029084832  334.815666813352  -35.082680522835176  -424.0968036468878  493.99340048877326  -68.72272299194276  420.1348511949104  449.30862903893126  -155.77043844072728  343.22328798895626  -46.32573302130686  163.7541171941038  429.795690843103  14.484556147514127  195.976318151908  293.6621195452423  198.39002955024512  469.12168002768203  399.99841825913336  347.40629584781465  -249.4253445850229  132.0084376151073  -144.0590162254257  360.8597623972411  83.74285530088537  238.1628217557526  27.75818576875065  
191.81148722443325  -10.013049936722553  -14.03772333859331  -191.2670018087249  -473.6480141329515  -410.3041325918298  47.6271025366907  -22.02280733641777  -232.08896139558544  220.24052775396086  201.07387413681465  -146.11648526425967  235.71280027193038  -70.73841212842234  -113.8480247838728  -253.4515379042167  0.0  -193.51261134810295  -211.14518348566503  -130.39737847518052  84.18779398990205  236.12686614133185  144.46017479942594  -140.02922021198026  -274.1255669890487  81.36412890913527  -288.5342184270519  -677.5483415511045  240.54186258455655  -322.17426089615947  166.68331329069375  195.85709113471452  -409.221976344944  89.77175008473955  -299.77727092552357  -89.69742071011291  176.34415293888628  -238.96698175670258  -57.4752197523087  40.21058164102561  -55.06150835397159  215.67014212346535  146.54688035491662  93.95475794359794  -502.8768824892396  -121.4431002891094  -397.5105541296424  107.40822449302442  -169.70868260333134  -15.288716148464118  -225.69335213546606  
385.3240985725362  183.4995614113804  179.47488800950964  2.2456095393780515  -280.13540278484857  -216.79152124372683  241.13971388479365  171.48980401168518  -38.57635004748249  413.7531391020638  394.5864854849176  47.396126083843285  429.22541162003336  122.77419921968061  79.66458656423015  -59.938926556113756  193.51261134810295  0.0  -17.63257213756208  63.115232872922434  277.700405338005  429.6394774894348  337.9727861475289  53.48339113612269  -80.61295564094576  274.8767402572382  -95.02160707894893  -484.03573020300155  434.0544739326595  -128.66164954805652  360.19592463879667  389.3697024828175  -215.70936499684103  283.2843614328425  -106.26465957742062  103.81519063799004  369.85676428698923  -45.45437040859963  136.03739159579425  233.72319298912856  138.45110299413136  409.1827534715683  340.0594917030196  287.4673692917009  -309.36427114113667  72.06951105899356  -203.99794278153945  300.92083584112737  23.80392874477161  178.22389519963883  -32.180740787363106  
402.95667071009825  201.13213354894248  197.10746014707172  19.87818167694013  -262.5028306472865  -199.15894910616475  258.77228602235573  189.12237614924726  -20.943777909920414  431.3857112396259  412.2190576224797  65.02869822140536  446.85798375759543  140.4067713572427  97.29715870179223  -42.30635441855168  211.14518348566503  17.63257213756208  0.0  80.74780501048451  295.3329774755671  447.2720496269969  355.605358285091  71.11596327368477  -62.98038350338368  292.5093123948003  -77.38903494138685  -466.40315806543947  451.6870460702216  -111.02907741049444  377.82849677635875  407.0022746203796  -198.07679285927895  300.9169335704046  -88.63208743985854  121.44776277555212  387.4893364245513  -27.82179827103755  153.66996373335633  251.35576512669064  156.08367513169344  426.81532560913035  357.6920638405817  305.09994142926297  -291.7316990035746  89.70208319655563  -186.36537064397737  318.55340797868945  41.43650088233369  195.8564673372009  -14.548168649801028  
322.20886569961374  120.38432853845796  116.35965513658721  -60.86962333354438  -343.250635657771  -279.90675411664927  178.02448101187122  108.37457113876275  -101.69158292040493  350.6379062291414  331.47125261199517  -15.719106789079149  366.1101787471109  59.65896634675818  16.549353691307715  -123.05415942903619  130.39737847518052  -63.115232872922434  -80.74780501048451  0.0  214.58517246508256  366.52424461651236  274.85755327460646  -9.631841736799743  -143.7281885138682  211.7615073843158  -158.13683995187137  -547.150963075924  370.93924105973707  -191.77688242097895  297.08069176587423  326.25446960989507  -278.82459786976347  220.16912855992007  -169.37989245034305  40.69995776506761  306.7415314140668  -108.56960328152206  72.92215872287181  170.60796011620613  75.33587012120893  346.06752059864584  276.94425883009717  224.35213641877846  -372.4795040140591  8.954278186071122  -267.1131756544619  237.80560296820494  -39.31130412815082  115.1086623267164  -95.29597366028554  
107.6236932345312  -94.2008439266246  -98.22551732849536  -275.45479579862695  -557.8358081228536  -494.49192658173183  -36.56069145321135  -106.21060132631982  -316.2767553854875  136.05273376405881  116.88608014691259  -230.3042792541617  151.52500628202833  -154.9262061183244  -198.03581877377485  -337.63933189411875  -84.18779398990205  -277.700405338005  -295.3329774755671  -214.58517246508256  0.0  151.9390721514298  60.272380809523895  -224.2170142018823  -358.31336097895075  -2.823665080766773  -372.72201241695393  -761.7361355410065  156.3540685946545  -406.3620548860615  82.4955193007917  111.66929714481248  -493.40977033484603  5.583956094837504  -383.9650649154256  -173.88521470001496  92.15635894898423  -323.1547757466046  -141.66301374221075  -43.977212348876435  -139.24930234387364  131.4823481335633  62.359086365014576  9.766963953695893  -587.0646764791417  -205.63089427901144  -481.69834811954445  23.220430503122373  -253.8964765932334  -99.47651013836617  -309.8811461253681  
-44.31537891689858  -246.1399160780544  -250.16458947992516  -427.39386795005674  -709.7748802742833  -646.4309987331616  -188.49976360464115  -258.1496734777496  -468.2158275369173  -15.88633838737097  -35.05299200451719  -382.2433514055915  -0.41406586940145473  -306.8652782697542  -349.97489092520465  -489.57840404554855  -236.12686614133185  -429.6394774894348  -447.2720496269969  -366.52424461651236  -151.9390721514298  0.0  -91.66669134190589  -376.1560863533121  -510.25243313038055  -154.76273723219657  -524.6610845683837  -913.6752076924363  4.414996443224723  -558.3011270374913  -69.44355285063808  -40.26977500661731  -645.3488424862758  -146.3551160565923  -535.9041370668554  -325.82428685144475  -59.78271320244555  -475.0938478980344  -293.60208589364055  -195.91628450030623  -291.18837449530344  -20.456724017866478  -89.57998578641521  -142.1721081977339  -739.0037486305714  -357.56996643044124  -633.6374202709742  -128.71864164830743  -405.8355487446632  -251.41558228979596  -461.8202182767979  
47.35131242500731  -154.4732247361485  -158.49789813801925  -335.72717660815084  -618.1081889323775  -554.7643073912557  -96.83307226273524  -166.4829821358437  -376.5491361950114  75.78035295453492  56.613699337388695  -290.5766600636856  91.25262547250443  -215.19858692784828  -258.30819958329874  -397.91171270364265  -144.46017479942594  -337.9727861475289  -355.605358285091  -274.85755327460646  -60.272380809523895  91.66669134190589  0.0  -284.4893950114062  -418.58574178847465  -63.09604589029067  -432.9943932264778  -822.0085163505305  96.08168778513061  -466.6344356955854  22.223138491267804  51.39691633528858  -553.68215114437  -54.68842471468639  -444.2374457249495  -234.15759550953885  31.88397813946034  -383.4271565561285  -201.93539455173465  -104.24959315840033  -199.52168315339753  71.20996732403941  2.0867055554906813  -50.505416855828  -647.3370572886656  -265.90327508853534  -541.9707289290684  -37.05195030640152  -314.1688574027573  -159.74889094789006  -370.153526934892  
331.8407074364135  130.0161702752577  125.99149687338695  -51.23778159674464  -333.61879392097126  -270.2749123798495  187.65632274867096  118.00641287556249  -92.05974118360518  360.2697479659411  341.1030943487949  -6.087265052279406  375.74202048391066  69.29080808355792  26.181195428107458  -113.42231769223645  140.02922021198026  -53.48339113612269  -71.11596327368477  9.631841736799743  224.2170142018823  376.1560863533121  284.4893950114062  0.0  -134.09634677706845  221.39334912111553  -148.50499821507162  -537.5191213391242  380.5710827965368  -182.1450406841792  306.712533502674  335.8863113466948  -269.1927561329637  229.8009702967198  -159.7480507135433  50.33179950186735  316.37337315086654  -98.93776154472232  82.55400045967156  180.23980185300587  84.96771185800867  355.6993623354456  286.5761005668969  233.9839781555782  -362.84766227725936  18.586119922870864  -257.48133391766214  247.43744470500468  -29.67946239135108  124.74050406351614  -85.6641319234858  
465.93705421348193  264.11251705232615  260.0878436504554  82.85856518032381  -199.5224471439028  -136.17856560278108  321.7526695257394  252.10275965263094  42.036605593463264  494.36609474300957  475.19944112586336  128.00908172478904  509.8383672609791  203.38715486062637  160.2775422051759  20.674029084832  274.1255669890487  80.61295564094576  62.98038350338368  143.7281885138682  358.31336097895075  510.25243313038055  418.58574178847465  134.09634677706845  0.0  355.489695898184  -14.408651438003176  -403.4227745620558  514.6674295736052  -48.04869390711076  440.8088802797424  469.98265812376326  -135.09640935589528  363.89731707378826  -25.65170393647486  184.4281462789358  450.469719927935  35.15858523234613  216.65034723674  314.3361486300743  219.06405863507712  489.79570911251403  420.67244734396536  368.08032493264665  -228.7513155001909  152.6824666999393  -123.3849871405937  381.5337914820731  104.41688438571737  258.8368508405846  48.43221485358265  
110.44735831529798  -91.37717884585783  -95.40185224772858  -272.6311307178602  -555.0121430420868  -491.66826150096506  -33.737026372444575  -103.38693624555304  -313.4530903047207  138.8763988448256  119.70974522767936  -227.48061417339494  154.3486713627951  -152.10254103755761  -195.21215369300808  -334.815666813352  -81.36412890913527  -274.8767402572382  -292.5093123948003  -211.7615073843158  2.823665080766773  154.76273723219657  63.09604589029067  -221.39334912111553  -355.489695898184  0.0  -369.89834733618716  -758.9124704602398  159.17773367542128  -403.53838980529474  85.31918438155847  114.49296222557925  -490.58610525407926  8.407621175604277  -381.14139983465884  -171.06154961924818  94.98002402975101  -320.33111066583785  -138.83934866144398  -41.15354726810966  -136.42563726310686  134.30601321433008  65.18275144578135  12.590629034462665  -584.2410113983749  -202.80722919824467  -478.8746830387777  26.044095583889145  -251.07281151246661  -96.6528450575994  -307.05748104460133  
480.3457056514851  278.52116849032933  274.4964950884586  97.26721661832698  -185.11379570589963  -121.7699141647779  336.1613209637426  266.5114110906341  56.44525703146644  508.77474618101274  489.60809256386653  142.41773316279222  524.2470186989823  217.79580629862954  174.68619364317908  35.082680522835176  288.5342184270519  95.02160707894893  77.38903494138685  158.13683995187137  372.72201241695393  524.6610845683837  432.9943932264778  148.50499821507162  14.408651438003176  369.89834733618716  0.0  -389.0141231240526  529.0760810116085  -33.640042469107584  455.2175317177456  484.39130956176643  -120.6877579178921  378.30596851179143  -11.243052498471684  198.83679771693897  464.87837136593816  49.5672366703493  231.05899867474318  328.7448000680775  233.4727100730803  504.2043605505172  435.08109878196854  382.4889763706498  -214.34266406218774  167.0911181379425  -108.97633570259052  395.9424429200763  118.82553582372054  273.24550227858776  62.840866291585826  
869.3598287755377  667.535291614382  663.5106182125112  486.2813397423796  203.90032741815298  267.2442089592747  725.1754440877952  655.5255342146868  445.45938015551906  897.7888693050654  878.6222156879192  531.4318562868448  913.2611418230349  606.8099294226822  563.7003167672317  424.0968036468878  677.5483415511045  484.03573020300155  466.40315806543947  547.150963075924  761.7361355410065  913.6752076924363  822.0085163505305  537.5191213391242  403.4227745620558  758.9124704602398  389.0141231240526  0.0  918.090204135661  355.37408065494503  844.2316548417982  873.405432685819  268.3263652061605  767.320091635844  377.77107062558093  587.8509208409916  853.8924944899908  438.5813597944019  620.0731217987958  717.7589231921302  622.4868331971329  893.2184836745698  824.0952219060212  771.5030994947024  174.67145906186488  556.1052412619952  280.0377874214621  784.956566044129  507.83965894777316  662.2596254026404  451.85498941563844  
-48.730375360123304  -250.5549125212791  -254.57958592314986  -431.80886439328145  -714.189876717508  -650.8459951763864  -192.91476004786585  -262.5646699209743  -472.630823980142  -20.301334830595692  -39.46798844774192  -386.6583478488162  -4.829062312626178  -311.2802747129789  -354.38988736842936  -493.99340048877326  -240.54186258455655  -434.0544739326595  -451.6870460702216  -370.93924105973707  -156.3540685946545  -4.414996443224723  -96.08168778513061  -380.5710827965368  -514.6674295736052  -159.17773367542128  -529.0760810116085  -918.090204135661  0.0  -562.7161234807161  -73.85854929386281  -44.68477144984203  -649.7638389295005  -150.770112499817  -540.3191335100801  -330.23928329466946  -64.19770964567027  -479.50884434125913  -298.01708233686526  -200.33128094353094  -295.60337093852814  -24.8717204610912  -93.99498222963993  -146.58710464095861  -743.4187450737961  -361.98496287366595  -638.0524167141989  -133.13363809153213  -410.2505451878879  -255.83057873302067  -466.2352147200226  
513.9857481205927  312.1612109594369  308.13653755756616  130.90725908743457  -151.47375323679205  -88.12987169567032  369.80136343285017  300.1514535597417  90.08529950057402  542.4147886501203  523.2481350329741  176.0577756318998  557.8870611680899  251.43584876773713  208.32623611228667  68.72272299194276  322.17426089615947  128.66164954805652  111.02907741049444  191.77688242097895  406.3620548860615  558.3011270374913  466.6344356955854  182.1450406841792  48.04869390711076  403.53838980529474  33.640042469107584  -355.37408065494503  562.7161234807161  0.0  488.8575741868532  518.031352030874  -87.04771544878452  411.946010980899  22.3969899706359  232.47684018604656  498.51841383504575  83.20727913945689  264.69904114385076  362.3848425371851  267.1127525421879  537.8444030196248  468.7211412510761  416.1290188397574  -180.70262159308015  200.73116060705007  -75.33629323348293  429.5824853891839  152.46557829282813  306.88554474769535  96.48090876069341  
25.128173933739504  -176.6963632274163  -180.72103662928706  -357.9503150994186  -640.3313274236452  -576.9874458825235  -119.05621075400305  -188.70612062711152  -398.77227468627916  53.557214463267115  34.39056084612089  -312.79979855495344  69.02948698123663  -237.4217254191161  -280.5313380745665  -420.1348511949104  -166.68331329069375  -360.19592463879667  -377.82849677635875  -297.08069176587423  -82.4955193007917  69.44355285063808  -22.223138491267804  -306.712533502674  -440.8088802797424  -85.31918438155847  -455.2175317177456  -844.2316548417982  73.85854929386281  -488.8575741868532  0.0  29.173777844020776  -575.9052896356377  -76.9115632059542  -466.4605842162173  -256.3807340008067  9.660839648192535  -405.6502950473963  -224.15853304300245  -126.47273164966813  -221.74482164466534  48.98682883277161  -20.136432935777123  -72.7285553470958  -669.5601957799333  -288.12641357980317  -564.1938674203361  -59.275088797669326  -336.39199589402506  -181.97202943915786  -392.3766654261598  
-4.045603910281272  -205.87014107143708  -209.89481447330783  -387.12409294343945  -669.5051052676661  -606.1612237265443  -148.22998859802382  -217.8798984711323  -427.9460525303  24.38343661924634  5.216783002100115  -341.97357639897416  39.855709137215854  -266.59550326313683  -309.70511591858735  -449.30862903893126  -195.85709113471452  -389.3697024828175  -407.0022746203796  -326.25446960989507  -111.66929714481248  40.26977500661731  -51.39691633528858  -335.8863113466948  -469.98265812376326  -114.49296222557925  -484.39130956176643  -873.405432685819  44.68477144984203  -518.031352030874  -29.173777844020776  0.0  -605.0790674796585  -106.08534104997497  -495.6343620602381  -285.5545118448274  -19.51293819582824  -434.82407289141713  -253.33231088702323  -155.6465094936889  -250.9185994886861  19.81305098875083  -49.3102107797979  -101.90233319111658  -698.7339736239542  -317.3001914238239  -593.367645264357  -88.4488666416901  -365.5657737380459  -211.14580728317864  -421.5504432701806  
601.0334635693772  399.20892640822143  395.1842530063507  217.95497453621908  -64.42603778800753  -1.082156246885802  456.8490788816347  387.1991690085262  177.13301494935854  629.4625040989049  610.2958504817586  263.1054910806843  644.9347766168744  338.48356421652164  295.3739515610712  155.77043844072728  409.221976344944  215.70936499684103  198.07679285927895  278.82459786976347  493.40977033484603  645.3488424862758  553.68215114437  269.1927561329637  135.09640935589528  490.58610525407926  120.6877579178921  -268.3263652061605  649.7638389295005  87.04771544878452  575.9052896356377  605.0790674796585  0.0  498.99372642968353  109.44470541942042  319.5245556348311  585.5661292838303  170.2549945882414  351.7467565926353  449.4325579859696  354.1604679909724  624.8921184684093  555.7688566998606  503.1767342885419  -93.65490614429564  287.7788760558346  11.711422215301582  516.6302008379685  239.51329374161264  393.93326019647986  183.52862420947793  
102.0397371396937  -99.7848000214621  -103.80947342333286  -281.03875189346445  -563.4197642176911  -500.07588267656934  -42.14464754804885  -111.79455742115732  -321.860711480325  130.4687776692213  111.30212405207509  -235.88823534899922  145.94105018719083  -160.5101622131619  -203.61977486861235  -343.22328798895626  -89.77175008473955  -283.2843614328425  -300.9169335704046  -220.16912855992007  -5.583956094837504  146.3551160565923  54.68842471468639  -229.8009702967198  -363.89731707378826  -8.407621175604277  -378.30596851179143  -767.320091635844  150.770112499817  -411.946010980899  76.9115632059542  106.08534104997497  -498.99372642968353  0.0  -389.5490210102631  -179.46917079485246  86.57240285414673  -328.73873184144213  -147.24696983704825  -49.56116844371394  -144.83325843871114  125.8983920387258  56.77513027017707  4.183007858858389  -592.6486325739792  -211.21485037384895  -487.28230421438195  17.63647440828487  -259.4804326880709  -105.06046623320367  -315.4651022202056  
491.5887581499568  289.764220988801  285.73954758693026  108.51026911679867  -173.87074320742795  -110.52686166630622  347.40437346221427  277.7544635891058  67.68830952993812  520.0177986794845  500.8511450623382  153.6607856612639  535.490071197454  229.03885879710123  185.92924614165076  46.32573302130686  299.77727092552357  106.26465957742062  88.63208743985854  169.37989245034305  383.9650649154256  535.9041370668554  444.2374457249495  159.7480507135433  25.65170393647486  381.14139983465884  11.243052498471684  -377.77107062558093  540.3191335100801  -22.3969899706359  466.4605842162173  495.6343620602381  -109.44470541942042  389.5490210102631  0.0  210.07985021541066  476.12142386440985  60.81028916882099  242.30205117321486  339.9878525665492  244.71576257155198  515.4474130489889  446.3241512804402  393.7320288691215  -203.09961156371605  178.33417063641417  -97.73328320411883  407.185495418548  130.06858832219223  284.48855477705945  74.08391879005751  
281.5089079345462  79.68437077339036  75.6596973715196  -101.56958109861199  -383.9505934228386  -320.6067118817169  137.3245232468036  67.67461337369514  -142.39154068547253  309.93794846407377  290.77129484692756  -56.41906455414676  325.41022098204326  18.95900858169057  -24.150604073759894  -163.7541171941038  89.69742071011291  -103.81519063799004  -121.44776277555212  -40.69995776506761  173.88521470001496  325.82428685144475  234.15759550953885  -50.33179950186735  -184.4281462789358  171.06154961924818  -198.83679771693897  -587.8509208409916  330.23928329466946  -232.47684018604656  256.3807340008067  285.5545118448274  -319.5245556348311  179.46917079485246  -210.07985021541066  0.0  266.0415736489992  -149.26956104658967  32.222200957804205  129.90800235113852  34.63591235614132  305.3675628335783  236.24430106502953  183.65217865371085  -413.1794617791267  -31.745679578996487  -307.8131334195295  197.10564520313733  -80.01126189321843  74.40870456164879  -135.99593142535315  
15.467334285546968  -186.35720287560883  -190.3818762774796  -367.6111547476112  -649.9921670718378  -586.6482855307161  -128.71705040219558  -198.36696027530405  -408.4331143344717  43.89637481507458  24.729721197928356  -322.46063820314595  59.368647333044095  -247.08256506730862  -290.1921777227591  -429.795690843103  -176.34415293888628  -369.85676428698923  -387.4893364245513  -306.7415314140668  -92.15635894898423  59.78271320244555  -31.88397813946034  -316.37337315086654  -450.469719927935  -94.98002402975101  -464.87837136593816  -853.8924944899908  64.19770964567027  -498.51841383504575  -9.660839648192535  19.51293819582824  -585.5661292838303  -86.57240285414673  -476.12142386440985  -266.0415736489992  0.0  -415.31113469558886  -233.81937269119499  -136.13357129786067  -231.40566129285787  39.32598918457907  -29.797272583969658  -82.38939499528834  -679.2210354281259  -297.7872532279957  -573.8547070685287  -68.93592844586186  -346.0528355422176  -191.6328690873504  -402.03750507435234  
430.7784689811358  228.95393181998003  224.92925841810927  47.69997994797768  -234.68103237624894  -171.3371508351272  286.5940842933933  216.9441744202848  6.878020361117137  459.20750951066344  440.04085589351723  92.85049649244291  474.679782028633  168.22856962828024  125.11895697282978  -14.484556147514127  238.96698175670258  45.45437040859963  27.82179827103755  108.56960328152206  323.1547757466046  475.0938478980344  383.4271565561285  98.93776154472232  -35.15858523234613  320.33111066583785  -49.5672366703493  -438.5813597944019  479.50884434125913  -83.20727913945689  405.6502950473963  434.82407289141713  -170.2549945882414  328.73873184144213  -60.81028916882099  149.26956104658967  415.31113469558886  0.0  181.49176200439388  279.1775633977282  183.905473402731  454.6371238801679  385.51386211161923  332.9217397003005  -263.90990073253704  117.52388146759318  -158.54357237293982  346.375206249727  69.25829915337124  223.67826560823846  13.273629621236523  
