Height_Data

node	height
0	122.4153250181673
1	44.0872905753904
2	177.3773956248872
3	53.74096901011848
4	294.7889158216695
5	45.57331238195798
6	135.25127756615777
7	111.42468911849483
8	56.075375818531704
9	110.35654313249992
10	305.7483666524483
11	341.17323891175886
12	13.295779663573095
13	138.8119799442509
14	133.16453196714465
15	101.55723081181347
16	66.26428375365906
17	72.30197415310755
18	82.99623167529636
19	117.92713628337182
20	139.086987914927
21	35.768546721941654
22	81.93697697864505
23	73.98060163945627
24	43.80069266513203
25	135.09757470575346
26	101.16493767518229
27	39.99129257947928
28	45.59899729386749
29	123.12744477409768
30	72.80850341897504
31	12.547464931657949
32	351.78704303631156
33	32.93254213716689
34	141.6202153978192
35	127.70607314332145
36	130.26365372545285
37	111.34982872797146
38	61.70419670259653
39	40.96683258386114
40	116.7487078552845
41	62.427735674997265
42	100.69377309715848
43	347.5488387596907
44	117.21795103455331
45	128.5712228142693
46	44.687277578263895
47	90.05959393435032
48	16.97668060193411
49	59.50775932983339
50	304.25958544761164



height_matrix
0.0  156.6560688855538  -109.92414121343984  137.34871201609764  -344.7471816070044  153.68402527241864  -25.671905095980946  21.98127179934494  132.67989839927117  24.117563771334744  -366.666083268562  -437.5158277871831  218.2390907091884  -32.793309852167226  -21.49841389795472  41.71618841270765  112.30208252901647  100.22670173011949  78.83818668574187  8.976377469590943  -33.3433257935194  173.2935565924513  80.95669607904449  96.86944675742205  157.22926470607052  -25.36449937517233  42.500774685970015  164.84806487737603  153.63265544859962  -1.424239511860776  99.21364319838452  219.7357201730187  -458.74343603628853  178.9655657620008  -38.40978075930383  -10.581496250308305  -15.69665741457112  22.130992580391677  121.42225663114152  162.89698486861232  11.333234325765602  119.97517868634006  43.44310384201762  -450.2670274830468  10.394747967227971  -12.311795592204021  155.4560948798068  64.71146216763395  210.87728883246638  125.81513137666781  -363.6885208588887  
-156.6560688855538  0.0  -266.58021009899363  -19.307356869456157  -501.4032504925582  -2.9720436131351704  -182.32797398153474  -134.67479708620886  -23.976170486282612  -132.53850511421905  -523.3221521541158  -594.1718966727369  61.58302182363461  -189.44937873772102  -178.1544827835085  -114.93988047284614  -44.35398635653732  -56.429367155434306  -77.81788219981192  -147.67969141596285  -189.9993946790732  16.63748770689749  -75.6993728065093  -59.78662212813174  0.5731958205167302  -182.02056826072612  -114.15529419958378  8.191995991822239  -3.0234134369541863  -158.08030839741457  -57.442425687169276  63.0796512874649  -615.3995049218423  22.309496876447014  -195.06584964485762  -167.2375651358621  -172.3527263001249  -134.52507630516212  -35.23381225441227  6.240915983058514  -145.3228345597882  -36.680890199213735  -113.21296504353617  -606.9230963686006  -146.26132091832582  -168.96786447775781  -1.199974005746995  -91.94460671791984  54.221219946912576  -30.840937508885986  -520.3445897444425  
109.92414121343984  266.58021009899363  0.0  247.27285322953747  -234.82304039356455  263.6081664858585  84.25223611745889  131.90541301278478  242.604039612711  134.04170498477458  -256.74194205512214  -327.5916865737433  328.16323192262826  77.13083136127261  88.42572731548512  151.6403296261475  222.2262237424563  210.15084294355933  188.7623278991817  118.90051868303078  76.58081541992044  283.21769780589113  190.88083729248433  206.7935879708619  267.15340591951036  84.55964183826751  152.42491589940985  274.77220609081587  263.55679666203946  108.49990170157906  209.13778441182436  329.65986138645854  -348.8192948228487  288.8897069754406  71.51436045413601  99.34264496313153  94.22748379886872  132.05513379383152  231.34639784458136  272.82112608205216  121.25737553920544  229.8993198997799  153.36724505545746  -340.34288626960694  120.31888918066781  97.61234562123582  265.38023609324665  174.6356033810738  320.8014300459062  235.73927259010765  -253.76437964544886  
-137.34871201609764  19.307356869456157  -247.27285322953747  0.0  -482.09589362310203  16.335313256320987  -163.02061711207858  -115.3674402167527  -4.668813616826455  -113.23114824476289  -504.0147952846596  -574.8645398032808  80.89037869309077  -170.14202186826486  -158.84712591405236  -95.63252360338998  -25.046629487081162  -37.12201028597815  -58.51052533035576  -128.3723345465067  -170.69203780961703  35.944844576353645  -56.392015937053145  -40.47926525867558  19.880552689972887  -162.71321139126997  -94.84793733012762  27.499352861278396  16.28394343250197  -138.7729515279584  -38.13506881771312  82.38700815692106  -596.0921480523862  41.61685374590317  -175.75849277540146  -147.93020826640594  -153.04536943066876  -115.21771943570596  -15.926455384956114  25.54827285251467  -126.01547769033203  -17.373533329757578  -93.90560817408002  -587.6157394991444  -126.95396404886966  -149.66050760830166  18.107382863709162  -72.63724984846368  73.52857681636874  -11.533580639429829  -501.03723287498633  
344.7471816070044  501.4032504925582  234.82304039356455  482.09589362310203  0.0  498.43120687942303  319.07527651102345  366.72845340634933  477.42708000627556  368.86474537833914  -21.918901661557584  -92.76864618017873  562.9862723161928  311.95387175483717  323.2487677090497  386.46337001971204  457.04926413602084  444.9738833371239  423.58536829274624  353.72355907659534  311.403855813485  518.0407381994556  425.7038776860489  441.61662836442645  501.9764463130749  319.38268223183206  387.24795629297444  509.5952464843804  498.379837055604  343.3229420951436  443.96082480538894  564.4829017800231  -113.99625442928414  523.7127473690052  306.33740084770056  334.1656853566961  329.0505241924333  366.8781741873961  466.1694382381459  507.6441664756167  356.08041593277  464.7223602933444  388.190285449022  -105.51984587604238  355.14192957423234  332.4353860148004  500.2032764868112  409.45864377463835  555.6244704394708  470.5623129836722  -18.9413392518843  
-153.68402527241864  2.9720436131351704  -263.6081664858585  -16.335313256320987  -498.43120687942303  0.0  -179.35593036839958  -131.7027534730737  -21.00412687314744  -129.5664615010839  -520.3501085409806  -591.1998530596018  64.55506543676978  -186.47733512458586  -175.18243917037336  -111.96783685971097  -41.38194274340215  -53.457323542299136  -74.84583858667675  -144.7076478028277  -187.02735106593803  19.60953132003266  -72.72732919337413  -56.81457851499657  3.5452394336519006  -179.04852464759097  -111.18325058644861  11.16403960495741  -0.05136982381901589  -155.1082647842794  -54.470382074034106  66.05169490060007  -612.4274613087072  25.281540489582184  -192.09380603172247  -164.26552152272694  -169.38068268698976  -131.55303269202693  -32.2617686412771  9.212959596193684  -142.35079094665304  -33.708846586078565  -110.240921430401  -603.9510527554654  -143.28927730519064  -165.99582086462266  1.7720696073881754  -88.97256310478467  57.19326356004775  -27.868893895750816  -517.3725461313073  
25.671905095980946  182.32797398153474  -84.25223611745889  163.02061711207858  -319.07527651102345  179.35593036839958  0.0  47.653176895325885  158.3518034952521  49.78946886731569  -340.99417817258103  -411.8439226912022  243.91099580516934  -7.12140475618628  4.173491198026227  67.3880935086886  137.97398762499742  125.89860682610043  104.51009178172282  34.64828256557189  -7.671420697538451  198.96546168843224  106.62860117502544  122.541351853403  182.90116980205147  0.3074057208086174  68.17267978195096  190.51996997335698  179.30456054458057  24.24766558412017  124.88554829436546  245.40762526899965  -433.0715309403076  204.63747085798175  -12.737875663322882  15.090408845672641  9.975247681409826  47.80289767637262  147.09416172712247  188.56888996459327  37.00513942174655  145.647083782321  69.11500893799857  -424.5951223870658  36.06665306320892  13.360109503776926  181.12799997578776  90.3833672636149  236.54919392844732  151.48703647264875  -338.01661576290775  
-21.98127179934494  134.67479708620886  -131.90541301278478  115.3674402167527  -366.72845340634933  131.7027534730737  -47.653176895325885  0.0  110.69862659992624  2.136291971989806  -388.6473550679069  -459.49709958652807  196.25781890984345  -54.774581651512165  -43.47968569729966  19.734916613362714  90.32081072967154  78.24542993077455  56.856914886396936  -13.004894329753995  -55.324597592864336  151.31228479310636  58.97542427969955  74.88817495807712  135.24799290672559  -47.34577117451727  20.519502886625077  142.8667930780311  131.65138364925468  -23.405511311205714  77.23237139903958  197.75444837367377  -480.72470783563347  156.98429396265587  -60.39105255864877  -32.56276804965324  -37.67792921391606  0.1497207810467387  99.44098483179658  140.91571306926738  -10.648037473579336  97.99390688699512  21.461832042672683  -472.2482992823917  -11.586523832116967  -34.29306739154896  133.47482308046187  42.730190368289016  188.89601703312144  103.83385957732287  -385.66979265823363  
-132.67989839927117  23.976170486282612  -242.604039612711  4.668813616826455  -477.42708000627556  21.00412687314744  -158.3518034952521  -110.69862659992624  0.0  -108.56233462793644  -499.34598166783314  -570.1957261864543  85.55919230991722  -165.4732082514384  -154.1783122972259  -90.96370998656353  -20.377815870254707  -32.453196669151694  -53.84171171352931  -123.70352092968024  -166.02322419279056  40.6136581931801  -51.72320232022669  -35.81045164184913  24.549366306799342  -158.0443977744435  -90.17912371330117  32.16816647810485  20.952757049328426  -134.10413791113194  -33.466255200886664  87.05582177374751  -591.4233344355597  46.285667362729626  -171.089679158575  -143.26139464957947  -148.3765558138423  -110.5489058188795  -11.257641768129659  30.217086469341126  -121.34666407350558  -12.704719712931123  -89.23679455725356  -582.9469258823179  -122.28515043204321  -144.9916939914752  22.776196480535617  -67.96843623163723  78.19739043319518  -6.864767022603374  -496.36841925815986  
-24.117563771334744  132.53850511421905  -134.04170498477458  113.23114824476289  -368.86474537833914  129.5664615010839  -49.78946886731569  -2.136291971989806  108.56233462793644  0.0  -390.7836470398967  -461.63339155851787  194.12152693785364  -56.91087362350197  -45.615977669289464  17.598624641372908  88.18451875768173  76.10913795878474  54.72062291440713  -15.1411863017438  -57.46088956485414  149.17599282111655  56.83913230770975  72.75188298608731  133.11170093473578  -49.48206314650707  18.38321091463527  140.7305011060413  129.51509167726488  -25.54180328319552  75.09607942704977  195.61815640168396  -482.8609998076233  154.84800199066606  -62.52734453063857  -34.69906002164305  -39.814221185905865  -1.9865711909430672  97.30469285980678  138.77942109727758  -12.784329445569142  95.85761491500531  19.325540070682877  -474.3845912543815  -13.722815804106773  -36.429359363538765  131.33853110847207  40.59389839629921  186.75972506113163  101.69756760533306  -387.80608463022344  
366.666083268562  523.3221521541158  256.74194205512214  504.0147952846596  21.918901661557584  520.3501085409806  340.99417817258103  388.6473550679069  499.34598166783314  390.7836470398967  0.0  -70.84974451862115  584.9051739777503  333.87277341639475  345.16766937060726  408.38227168126963  478.9681657975784  466.89278499868146  445.5042699543038  375.6424607381529  333.3227574750426  539.9596398610132  447.62277934760647  463.53553002598403  523.8953479746325  341.30158389338965  409.166857954532  531.514148145938  520.2987387171615  365.2418437567012  465.8797264669465  586.4018034415807  -92.07735276772655  545.6316490305628  328.25630250925815  356.08458701825367  350.96942585399086  388.7970758489537  488.0883398997035  529.5630681371742  377.9993175943276  486.641261954902  410.10918711057957  -83.6009442144848  377.0608312357899  354.35428767635796  522.1221781483688  431.37754543619593  577.5433721010284  492.4812146452298  2.9775624096732827  
437.5158277871831  594.1718966727369  327.5916865737433  574.8645398032808  92.76864618017873  591.1998530596018  411.8439226912022  459.49709958652807  570.1957261864543  461.63339155851787  70.84974451862115  0.0  655.7549184963715  404.7225179350159  416.0174138892284  479.2320161998908  549.8179103161996  537.7425295173026  516.354014472925  446.49220525677407  404.17250199366373  610.8093843796344  518.4725238662277  534.3852745446052  594.7450924932537  412.1513284120108  480.01660247315317  602.3638926645592  591.1484832357827  436.09158827532235  536.7294709855677  657.2515479602018  -21.2276082491054  616.481393549184  399.1060470278793  426.9343315368748  421.819170372612  459.64682036757483  558.9380844183247  600.4128126557954  448.84906211294873  557.4910064735232  480.9589316292007  -12.751199695863647  447.91057575441107  425.2040321949791  592.9719226669899  502.2272899548171  648.3931166196495  563.3309591638509  73.82730692829443  
-218.2390907091884  -61.58302182363461  -328.16323192262826  -80.89037869309077  -562.9862723161928  -64.55506543676978  -243.91099580516934  -196.25781890984345  -85.55919230991722  -194.12152693785364  -584.9051739777503  -655.7549184963715  0.0  -251.03240056135562  -239.7375046071431  -176.52290229648074  -105.93700818017193  -118.01238897906892  -139.40090402344651  -209.26271323959745  -251.5824165027078  -44.94553411673712  -137.2823946301439  -121.36964395176635  -61.00982600311788  -243.60359008436072  -175.73831602321837  -53.39102583181237  -64.6064352605888  -219.66333022104916  -119.02544751080389  1.496629463830292  -676.9825267454769  -39.273524947187596  -256.64887146849225  -228.8205869594967  -233.9357481237595  -196.1080981287967  -96.81683407804688  -55.342105840576096  -206.9058563834228  -98.26391202284834  -174.79598686717077  -668.5061181922351  -207.84434274196042  -230.5508863013924  -62.782995829381605  -153.52762854155444  -7.36180187672203  -92.4239593325206  -581.927611568077  
32.793309852167226  189.44937873772102  -77.13083136127261  170.14202186826486  -311.95387175483717  186.47733512458586  7.12140475618628  54.774581651512165  165.4732082514384  56.91087362350197  -333.87277341639475  -404.7225179350159  251.03240056135562  0.0  11.294895954212507  74.50949826487488  145.0953923811837  133.0200115822867  111.6314965379091  41.76968732175817  -0.5500159413521715  206.08686644461852  113.75000593121172  129.66275660958928  190.02257455823775  7.428810476994897  75.29408453813724  197.64137472954326  186.42596530076685  31.36907034030645  132.00695305055174  252.52903002518593  -425.9501261841213  211.75887561416803  -5.616470907136602  22.21181360185892  17.096652437596106  54.9243024325589  154.21556648330875  195.69029472077955  44.12654417793283  152.76848853850728  76.23641369418485  -417.47371763087955  43.1880578193952  20.481514259963205  188.24940473197404  97.50477201980118  243.6705986846336  158.60844122883503  -330.89521100672147  
21.49841389795472  178.1544827835085  -88.42572731548512  158.84712591405236  -323.2487677090497  175.18243917037336  -4.173491198026227  43.47968569729966  154.1783122972259  45.615977669289464  -345.16766937060726  -416.0174138892284  239.7375046071431  -11.294895954212507  0.0  63.21460231066237  133.8004964269712  121.7251156280742  100.3366005836966  30.474791367545663  -11.844911895564678  194.79197049040602  102.45510997699921  118.36786065537677  178.72767860402524  -3.8660854772176094  63.999188583924735  186.34647877533075  175.13106934655434  20.074174386093944  120.71205709633924  241.23413407097343  -437.2450221383338  200.46397965995553  -16.91136686134911  10.916917647646414  5.801756483383599  43.6294064783464  142.92067052909624  184.39539876656704  32.83164822372032  141.47359258429478  64.94151773997234  -428.76861358509206  31.89316186518269  9.186618305750699  176.95450877776153  86.20987606558867  232.3757027304211  147.31354527462253  -342.190106960934  
-41.71618841270765  114.93988047284614  -151.6403296261475  95.63252360338998  -386.46337001971204  111.96783685971097  -67.3880935086886  -19.734916613362714  90.96370998656353  -17.598624641372908  -408.38227168126963  -479.2320161998908  176.52290229648074  -74.50949826487488  -63.21460231066237  0.0  70.58589411630882  58.510513317411835  37.12199827303422  -32.73981094311671  -75.05951420622705  131.57736817974364  39.24050766633684  55.1532583447144  115.51307629336287  -67.08068778787998  0.784586273262363  123.13187646466838  111.91646703589196  -43.14042792456843  57.497454785676865  178.01953176031105  -500.4596244489962  137.24937734929316  -80.12596917201148  -52.29768466301596  -57.41284582727877  -19.585195832315975  79.70606821843387  121.18079645590466  -30.38295408694205  78.2589902736324  1.7269154293099689  -491.9832158957544  -31.32144044547968  -54.02798400491167  113.73990646709915  22.995273754926302  169.16110041975872  84.09894296396016  -405.40470927159635  
-112.30208252901647  44.35398635653732  -222.2262237424563  25.046629487081162  -457.04926413602084  41.38194274340215  -137.97398762499742  -90.32081072967154  20.377815870254707  -88.18451875768173  -478.9681657975784  -549.8179103161996  105.93700818017193  -145.0953923811837  -133.8004964269712  -70.58589411630882  0.0  -12.075380798896987  -33.4638958432746  -103.32570505942553  -145.64540832253587  60.99147406343481  -31.345386449971983  -15.43263577159442  44.92718217705405  -137.6665819041888  -69.80130784304646  52.54598234835956  41.33057291958313  -113.72632204087725  -13.088439330631957  107.43363764400222  -571.045518565305  66.66348323298433  -150.7118632883203  -122.88357877932478  -127.9987399435876  -90.1710899486248  9.120174102125048  50.59490233959583  -100.96884820325087  7.6730961573235845  -68.85897868699885  -562.5691100120632  -101.9073345617885  -124.6138781212205  43.154012350790325  -47.59062036138252  98.5752063034499  13.513048847651334  -475.99060338790514  
-100.22670173011949  56.429367155434306  -210.15084294355933  37.12201028597815  -444.9738833371239  53.457323542299136  -125.89860682610043  -78.24542993077455  32.453196669151694  -76.10913795878474  -466.89278499868146  -537.7425295173026  118.01238897906892  -133.0200115822867  -121.7251156280742  -58.510513317411835  12.075380798896987  0.0  -21.388515044377613  -91.25032426052854  -133.57002752363888  73.0668548623318  -19.270005651074996  -3.357254972697433  57.00256297595104  -125.59120110529182  -57.72592704414947  64.62136314725655  53.40595371848012  -101.65094124198026  -1.0130585317349698  119.5090184428992  -558.970137766408  78.73886403188132  -138.63648248942332  -110.80819798042779  -115.92335914469061  -78.09570914972781  21.195554901022035  62.67028313849282  -88.89346740435388  19.74847695622057  -56.783597888101866  -550.4937292131663  -89.83195376289152  -112.53849732232351  55.22939314968731  -35.51523956248553  110.65058710234689  25.58842964654832  -463.9152225890082  
-78.83818668574187  77.81788219981192  -188.7623278991817  58.51052533035576  -423.58536829274624  74.84583858667675  -104.51009178172282  -56.856914886396936  53.84171171352931  -54.72062291440713  -445.5042699543038  -516.354014472925  139.40090402344651  -111.6314965379091  -100.3366005836966  -37.12199827303422  33.4638958432746  21.388515044377613  0.0  -69.86180921615093  -112.18151247926127  94.45536990670941  2.1185093933026167  18.03126007168018  78.39107802032865  -104.2026860609142  -36.33741199977186  86.00987819163416  74.79446876285773  -80.26242619760265  20.375456512642643  140.8975334872768  -537.5816227220304  100.12737907625893  -117.2479674450457  -89.41968293605018  -94.534844100313  -56.7071941053502  42.58406994539965  84.05879818287043  -67.50495235997627  41.136992000598184  -35.39508284372425  -529.1052141687886  -68.4434387185139  -91.1499822779459  76.61790819406492  -14.12672451810792  132.0391021467245  46.97694469092593  -442.52670754463054  
-8.976377469590943  147.67969141596285  -118.90051868303078  128.3723345465067  -353.72355907659534  144.7076478028277  -34.64828256557189  13.004894329753995  123.70352092968024  15.1411863017438  -375.6424607381529  -446.49220525677407  209.26271323959745  -41.76968732175817  -30.474791367545663  32.73981094311671  103.32570505942553  91.25032426052854  69.86180921615093  0.0  -42.31970326311034  164.31717912286035  71.98031860945355  87.89306928783111  148.25288723647958  -34.34087684476327  33.52439721637907  155.8716874077851  144.65627797900868  -10.40061698145172  90.23726572879357  210.75934270342776  -467.7198135058795  169.98918829240986  -47.38615822889477  -19.55787371989925  -24.673034884162064  13.154615110800734  112.44587916155058  153.92060739902138  2.356856856174659  110.99880121674911  34.46672637242668  -459.2434049526377  1.418370497637028  -21.288173061794964  146.47971741021587  55.73508469804301  201.90091136287543  116.83875390707686  -372.66489832847964  
33.3433257935194  189.9993946790732  -76.58081541992044  170.69203780961703  -311.403855813485  187.02735106593803  7.671420697538451  55.324597592864336  166.02322419279056  57.46088956485414  -333.3227574750426  -404.17250199366373  251.5824165027078  0.5500159413521715  11.844911895564678  75.05951420622705  145.64540832253587  133.57002752363888  112.18151247926127  42.31970326311034  0.0  206.6368823859707  114.30002187256389  130.21277255094145  190.57259049958992  7.978826418347069  75.84410047948941  198.19139067089543  186.97598124211902  31.919086281658622  132.55696899190391  253.0790459665381  -425.40011024276913  212.3088915555202  -5.06645496578443  22.761829543211093  17.646668378948277  55.474318373911075  154.76558242466092  196.24031066213172  44.676560119285  153.31850447985946  76.78642963553702  -416.9237016895274  43.73807376074737  21.031530201315377  188.7994206733262  98.05478796115335  244.22061462598577  159.1584571701872  -330.3451950653693  
-173.2935565924513  -16.63748770689749  -283.21769780589113  -35.944844576353645  -518.0407381994556  -19.60953132003266  -198.96546168843224  -151.31228479310636  -40.6136581931801  -149.17599282111655  -539.9596398610132  -610.8093843796344  44.94553411673712  -206.08686644461852  -194.79197049040602  -131.57736817974364  -60.99147406343481  -73.0668548623318  -94.45536990670941  -164.31717912286035  -206.6368823859707  0.0  -92.33686051340679  -76.42410983502923  -16.064291886380758  -198.65805596762362  -130.79278190648125  -8.44549171507525  -19.660901143851675  -174.71779610431207  -74.07991339406676  46.44216358056741  -632.0369926287398  5.672009169549526  -211.70333735175512  -183.8750528427596  -188.99021400702242  -151.1625640120596  -51.87129996130976  -10.396571723838974  -161.9603222666857  -53.31837790611122  -129.85045275043365  -623.560584075498  -162.8988086252233  -185.60535218465532  -17.837461712644483  -108.58209442481733  37.58373224001509  -47.478425215783474  -536.9820774513399  
-80.95669607904449  75.6993728065093  -190.88083729248433  56.392015937053145  -425.7038776860489  72.72732919337413  -106.62860117502544  -58.97542427969955  51.72320232022669  -56.83913230770975  -447.62277934760647  -518.4725238662277  137.2823946301439  -113.75000593121172  -102.45510997699921  -39.24050766633684  31.345386449971983  19.270005651074996  -2.1185093933026167  -71.98031860945355  -114.30002187256389  92.33686051340679  0.0  15.912750678377563  76.27256862702603  -106.32119545421682  -38.455921393074476  83.89136879833154  72.67595936955512  -82.38093559090527  18.256947119340026  138.77902409397421  -539.700132115333  98.00886968295632  -119.36647683834832  -91.5381923293528  -96.65335349361561  -58.825703498652814  40.46556055209703  81.94028878956782  -69.62346175327889  39.01848260729557  -37.51359223702687  -531.2237235620912  -70.56194811181652  -93.26849167124851  74.49939880076231  -16.245233911410537  129.9205927534219  44.858435297623316  -444.6452169379332  
-96.86944675742205  59.78662212813174  -206.7935879708619  40.47926525867558  -441.61662836442645  56.81457851499657  -122.541351853403  -74.88817495807712  35.81045164184913  -72.75188298608731  -463.53553002598403  -534.3852745446052  121.36964395176635  -129.66275660958928  -118.36786065537677  -55.1532583447144  15.43263577159442  3.357254972697433  -18.03126007168018  -87.89306928783111  -130.21277255094145  76.42410983502923  -15.912750678377563  0.0  60.35981794864847  -122.23394613259438  -54.36867207145204  67.97861811995398  56.76320869117755  -98.29368626928283  2.344196440962463  122.86627341559664  -555.6128827937106  82.09611900457875  -135.27922751672588  -107.45094300773036  -112.56610417199317  -74.73845417703038  24.552809873719468  66.02753811119025  -85.53621243165645  23.105731928918004  -53.42634291540443  -547.1364742404688  -86.47469879019408  -109.18124234962607  58.586648122384744  -32.1579845897881  114.00784207504432  28.945684619245753  -460.55796761631075  
-157.22926470607052  -0.5731958205167302  -267.15340591951036  -19.880552689972887  -501.9764463130749  -3.5452394336519006  -182.90116980205147  -135.24799290672559  -24.549366306799342  -133.11170093473578  -523.8953479746325  -594.7450924932537  61.00982600311788  -190.02257455823775  -178.72767860402524  -115.51307629336287  -44.92718217705405  -57.00256297595104  -78.39107802032865  -148.25288723647958  -190.57259049958992  16.064291886380758  -76.27256862702603  -60.35981794864847  0.0  -182.59376408124285  -114.72849002010051  7.618800171305509  -3.5966092574709165  -158.6535042179313  -58.01562150768601  62.50645546694817  -615.972700742359  21.736301055930284  -195.63904546537435  -167.81076095637883  -172.92592212064164  -135.09827212567885  -35.807008074929  5.667720162541784  -145.89603038030492  -37.254086019730465  -113.7861608640529  -607.4962921891173  -146.83451673884255  -169.54106029827454  -1.7731698262637252  -92.51780253843657  53.648024126395846  -31.414133329402716  -520.9177855649592  
25.36449937517233  182.02056826072612  -84.55964183826751  162.71321139126997  -319.38268223183206  179.04852464759097  -0.3074057208086174  47.34577117451727  158.0443977744435  49.48206314650707  -341.30158389338965  -412.1513284120108  243.60359008436072  -7.428810476994897  3.8660854772176094  67.08068778787998  137.6665819041888  125.59120110529182  104.2026860609142  34.34087684476327  -7.978826418347069  198.65805596762362  106.32119545421682  122.23394613259438  182.59376408124285  0.0  67.86527406114234  190.21256425254836  178.99715482377195  23.940259863311553  124.57814257355685  245.10021954819103  -433.3789366611162  204.33006513717314  -13.0452813841315  14.783003124864024  9.667841960601208  47.495491955564006  146.78675600631385  188.26148424378465  36.69773370093793  145.3396780615124  68.80760321718995  -424.90252810787445  35.7592473424003  13.052703782968308  180.82059425497914  90.07596154280628  236.2417882076387  151.17963075184014  -338.32402148371636  
-42.500774685970015  114.15529419958378  -152.42491589940985  94.84793733012762  -387.24795629297444  111.18325058644861  -68.17267978195096  -20.519502886625077  90.17912371330117  -18.38321091463527  -409.166857954532  -480.01660247315317  175.73831602321837  -75.29408453813724  -63.999188583924735  -0.784586273262363  69.80130784304646  57.72592704414947  36.33741199977186  -33.52439721637907  -75.84410047948941  130.79278190648125  38.455921393074476  54.36867207145204  114.72849002010051  -67.86527406114234  0.0  122.34729019140602  111.13188076262959  -43.92501419783079  56.7128685124145  177.23494548704866  -501.2442107222586  136.4647910760308  -80.91055544527384  -53.08227093627832  -58.197432100541135  -20.369782105578338  78.92148194517151  120.39621018264229  -31.167540360204413  77.47440400037004  0.9423291560476059  -492.7678021690168  -32.106026718742044  -54.812570278174036  112.95532019383678  22.21068748166394  168.37651414649636  83.31435669069779  -406.18929554485874  
-164.84806487737603  -8.191995991822239  -274.77220609081587  -27.499352861278396  -509.5952464843804  -11.16403960495741  -190.51996997335698  -142.8667930780311  -32.16816647810485  -140.7305011060413  -531.514148145938  -602.3638926645592  53.39102583181237  -197.64137472954326  -186.34647877533075  -123.13187646466838  -52.54598234835956  -64.62136314725655  -86.00987819163416  -155.8716874077851  -198.19139067089543  8.44549171507525  -83.89136879833154  -67.97861811995398  -7.618800171305509  -190.21256425254836  -122.34729019140602  0.0  -11.215409428776425  -166.2723043892368  -65.63442167899152  54.88765529564266  -623.5915009136645  14.117500884624775  -203.25784563667986  -175.42956112768434  -180.54472229194715  -142.71707229698436  -43.42580824623451  -1.951080008763725  -153.51483055161043  -44.872886191035974  -121.40496103535841  -615.1150923604228  -154.45331691014806  -177.15986046958005  -9.391969997569234  -100.13660270974208  46.02922395509034  -39.032933500708225  -528.5365857362647  
-153.63265544859962  3.0234134369541863  -263.55679666203946  -16.28394343250197  -498.379837055604  0.05136982381901589  -179.30456054458057  -131.65138364925468  -20.952757049328426  -129.51509167726488  -520.2987387171615  -591.1484832357827  64.6064352605888  -186.42596530076685  -175.13106934655434  -111.91646703589196  -41.33057291958313  -53.40595371848012  -74.79446876285773  -144.65627797900868  -186.97598124211902  19.660901143851675  -72.67595936955512  -56.76320869117755  3.5966092574709165  -178.99715482377195  -111.13188076262959  11.215409428776425  0.0  -155.0568949604604  -54.41901225021509  66.10306472441908  -612.3760914848881  25.3329103134012  -192.04243620790345  -164.21415169890793  -169.32931286317074  -131.50166286820792  -32.210398817458085  9.2643294200127  -142.29942112283402  -33.65747676225955  -110.18955160658199  -603.8996829316463  -143.23790748137162  -165.94445104080364  1.8234394312071913  -88.92119328096565  57.24463338386676  -27.8175240719318  -517.3211763074883  
1.424239511860776  158.08030839741457  -108.49990170157906  138.7729515279584  -343.3229420951436  155.1082647842794  -24.24766558412017  23.405511311205714  134.10413791113194  25.54180328319552  -365.2418437567012  -436.09158827532235  219.66333022104916  -31.36907034030645  -20.074174386093944  43.14042792456843  113.72632204087725  101.65094124198026  80.26242619760265  10.40061698145172  -31.919086281658622  174.71779610431207  82.38093559090527  98.29368626928283  158.6535042179313  -23.940259863311553  43.92501419783079  166.2723043892368  155.0568949604604  0.0  100.6378827102453  221.15995968487948  -457.31919652442775  180.38980527386158  -36.98554124744305  -9.15725673844753  -14.272417902710345  23.555232092252453  122.8464961430023  164.3212243804731  12.757473837626378  121.39941819820083  44.8673433538784  -448.842787971186  11.818987479088747  -10.887556080343245  156.8803343916676  66.13570167949473  212.30152834432715  127.23937088852858  -362.2642813470279  
-99.21364319838452  57.442425687169276  -209.13778441182436  38.13506881771312  -443.96082480538894  54.470382074034106  -124.88554829436546  -77.23237139903958  33.466255200886664  -75.09607942704977  -465.8797264669465  -536.7294709855677  119.02544751080389  -132.00695305055174  -120.71205709633924  -57.497454785676865  13.088439330631957  1.0130585317349698  -20.375456512642643  -90.23726572879357  -132.55696899190391  74.07991339406676  -18.256947119340026  -2.344196440962463  58.01562150768601  -124.57814257355685  -56.7128685124145  65.63442167899152  54.41901225021509  -100.6378827102453  0.0  120.52207697463417  -557.9570792346731  79.75192256361629  -137.62342395768835  -109.79513944869282  -114.91030061295564  -77.08265061799284  22.208613432757005  63.68334167022779  -87.88040887261891  20.76153548795554  -55.770539356366896  -549.4806706814313  -88.81889523115655  -111.52543879058854  56.24245168142228  -34.50218103075056  111.66364563408186  26.60148817828329  -462.90216405727324  
-219.7357201730187  -63.0796512874649  -329.65986138645854  -82.38700815692106  -564.4829017800231  -66.05169490060007  -245.40762526899965  -197.75444837367377  -87.05582177374751  -195.61815640168396  -586.4018034415807  -657.2515479602018  -1.496629463830292  -252.52903002518593  -241.23413407097343  -178.01953176031105  -107.43363764400222  -119.5090184428992  -140.8975334872768  -210.75934270342776  -253.0790459665381  -46.44216358056741  -138.77902409397421  -122.86627341559664  -62.50645546694817  -245.10021954819103  -177.23494548704866  -54.88765529564266  -66.10306472441908  -221.15995968487948  -120.52207697463417  0.0  -678.4791562093072  -40.770154411017884  -258.14550093232253  -230.317216423327  -235.43237758758983  -197.604727592627  -98.31346354187717  -56.838735304406384  -208.4024858472531  -99.76054148667863  -176.29261633100106  -670.0027476560655  -209.3409722057907  -232.04751576522273  -64.2796252932119  -155.02425800538475  -8.858431340552322  -93.92058879635088  -583.4242410319074  
458.74343603628853  615.3995049218423  348.8192948228487  596.0921480523862  113.99625442928414  612.4274613087072  433.0715309403076  480.72470783563347  591.4233344355597  482.8609998076233  92.07735276772655  21.2276082491054  676.9825267454769  425.9501261841213  437.2450221383338  500.4596244489962  571.045518565305  558.970137766408  537.5816227220304  467.7198135058795  425.40011024276913  632.0369926287398  539.700132115333  555.6128827937106  615.972700742359  433.3789366611162  501.2442107222586  623.5915009136645  612.3760914848881  457.31919652442775  557.9570792346731  678.4791562093072  0.0  637.7090017982894  420.3336552769847  448.1619397859802  443.0467786217174  480.87442861668023  580.16569266743  621.6404209049008  470.07667036205413  578.7186147226286  502.1865398783061  8.476408553241754  469.13818400351647  446.4316404440845  614.1995309160953  523.4548982039225  669.6207248687549  584.5585674129563  95.05491517739983  
-178.9655657620008  -22.309496876447014  -288.8897069754406  -41.61685374590317  -523.7127473690052  -25.281540489582184  -204.63747085798175  -156.98429396265587  -46.285667362729626  -154.84800199066606  -545.6316490305628  -616.481393549184  39.273524947187596  -211.75887561416803  -200.46397965995553  -137.24937734929316  -66.66348323298433  -78.73886403188132  -100.12737907625893  -169.98918829240986  -212.3088915555202  -5.672009169549526  -98.00886968295632  -82.09611900457875  -21.736301055930284  -204.33006513717314  -136.4647910760308  -14.117500884624775  -25.3329103134012  -180.38980527386158  -79.75192256361629  40.770154411017884  -637.7090017982894  0.0  -217.37534652130464  -189.5470620123091  -194.66222317657193  -156.83457318160913  -57.543309130859285  -16.0685808933885  -167.6323314362352  -58.99038707566075  -135.5224619199832  -629.2325932450476  -168.57081779477284  -191.27736135420483  -23.50947088219401  -114.25410359436685  31.911723070465563  -53.150434385333  -542.6540866208895  
38.40978075930383  195.06584964485762  -71.51436045413601  175.75849277540146  -306.33740084770056  192.09380603172247  12.737875663322882  60.39105255864877  171.089679158575  62.52734453063857  -328.25630250925815  -399.1060470278793  256.64887146849225  5.616470907136602  16.91136686134911  80.12596917201148  150.7118632883203  138.63648248942332  117.2479674450457  47.38615822889477  5.06645496578443  211.70333735175512  119.36647683834832  135.27922751672588  195.63904546537435  13.0452813841315  80.91055544527384  203.25784563667986  192.04243620790345  36.98554124744305  137.62342395768835  258.14550093232253  -420.3336552769847  217.37534652130464  0.0  27.828284508995523  22.713123344732708  60.540773339695505  159.83203739044535  201.30676562791615  49.74301508506943  158.3849594456439  81.85288460132145  -411.85724672374295  48.8045287265318  26.097985167099807  193.86587563911064  103.12124292693778  249.2870695917702  164.22491213597164  -325.27874009958487  
10.581496250308305  167.2375651358621  -99.34264496313153  147.93020826640594  -334.1656853566961  164.26552152272694  -15.090408845672641  32.56276804965324  143.26139464957947  34.69906002164305  -356.08458701825367  -426.9343315368748  228.8205869594967  -22.21181360185892  -10.916917647646414  52.29768466301596  122.88357877932478  110.80819798042779  89.41968293605018  19.55787371989925  -22.761829543211093  183.8750528427596  91.5381923293528  107.45094300773036  167.81076095637883  -14.783003124864024  53.08227093627832  175.42956112768434  164.21415169890793  9.15725673844753  109.79513944869282  230.317216423327  -448.1619397859802  189.5470620123091  -27.828284508995523  0.0  -5.115161164262815  32.71248883069998  132.00375288144983  173.47848111892063  21.914730576073907  130.55667493664836  54.024600092325926  -439.68553123273847  20.976244217536276  -1.7302993418957158  166.03759113011512  75.29295841794226  221.45878508277468  136.3966276269761  -353.1070246085804  
15.69665741457112  172.3527263001249  -94.22748379886872  153.04536943066876  -329.0505241924333  169.38068268698976  -9.975247681409826  37.67792921391606  148.3765558138423  39.814221185905865  -350.96942585399086  -421.819170372612  233.9357481237595  -17.096652437596106  -5.801756483383599  57.41284582727877  127.9987399435876  115.92335914469061  94.534844100313  24.673034884162064  -17.646668378948277  188.99021400702242  96.65335349361561  112.56610417199317  172.92592212064164  -9.667841960601208  58.197432100541135  180.54472229194715  169.32931286317074  14.272417902710345  114.91030061295564  235.43237758758983  -443.0467786217174  194.66222317657193  -22.713123344732708  5.115161164262815  0.0  37.8276499949628  137.11891404571264  178.59364228318344  27.029891740336723  135.67183610091118  59.13976125658874  -434.57037006847565  26.091405381799092  3.3848618223670996  171.15275229437793  80.40811958220507  226.5739462470375  141.51178879123893  -347.9918634443176  
-22.130992580391677  134.52507630516212  -132.05513379383152  115.21771943570596  -366.8781741873961  131.55303269202693  -47.80289767637262  -0.1497207810467387  110.5489058188795  1.9865711909430672  -388.7970758489537  -459.64682036757483  196.1080981287967  -54.9243024325589  -43.6294064783464  19.585195832315975  90.1710899486248  78.09570914972781  56.7071941053502  -13.154615110800734  -55.474318373911075  151.1625640120596  58.825703498652814  74.73845417703038  135.09827212567885  -47.495491955564006  20.369782105578338  142.71707229698436  131.50166286820792  -23.555232092252453  77.08265061799284  197.604727592627  -480.87442861668023  156.83457318160913  -60.540773339695505  -32.71248883069998  -37.8276499949628  0.0  99.29126405074985  140.76599228822062  -10.797758254626075  97.84418610594838  21.312111261625944  -472.3980200634385  -11.736244613163706  -34.4427881725957  133.3251022994151  42.58046958724228  188.7462962520747  103.68413879627613  -385.8195134392804  
