Height_Data

node	height
0	76.46647838076638
1	108.04881378581986
2	115.36775825245559
3	75.25217604629361
4	70.13370001378641
5	71.28995824141475
6	387.43603785764935
7	249.09996319066502
8	85.02954862024265
9	194.70840036282752
10	50.55335602742279
11	60.71451138123386
12	206.7784455188793
13	189.56985747611978
14	114.29449349430458
15	75.37252977461176
16	36.660697592872204
17	259.01722469827007
18	160.7501184608989
19	67.69167529080386
20	203.0260645461966
21	125.86787393292482
22	412.05464003477795
23	54.110343123146755
24	119.87888522563391
25	162.21847743297653
26	79.87229154864586
27	152.63573988790844
28	189.89558859617114
29	110.78738181568968
30	150.6025922272935
31	124.14519695616063
32	190.25147298508787
33	135.53316254100795
34	79.97841253266782
35	56.465531100546656
36	132.57722783605578
37	55.76168439324613
38	91.64004158184068
39	149.8055869103686
40	211.50786149575626
41	41.00024723979896
42	224.70329836655034
43	156.4265002475284
44	80.92333815062553
45	101.56384259853802
46	119.75645250854278
47	147.23280879179995
48	83.74916622278089
49	200.41077700068823
50	101.0196142472311



height_matrix
0.0  -63.16467081010697  -77.80255974337842  2.4286046689455247  12.665556733959932  10.353040278703247  -621.939118953766  -345.2669696197973  -17.12614047895255  -236.4838439641223  51.82624470668718  31.503933999065026  -260.62393427622584  -226.2067581907068  -75.6560302270764  2.187897212309224  79.61156157578834  -365.1014926350074  -168.56728016026506  17.549606179925036  -253.11917233086047  -98.8027911043169  -671.1763233080231  44.71227051523924  -86.82481368973507  -171.5039981044203  -6.811626335758973  -152.33852301428414  -226.85822043080952  -68.64180686984662  -148.27222769305428  -95.35743715078851  -227.569989208643  -118.13336832048316  -7.023868303802885  40.00189456043944  -112.22149891057882  41.409587975040495  -30.347126402148604  -146.67821705920443  -270.08276622997977  70.93246228193483  -296.47363997156793  -159.92004373352404  -8.9137195397183  -50.19472843554328  -86.57994825555281  -141.53266082206716  -14.565375684029021  -247.8885972398437  -49.10627173292946  
63.16467081010697  0.0  -14.637888933271455  65.5932754790525  75.8302275440669  73.51771108881022  -558.774448143659  -282.1022988096903  46.03853033115442  -173.31917315401532  114.99091551679415  94.668604809172  -197.45926346611887  -163.04208738059984  -12.49135941696943  65.3525680224162  142.7762323858953  -301.93682182490045  -105.40260935015809  80.714276990032  -189.9545015207535  -35.638120294209926  -608.0116524979162  107.87694132534621  -23.660142879628097  -108.33932729431334  56.353044474347996  -89.17385220417717  -163.69354962070256  -5.4771360597396495  -85.1075568829473  -32.192766340681544  -164.40531839853602  -54.96869751037619  56.140802506304084  103.16656537054641  -49.05682810047185  104.57425878514746  32.817544407958366  -83.51354624909746  -206.9180954198728  134.09713309204182  -233.30896916146096  -96.75537292341707  54.25095127038867  12.969942374563686  -23.415277445445838  -78.36799001196019  48.59929512607795  -184.72392642973674  14.058399077177512  
77.80255974337842  14.637888933271455  0.0  80.23116441232395  90.46811647733836  88.15560002208167  -544.1365592103875  -267.46440987641887  60.676419264425874  -158.68128422074386  129.62880445006562  109.30649374244345  -182.82137453284741  -148.40419844732838  2.1465295163020244  79.99045695568765  157.41412131916678  -287.29893289162897  -90.76472041688663  95.35216592330346  -175.31661258748204  -21.00023136093847  -593.3737635646447  122.51483025861766  -9.022253946356642  -93.70143836104188  70.99093340761945  -74.53596327090571  -149.0556606874311  9.160752873531806  -70.46966794967585  -17.55487740741009  -149.76742946526457  -40.33080857710473  70.77869143957554  117.80445430381786  -34.41893916720039  119.21214771841892  47.45543334122982  -68.875657315826  -192.28020648660134  148.73502202531324  -218.6710802281895  -82.11748399014562  68.88884020366012  27.60783130783514  -8.777388512174383  -63.73010107868873  63.2371840593494  -170.08603749646528  28.696288010448967  
-2.4286046689455247  -65.5932754790525  -80.23116441232395  0.0  10.236952065014407  7.924435609757722  -624.3677236227115  -347.6955742887428  -19.554745147898075  -238.9124486330678  49.39764003774165  29.0753293301195  -263.05253894517136  -228.63536285965233  -78.08463489602192  -0.24070745663630078  77.18295690684282  -367.5300973039529  -170.99588482921058  15.12100151097951  -255.547776999806  -101.23139577326242  -673.6049279769686  42.283665846293715  -89.25341835868059  -173.93260277336583  -9.240231004704498  -154.76712768322966  -229.28682509975505  -71.07041153879214  -150.7008323619998  -97.78604181973404  -229.99859387758852  -120.56197298942868  -9.45247297274841  37.573289891493914  -114.65010357952434  38.98098330609497  -32.77573107109413  -149.10682172814995  -272.5113708989253  68.50385761298931  -298.90224464051346  -162.34864840246956  -11.342324208663825  -52.62333310448881  -89.00855292449833  -143.96126549101268  -16.993980352974546  -250.31720190878923  -51.53487640187498  
-12.665556733959932  -75.8302275440669  -90.46811647733836  -10.236952065014407  0.0  -2.3125164552566844  -634.6046756877258  -357.9325263537572  -29.79169721291248  -249.14940069808222  39.160687972727246  18.838377265105095  -273.28949101018577  -238.87231492466674  -88.32158696103633  -10.477659521650708  66.94600484182841  -377.7670493689673  -181.232836894225  4.884049445965104  -265.7847290648204  -111.46834783827683  -683.8418800419831  32.04671378127931  -99.490370423695  -184.16955483838024  -19.477183069718905  -165.00407974824407  -239.52377716476946  -81.30736360380655  -160.9377844270142  -108.02299388474844  -240.23554594260293  -130.7989250544431  -19.689425037762817  27.336337826479507  -124.88705564453875  28.744031241080563  -43.012683136108535  -159.34377379316436  -282.7483229639397  58.2669055479749  -309.13919670552787  -172.58560046748397  -21.579276273678232  -62.860285169503214  -99.24550498951274  -154.1982175560271  -27.230932417988953  -260.55415397380364  -61.77182846688939  
-10.353040278703247  -73.51771108881022  -88.15560002208167  -7.924435609757722  2.3125164552566844  0.0  -632.2921592324692  -355.62000989850054  -27.479180757655797  -246.83688424282553  41.47320442798393  21.15089372036178  -270.9769745549291  -236.55979846941005  -86.00907050577965  -8.165143066394023  69.2585212970851  -375.45453291371064  -178.9203204389683  7.196565901221788  -263.4722126095637  -109.15583138302014  -681.5293635867264  34.35923023653599  -97.17785396843831  -181.85703838312355  -17.16466661446222  -162.69156329298738  -237.21126070951277  -78.99484714854987  -158.62526797175752  -105.71047742949176  -237.92302948734624  -128.4864085991864  -17.376908582506132  29.64885428173619  -122.57453918928206  31.056547696337248  -40.70016668085185  -157.03125733790768  -280.435806508683  60.579422003231585  -306.8266802502712  -170.2730840122273  -19.266759818421548  -60.54776871424653  -96.93298853425605  -151.8857011007704  -24.91841596273227  -258.24163751854695  -59.459312011632704  
621.939118953766  558.774448143659  544.1365592103875  624.3677236227115  634.6046756877258  632.2921592324692  0.0  276.67214933396866  604.8129784748135  385.45527498964367  673.7653636604531  653.443052952831  361.3151846775401  395.73236076305915  546.2830887266896  624.1270161660752  701.5506805295543  256.83762631875857  453.3718387935009  639.488725133691  368.8199466229055  523.1363278494491  -49.23720435425719  666.6513894690052  535.1143052640309  450.43512084934565  615.127492618007  469.6005959394818  395.08089852295643  553.2973120839193  473.6668912607117  526.5816818029774  394.36912974512296  503.8057506332828  614.9152506499631  661.9410135142055  509.71762004318714  663.3487069288065  591.5919925516173  475.2609018945615  351.8563527237862  692.8715812357008  325.465478982198  462.0190752202419  613.0253994140477  571.7443905182226  535.3591706982131  480.4064581316988  607.3737432697369  374.05052171392225  572.8328472208365  
345.2669696197973  282.1022988096903  267.46440987641887  347.6955742887428  357.9325263537572  355.62000989850054  -276.67214933396866  0.0  328.14082914084474  108.78312565567501  397.0932143264845  376.77090361886235  84.64303534357146  119.06021142909049  269.61093939272087  347.4548668321065  424.87853119558565  -19.834523015210095  176.69968945953224  362.81657579972233  92.14779728893683  246.4641785154804  -325.90935368822585  389.97924013503655  258.4421559300622  173.762971515377  338.45534328403835  192.92844660551316  118.40874918898777  276.6251627499507  196.99474192674302  249.90953246900878  117.6969804111543  227.13360129931414  338.2431013159944  385.26886418023673  233.04547070921848  386.6765575948378  314.9198432176487  198.58875256059287  75.18420338981753  416.1994319017321  48.79332964822936  185.34692588627325  336.35325008007896  295.07224118425404  258.6870213642445  203.73430879773014  330.7015939357683  97.37837237995359  296.16069788686787  
17.12614047895255  -46.03853033115442  -60.676419264425874  19.554745147898075  29.79169721291248  27.479180757655797  -604.8129784748135  -328.14082914084474  0.0  -219.35770348516974  68.95238518563973  48.630074478017576  -243.4977937972733  -209.08061771175426  -58.52988974812385  19.314037691261774  96.7377020547409  -347.97535215605484  -151.4411396813125  34.675746658877586  -235.99303185190792  -81.67665062536435  -654.0501828290705  61.83841099419179  -69.69867321078252  -154.37785762546775  10.314514143193577  -135.21238253533159  -209.73207995185697  -51.51566639089407  -131.14608721410173  -78.23129667183596  -210.44384872969044  -101.00722784153061  10.102272175149665  57.12803503939199  -95.09535843162627  58.535728453993045  -13.220985923196054  -129.55207658025188  -252.95662575102722  88.05860276088738  -279.3474994926154  -142.7939032545715  8.21242093923425  -33.06858795659073  -69.45380777660026  -124.40652034311461  2.5607647949235286  -230.76245676089115  -31.980131253976907  
236.4838439641223  173.31917315401532  158.68128422074386  238.9124486330678  249.14940069808222  246.83688424282553  -385.45527498964367  -108.78312565567501  219.35770348516974  0.0  288.3100886708095  267.98777796318734  -24.140090312103553  10.277085773415479  160.8278137370459  238.6717411764315  316.09540553991064  -128.6176486708851  67.91656380385723  254.03345014404732  -16.63532836673818  137.6810528598054  -434.69247934390086  281.19611447936154  149.65903027438722  64.97984585970198  229.6722176283633  84.14532094983815  9.625623533312762  167.84203709427567  88.21161627106801  141.12640681333377  8.913854755479292  118.35047564363913  229.4599756603194  276.4857385245617  124.26234505354347  277.8934319391628  206.13671756197368  89.80562690491786  -33.59892226585748  307.4163062460571  -59.98979600744565  76.56380023059825  227.57012442440399  186.289115528579  149.90389570856948  94.95118314205513  221.91846828009326  -11.404753275721419  187.37757223119283  
-51.82624470668718  -114.99091551679415  -129.62880445006562  -49.39764003774165  -39.160687972727246  -41.47320442798393  -673.7653636604531  -397.0932143264845  -68.95238518563973  -288.3100886708095  0.0  -20.32231070762215  -312.45017898291303  -278.033002897394  -127.48227493376358  -49.63834749437795  27.785316869101166  -416.9277373416946  -220.39352486695225  -34.27663852676214  -304.94541703754766  -150.6290358110041  -723.0025680147103  -7.113974191447937  -138.65105839642223  -223.3302428111075  -58.63787104244615  -204.16476772097133  -278.6844651374967  -120.4680515765338  -200.09847239974147  -147.18368185747568  -279.3962339153302  -169.95961302717035  -58.85011301049006  -11.824350146247738  -164.047743617266  -10.416656731646682  -82.17337110883578  -198.50446176589162  -321.90901093666696  19.106217575247655  -348.2998846782551  -211.74628844021123  -60.73996424640548  -102.02097314223046  -138.40619296223997  -193.35890552875435  -66.3916203907162  -299.7148419465309  -100.93251643961663  
-31.503933999065026  -94.668604809172  -109.30649374244345  -29.0753293301195  -18.838377265105095  -21.15089372036178  -653.443052952831  -376.77090361886235  -48.630074478017576  -267.98777796318734  20.32231070762215  0.0  -292.1278682752909  -257.71069218977186  -107.15996422614143  -29.316036786755802  48.10762757672332  -396.6054266340724  -200.07121415933008  -13.95432781913999  -284.62310632992546  -130.30672510338192  -702.6802573070881  13.208336516174214  -118.32874768880009  -203.00793210348533  -38.315560334824  -183.84245701334916  -258.3621544298745  -100.14574086891164  -179.7761616921193  -126.86137114985354  -259.07392320770805  -149.63730231954818  -38.52780230286791  8.497960561374413  -143.72543290964384  9.905653975975468  -61.85106040121363  -178.18215105826945  -301.5867002290448  39.428528282869806  -327.977573970633  -191.42397773258907  -40.41765353878333  -81.69866243460831  -118.08388225461783  -173.03659482113218  -46.06930968309405  -279.39253123890876  -80.61020573199448  
260.62393427622584  197.45926346611887  182.82137453284741  263.05253894517136  273.28949101018577  270.9769745549291  -361.3151846775401  -84.64303534357146  243.4977937972733  24.140090312103553  312.45017898291303  292.1278682752909  0.0  34.41717608551903  184.96790404914944  262.81183148853506  340.2354958520142  -104.47755835878155  92.05665411596078  278.1735404561509  7.504761945365374  161.82114317190894  -410.5523890317973  305.3362047914651  173.79912058649077  89.11993617180553  253.81230794046687  108.2854112619417  33.765713845416315  191.98212740637922  112.35170658317156  165.26649712543733  33.053945067582845  142.49056595574268  253.60006597242295  300.6258288366653  148.40243536564702  302.03352225126633  230.27680787407724  113.94571721702141  -9.45883195375393  331.55639655816066  -35.849705695342095  100.7038905427018  251.71021473650754  210.42920584068256  174.04398602067303  119.09127345415868  246.05855859219682  12.735337036382134  211.51766254329638  
226.2067581907068  163.04208738059984  148.40419844732838  228.63536285965233  238.87231492466674  236.55979846941005  -395.73236076305915  -119.06021142909049  209.08061771175426  -10.277085773415479  278.033002897394  257.71069218977186  -34.41717608551903  0.0  150.5507279636304  228.39465540301603  305.81831976649516  -138.89473444430058  57.63947803044175  243.75636437063184  -26.912414140153658  127.40396708638991  -444.96956511731634  270.91902870594606  139.38194450097174  54.7027600862865  219.39513185494783  73.86823517642267  -0.6514622401027168  157.5649513208602  77.93453049765253  130.8493210399183  -1.3632310179361866  108.07338987022365  219.18288988690392  266.20865275114625  113.98525928012799  267.6163461657473  195.8596317885582  79.52854113150238  -43.87600803927296  297.1392204726416  -70.26688178086113  66.28671445718277  217.2930386509885  176.01202975516352  139.626809935154  84.67409736863965  211.6413825066778  -21.681839049136897  177.10048645777735  
75.6560302270764  12.49135941696943  -2.1465295163020244  78.08463489602192  88.32158696103633  86.00907050577965  -546.2830887266896  -269.61093939272087  58.52988974812385  -160.8278137370459  127.48227493376358  107.15996422614143  -184.96790404914944  -150.5507279636304  0.0  77.84392743938562  155.26759180286473  -289.445462407931  -92.91124993318866  93.20563640700144  -177.46314210378407  -23.146760877240496  -595.5202930809468  120.36830074231564  -11.168783462658666  -95.8479678773439  68.84440389131743  -76.68249278720774  -151.20219020373312  7.014223357229781  -72.61619746597788  -19.701406923712113  -151.9139589815666  -42.47733809340676  68.63216192327351  115.65792478751584  -36.56546868350242  117.0656182021169  45.308903824927796  -71.02218683212803  -194.42673600290337  146.58849250901125  -220.81760974449153  -84.26401350644764  66.7423106873581  25.461301791533117  -10.923918028476407  -65.87663059499076  61.09065454304738  -172.2325670127673  26.549758494146943  
-2.187897212309224  -65.3525680224162  -79.99045695568765  0.24070745663630078  10.477659521650708  8.165143066394023  -624.1270161660752  -347.4548668321065  -19.314037691261774  -238.6717411764315  49.63834749437795  29.316036786755802  -262.81183148853506  -228.39465540301603  -77.84392743938562  0.0  77.42366436347912  -367.2893898473166  -170.75517737257428  15.361708967615812  -255.3070695431697  -100.99068831662612  -673.3642205203323  42.524373302930016  -89.01271090204429  -173.69189531672953  -8.999523548068197  -154.52642022659336  -229.04611764311875  -70.82970408215584  -150.4601249053635  -97.54533436309774  -229.75788642095222  -120.32126553279238  -9.21176551611211  37.813997348130215  -114.40939612288804  39.22169076273127  -32.53502361445783  -148.86611427151365  -272.270663442289  68.74456506962561  -298.66153718387716  -162.10794094583326  -11.101616752027525  -52.38262564785251  -88.76784546786203  -143.72055803437638  -16.753272896338245  -250.07649445215293  -51.29416894523868  
-79.61156157578834  -142.7762323858953  -157.41412131916678  -77.18295690684282  -66.94600484182841  -69.2585212970851  -701.5506805295543  -424.87853119558565  -96.7377020547409  -316.09540553991064  -27.785316869101166  -48.10762757672332  -340.2354958520142  -305.81831976649516  -155.26759180286473  -77.42366436347912  0.0  -444.71305421079575  -248.1788417360534  -62.06195539586331  -332.7307339066488  -178.41435268010525  -750.7878848838114  -34.8992910605491  -166.4363752655234  -251.11555968020866  -86.42318791154732  -231.9500845900725  -306.4697820065979  -148.25336844563498  -227.88378926884263  -174.96899872657684  -307.18155078443135  -197.74492989627151  -86.63542987959123  -39.609667015348904  -191.83306048636717  -38.20197360074785  -109.95868797793695  -226.28977863499279  -349.6943278057681  -8.679099293853511  -376.0852015473563  -239.5316053093124  -88.52528111550664  -129.8062900113316  -166.19150983134114  -221.14422239785551  -94.17693725981736  -327.50015881563206  -128.7178333087178  
365.1014926350074  301.93682182490045  287.29893289162897  367.5300973039529  377.7670493689673  375.45453291371064  -256.83762631875857  19.834523015210095  347.97535215605484  128.6176486708851  416.9277373416946  396.6054266340724  104.47755835878155  138.89473444430058  289.445462407931  367.2893898473166  444.71305421079575  0.0  196.53421247474233  382.6510988149324  111.98232030414692  266.2987015306905  -306.07483067301575  409.81376315024664  278.27667894527235  193.59749453058708  358.2898662992484  212.76296962072325  138.24327220419786  296.45968576516077  216.8292649419531  269.74405548421885  137.5315034263644  246.96812431452423  358.0776243312045  405.1033871954468  252.87999372442857  406.5110806100479  334.7543662328588  218.42327557580296  95.01872640502762  436.0339549169422  68.62785266343946  205.18144890148335  356.1877730952891  314.9067641994641  278.52154437945455  223.56883181294023  350.53611695097834  117.21289539516368  315.9952209020779  
168.56728016026506  105.40260935015809  90.76472041688663  170.99588482921058  181.232836894225  178.9203204389683  -453.3718387935009  -176.69968945953224  151.4411396813125  -67.91656380385723  220.39352486695225  200.07121415933008  -92.05665411596078  -57.63947803044175  92.91124993318866  170.75517737257428  248.1788417360534  -196.53421247474233  0.0  186.1168863401901  -84.55189217059541  69.76448905594816  -502.6090431477581  213.2795506755043  81.74246647052999  -2.936717944155248  161.75565382450608  16.22875714598092  -58.29094027054447  99.92547329041844  20.29505246721078  73.20984300947654  -59.00270904837794  50.4339118397819  161.54341185646217  208.5691747207045  56.34578124968624  209.97686813530555  138.22015375811645  21.88906310106063  -101.51548606971471  239.49974244219987  -127.90635981130288  8.647236426741017  159.65356062054676  118.37255172472177  81.98733190471225  27.0346193381979  154.00190447623604  -79.32131707957865  119.4610084273356  
-17.549606179925036  -80.714276990032  -95.35216592330346  -15.12100151097951  -4.884049445965104  -7.196565901221788  -639.488725133691  -362.81657579972233  -34.675746658877586  -254.03345014404732  34.27663852676214  13.95432781913999  -278.1735404561509  -243.75636437063184  -93.20563640700144  -15.361708967615812  62.06195539586331  -382.6510988149324  -186.1168863401901  0.0  -270.6687785107855  -116.35239728424193  -688.7259294879482  27.162664335314204  -104.3744198696601  -189.05360428434534  -24.36123251568401  -169.88812919420917  -244.40782661073456  -86.19141304977165  -165.8218338729793  -112.90704333071355  -245.11959538856803  -135.6829745004082  -24.57347448372792  22.452288380514403  -129.77110509050385  23.85998179511546  -47.89673258207364  -164.22782323912946  -287.6323724099048  53.3828561020098  -314.02324615149297  -177.46964991344908  -26.463325719643336  -67.74433461546832  -104.12955443547784  -159.0822670019922  -32.11498186395406  -265.43820341976874  -66.65587791285449  
253.11917233086047  189.9545015207535  175.31661258748204  255.547776999806  265.7847290648204  263.4722126095637  -368.8199466229055  -92.14779728893683  235.99303185190792  16.63532836673818  304.94541703754766  284.62310632992546  -7.504761945365374  26.912414140153658  177.46314210378407  255.3070695431697  332.7307339066488  -111.98232030414692  84.55189217059541  270.6687785107855  0.0  154.31638122654357  -418.0571509771627  297.8314428460997  166.2943586411254  81.61517422644016  246.3075459951015  100.78064931657633  26.26095190005094  184.47736546101385  104.84694463780619  157.76173518007195  25.54918312221747  134.9858040103773  246.09530402705758  293.1210668912999  140.89767342028165  294.52876030590096  222.77204592871186  106.44095527165604  -16.963593899119303  324.0516346127953  -43.35446764070747  93.19912859733643  244.20545279114216  202.92444389531718  166.53922407530766  111.58651150879331  238.55379664683144  5.23057509101676  204.012900597931  
98.8027911043169  35.638120294209926  21.00023136093847  101.23139577326242  111.46834783827683  109.15583138302014  -523.1363278494491  -246.4641785154804  81.67665062536435  -137.6810528598054  150.6290358110041  130.30672510338192  -161.82114317190894  -127.40396708638991  23.146760877240496  100.99068831662612  178.41435268010525  -266.2987015306905  -69.76448905594816  116.35239728424193  -154.31638122654357  0.0  -572.3735322037062  143.51506161955615  11.97797741458183  -72.70120700010341  91.99116476855792  -53.53573190996724  -128.05542932649263  30.160984234470277  -49.46943658873738  3.4453539535283824  -128.7671981043261  -19.33057721616626  91.77892280051401  138.80468566475633  -13.41870780626192  140.2123790793574  68.45566470216829  -47.87542595488753  -171.27997512566287  169.7352533862517  -197.67084886725104  -61.117252629207144  89.8890715645986  48.60806266877361  12.222842848764088  -42.72986971775026  84.23741542028787  -149.0858061355268  49.69651937138744  
671.1763233080231  608.0116524979162  593.3737635646447  673.6049279769686  683.8418800419831  681.5293635867264  49.23720435425719  325.90935368822585  654.0501828290705  434.69247934390086  723.0025680147103  702.6802573070881  410.5523890317973  444.96956511731634  595.5202930809468  673.3642205203323  750.7878848838114  306.07483067301575  502.6090431477581  688.7259294879482  418.0571509771627  572.3735322037062  0.0  715.8885938232623  584.3515096182881  499.67232520360284  664.3646969722641  518.8378002937391  444.3181028772136  602.5345164381765  522.9040956149688  575.8188861572346  443.60633409938015  553.04295498754  664.1524550042202  711.1782178684625  558.9548243974443  712.5859112830636  640.8291969058746  524.4981062488187  401.0935570780434  742.108785589958  374.7026833364552  511.2562795744991  662.2626037683049  620.9815948724798  584.5963750524703  529.6436624859559  656.6109476239941  423.28772606817944  622.0700515750937  
-44.71227051523924  -107.87694132534621  -122.51483025861766  -42.283665846293715  -32.04671378127931  -34.35923023653599  -666.6513894690052  -389.97924013503655  -61.83841099419179  -281.19611447936154  7.113974191447937  -13.208336516174214  -305.3362047914651  -270.91902870594606  -120.36830074231564  -42.524373302930016  34.8992910605491  -409.81376315024664  -213.2795506755043  -27.162664335314204  -297.8314428460997  -143.51506161955615  -715.8885938232623  0.0  -131.5370842049743  -216.21626861965956  -51.52389685099821  -197.0507935295234  -271.5704909460488  -113.35407738508586  -192.98449820829353  -140.06970766602774  -272.28225972388225  -162.8456388357224  -51.736138819042125  -4.710375954799801  -156.93376942581807  -3.302682540198745  -75.05939691738784  -191.39048757444368  -314.795036745219  26.220191766695592  -341.1859104868072  -204.6323142487633  -53.62599005495754  -94.90699895078252  -131.29221877079203  -186.2449313373064  -59.27764619926826  -292.60086775508296  -93.8185422481687  
86.82481368973507  23.660142879628097  9.022253946356642  89.25341835868059  99.490370423695  97.17785396843831  -535.1143052640309  -258.4421559300622  69.69867321078252  -149.65903027438722  138.65105839642223  118.32874768880009  -173.79912058649077  -139.38194450097174  11.168783462658666  89.01271090204429  166.4363752655234  -278.27667894527235  -81.74246647052999  104.3744198696601  -166.2943586411254  -11.97797741458183  -584.3515096182881  131.5370842049743  0.0  -84.67918441468524  80.0131873539761  -65.51370932454907  -140.03340674107446  18.183006819888448  -61.44741400331921  -8.532623461053447  -140.74517551890793  -31.30855463074809  79.80094538593218  126.8267082501745  -25.39668522084375  128.23440166477556  56.47768728758646  -59.85340336946936  -183.2579525402447  157.7572759716699  -209.64882628183287  -73.09523004378897  77.91109415001677  36.63008525419178  0.24486543418225892  -54.70784713233209  72.25943800570604  -161.06378355010864  37.71854195680561  
171.5039981044203  108.33932729431334  93.70143836104188  173.93260277336583  184.16955483838024  181.85703838312355  -450.43512084934565  -173.762971515377  154.37785762546775  -64.97984585970198  223.3302428111075  203.00793210348533  -89.11993617180553  -54.7027600862865  95.8479678773439  173.69189531672953  251.11555968020866  -193.59749453058708  2.936717944155248  189.05360428434534  -81.61517422644016  72.70120700010341  -499.67232520360284  216.21626861965956  84.67918441468524  0.0  164.69237176866133  19.16547509013617  -55.35422232638922  102.86219123457369  23.23177041136603  76.14656095363179  -56.06599110422269  53.37062978393715  164.48012980061742  211.50589266485974  59.28249919384149  212.9135860794608  141.1568717022717  24.825781045215876  -98.57876812555946  242.43646038635512  -124.96964186714763  11.583954370896265  162.590278564702  121.30926966887702  84.9240498488675  29.971337282353147  156.93862242039128  -76.3845991354234  122.39772637149085  
6.811626335758973  -56.353044474347996  -70.99093340761945  9.240231004704498  19.477183069718905  17.16466661446222  -615.127492618007  -338.45534328403835  -10.314514143193577  -229.6722176283633  58.63787104244615  38.315560334824  -253.81230794046687  -219.39513185494783  -68.84440389131743  8.999523548068197  86.42318791154732  -358.2898662992484  -161.75565382450608  24.36123251568401  -246.3075459951015  -91.99116476855792  -664.3646969722641  51.52389685099821  -80.0131873539761  -164.69237176866133  0.0  -145.52689667852516  -220.04659409505055  -61.830180534087646  -141.4606013572953  -88.54581081502954  -220.75836287288402  -111.32174198472418  -0.21224196804391227  46.81352089619841  -105.40987257481984  48.22121431079947  -23.53550006638963  -139.86659072344546  -263.2711398942208  77.7440886176938  -289.662013635809  -153.10841739776507  -2.1020932039593276  -43.38310209978431  -79.76832191979383  -134.72103448630818  -7.753749348270048  -241.07697090408473  -42.294645397170484  
152.33852301428414  89.17385220417717  74.53596327090571  154.76712768322966  165.00407974824407  162.69156329298738  -469.6005959394818  -192.92844660551316  135.21238253533159  -84.14532094983815  204.16476772097133  183.84245701334916  -108.2854112619417  -73.86823517642267  76.68249278720774  154.52642022659336  231.9500845900725  -212.76296962072325  -16.22875714598092  169.88812919420917  -100.78064931657633  53.53573190996724  -518.8378002937391  197.0507935295234  65.51370932454907  -19.16547509013617  145.52689667852516  0.0  -74.51969741652539  83.69671614443752  4.066295321229859  56.98108586349562  -75.23146619435886  34.20515469380098  145.31465471048125  192.34041757472357  40.11702410370532  193.74811098932463  121.99139661213553  5.660305955079707  -117.74424321569563  223.27098529621895  -144.1351169572838  -7.581520719239904  143.42480347456583  102.14379457874085  65.75857475873133  10.805862192216978  137.7731473302551  -95.55007422555957  103.23225128135468  
226.85822043080952  163.69354962070256  149.0556606874311  229.28682509975505  239.52377716476946  237.21126070951277  -395.08089852295643  -118.40874918898777  209.73207995185697  -9.625623533312762  278.6844651374967  258.3621544298745  -33.765713845416315  0.6514622401027168  151.20219020373312  229.04611764311875  306.4697820065979  -138.24327220419786  58.29094027054447  244.40782661073456  -26.26095190005094  128.05542932649263  -444.3181028772136  271.5704909460488  140.03340674107446  55.35422232638922  220.04659409505055  74.51969741652539  0.0  158.2164135609629  78.58599273775525  131.500783280021  -0.7117687778334698  108.72485211032637  219.83435212700664  266.86011499124896  114.63672152023071  268.26780840585  196.51109402866092  80.1800033716051  -43.224545799170244  297.79068271274434  -69.61541954075841  66.93817669728548  217.94450089109122  176.66349199526624  140.27827217525672  85.32555960874237  212.2928447467805  -21.03037680903418  177.75194869788007  
68.64180686984662  5.4771360597396495  -9.160752873531806  71.07041153879214  81.30736360380655  78.99484714854987  -553.2973120839193  -276.6251627499507  51.51566639089407  -167.84203709427567  120.4680515765338  100.14574086891164  -191.98212740637922  -157.5649513208602  -7.014223357229781  70.82970408215584  148.25336844563498  -296.45968576516077  -99.92547329041844  86.19141304977165  -184.47736546101385  -30.160984234470277  -602.5345164381765  113.35407738508586  -18.183006819888448  -102.86219123457369  61.830180534087646  -83.69671614443752  -158.2164135609629  0.0  -79.63042082320766  -26.715630280941895  -158.92818233879638  -49.49156145063654  61.61793856604373  108.64370143028606  -43.5796920407322  110.05139484488711  38.294680467698015  -78.03641018935781  -201.44095936013315  139.57426915178144  -227.83183310172132  -91.27823686367742  59.72808733012832  18.447078434303336  -17.93814138570619  -72.89085395222054  54.0764311858176  -179.2467903699971  19.53553513691716  
148.27222769305428  85.1075568829473  70.46966794967585  150.7008323619998  160.9377844270142  158.62526797175752  -473.6668912607117  -196.99474192674302  131.14608721410173  -88.21161627106801  200.09847239974147  179.7761616921193  -112.35170658317156  -77.93453049765253  72.61619746597788  150.4601249053635  227.88378926884263  -216.8292649419531  -20.29505246721078  165.8218338729793  -104.84694463780619  49.46943658873738  -522.9040956149688  192.98449820829353  61.44741400331921  -23.23177041136603  141.4606013572953  -4.066295321229859  -78.58599273775525  79.63042082320766  0.0  52.91479054226576  -79.29776151558872  30.13885937257112  141.2483593892514  188.27412225349372  36.05072878247546  189.68181566809477  117.92510129090567  1.594010633849848  -121.81053853692549  219.2046899749891  -148.20141227851366  -11.647816040469763  139.35850815333598  98.077499257511  61.69227943750147  6.739566870987119  133.70685200902525  -99.61636954678943  99.16595596012482  
95.35743715078851  32.192766340681544  17.55487740741009  97.78604181973404  108.02299388474844  105.71047742949176  -526.5816818029774  -249.90953246900878  78.23129667183596  -141.12640681333377  147.18368185747568  126.86137114985354  -165.26649712543733  -130.8493210399183  19.701406923712113  97.54533436309774  174.96899872657684  -269.74405548421885  -73.20984300947654  112.90704333071355  -157.76173518007195  -3.4453539535283824  -575.8188861572346  140.06970766602774  8.532623461053447  -76.14656095363179  88.54581081502954  -56.98108586349562  -131.500783280021  26.715630280941895  -52.91479054226576  0.0  -132.21255205785448  -22.775931169694644  88.33356884698563  135.35933171122795  -16.864061759790303  136.767025125829  65.01031074863991  -51.320779908415915  -174.72532907919125  166.28989943272336  -201.11620282077942  -64.56260658273553  86.44371761107021  45.16270871524523  8.777488895235706  -46.175223671278644  80.79206146675949  -152.5311600890552  46.251165417859056  
227.569989208643  164.40531839853602  149.76742946526457  229.99859387758852  240.23554594260293  237.92302948734624  -394.36912974512296  -117.6969804111543  210.44384872969044  -8.913854755479292  279.3962339153302  259.07392320770805  -33.053945067582845  1.3632310179361866  151.9139589815666  229.75788642095222  307.18155078443135  -137.5315034263644  59.00270904837794  245.11959538856803  -25.54918312221747  128.7671981043261  -443.60633409938015  272.28225972388225  140.74517551890793  56.06599110422269  220.75836287288402  75.23146619435886  0.7117687778334698  158.92818233879638  79.29776151558872  132.21255205785448  0.0  109.43662088815984  220.5461209048401  267.57188376908243  115.34849029806418  268.9795771836835  197.2228628064944  80.89177214943857  -42.512777021336774  298.5024514905778  -68.90365076292494  67.64994547511895  218.6562696689247  177.3752607730997  140.9900409530902  86.03732838657584  213.00461352461397  -20.31860803120071  178.46371747571354  
118.13336832048316  54.96869751037619  40.33080857710473  120.56197298942868  130.7989250544431  128.4864085991864  -503.8057506332828  -227.13360129931414  101.00722784153061  -118.35047564363913  169.95961302717035  149.63730231954818  -142.49056595574268  -108.07338987022365  42.47733809340676  120.32126553279238  197.74492989627151  -246.96812431452423  -50.4339118397819  135.6829745004082  -134.9858040103773  19.33057721616626  -553.04295498754  162.8456388357224  31.30855463074809  -53.37062978393715  111.32174198472418  -34.20515469380098  -108.72485211032637  49.49156145063654  -30.13885937257112  22.775931169694644  -109.43662088815984  0.0  111.10950001668027  158.1352628809226  5.911869409904341  159.54295629552365  87.78624191833455  -28.54484873872127  -151.9493979094966  189.06583060241798  -178.34027165108478  -41.78667541304088  109.21964878076486  67.93863988493987  31.55342006493035  -23.399292501584  103.56799263645414  -129.75522891936055  69.0270965875537  
7.023868303802885  -56.140802506304084  -70.77869143957554  9.45247297274841  19.689425037762817  17.376908582506132  -614.9152506499631  -338.2431013159944  -10.102272175149665  -229.4599756603194  58.85011301049006  38.52780230286791  -253.60006597242295  -219.18288988690392  -68.63216192327351  9.21176551611211  86.63542987959123  -358.0776243312045  -161.54341185646217  24.57347448372792  -246.09530402705758  -91.77892280051401  -664.1524550042202  51.736138819042125  -79.80094538593218  -164.48012980061742  0.21224196804391227  -145.31465471048125  -219.83435212700664  -61.61793856604373  -141.2483593892514  -88.33356884698563  -220.5461209048401  -111.10950001668027  0.0  47.025762864242324  -105.19763060677593  48.43345627884338  -23.32325809834572  -139.65434875540154  -263.0588979261769  77.95633058573772  -289.44977166776505  -152.89617542972115  -1.8898512359154154  -43.1708601317404  -79.55607995174992  -134.50879251826427  -7.541507380226136  -240.86472893604082  -42.08240342912657  
-40.00189456043944  -103.16656537054641  -117.80445430381786  -37.573289891493914  -27.336337826479507  -29.64885428173619  -661.9410135142055  -385.26886418023673  -57.12803503939199  -276.4857385245617  11.824350146247738  -8.497960561374413  -300.6258288366653  -266.20865275114625  -115.65792478751584  -37.813997348130215  39.609667015348904  -405.1033871954468  -208.5691747207045  -22.452288380514403  -293.1210668912999  -138.80468566475633  -711.1782178684625  4.710375954799801  -126.8267082501745  -211.50589266485974  -46.81352089619841  -192.34041757472357  -266.86011499124896  -108.64370143028606  -188.27412225349372  -135.35933171122795  -267.57188376908243  -158.1352628809226  -47.025762864242324  0.0  -152.22339347101826  1.4076934146010558  -70.34902096258804  -186.68011161964387  -310.0846607904192  30.930567721495393  -336.4755345320074  -199.92193829396348  -48.91561410015774  -90.19662299598272  -126.58184281599225  -181.5345553825066  -54.56727024446846  -287.89049180028314  -89.1081662933689  
112.22149891057882  49.05682810047185  34.41893916720039  114.65010357952434  124.88705564453875  122.57453918928206  -509.71762004318714  -233.04547070921848  95.09535843162627  -124.26234505354347  164.047743617266  143.72543290964384  -148.40243536564702  -113.98525928012799  36.56546868350242  114.40939612288804  191.83306048636717  -252.87999372442857  -56.34578124968624  129.77110509050385  -140.89767342028165  13.41870780626192  -558.9548243974443  156.93376942581807  25.39668522084375  -59.28249919384149  105.40987257481984  -40.11702410370532  -114.63672152023071  43.5796920407322  -36.05072878247546  16.864061759790303  -115.34849029806418  -5.911869409904341  105.19763060677593  152.22339347101826  0.0  153.6310868856193  81.87437250843021  -34.45671814862561  -157.86126731940095  183.15396119251363  -184.25214106098912  -47.69854482294522  103.30777937086052  62.02677047503553  25.64155065502601  -29.31116191148834  97.6561232265498  -135.6670983292649  63.11522717764936  
-41.409587975040495  -104.57425878514746  -119.21214771841892  -38.98098330609497  -28.744031241080563  -31.056547696337248  -663.3487069288065  -386.6765575948378  -58.535728453993045  -277.8934319391628  10.416656731646682  -9.905653975975468  -302.03352225126633  -267.6163461657473  -117.0656182021169  -39.22169076273127  38.20197360074785  -406.5110806100479  -209.97686813530555  -23.85998179511546  -294.52876030590096  -140.2123790793574  -712.5859112830636  3.302682540198745  -128.23440166477556  -212.9135860794608  -48.22121431079947  -193.74811098932463  -268.26780840585  -110.05139484488711  -189.68181566809477  -136.767025125829  -268.9795771836835  -159.54295629552365  -48.43345627884338  -1.4076934146010558  -153.6310868856193  0.0  -71.7567143771891  -188.08780503424492  -311.49235420502026  29.522874306894337  -337.88322794660843  -201.32963170856453  -50.323307514758795  -91.60431641058378  -127.9895362305933  -182.94224879710765  -55.974963659069516  -289.2981852148842  -90.51585970796995  
