Height_Data

node	height
0	174.4276904421134
1	125.52342375578652
2	122.59120027202961
3	156.87507906824555
4	62.61226333377205
5	29.163518175660784
6	128.59429029395312
7	90.03852057774341
8	214.84709747238213
9	78.79081936140237
10	119.09513502172132
11	94.75903958522615
12	156.58439500185094
13	149.36722878403862
14	92.93272454257894
15	65.8944673588148
16	109.79302666139174
17	94.66031981015333
18	117.89568654309954
19	53.482356051173646
20	29.51954156669987
21	151.36795372432
22	41.35570638974959
23	115.40077953991045
24	122.3120214504368
25	112.11522858902075
26	67.73237803602265
27	41.18955074543607
28	156.53144750449297
29	194.07724289219564
30	37.1643916953855
31	81.49109290755467
32	123.02940554413796
33	27.544957856819185
34	100.91838063067851
35	194.10332188742288
36	86.7717357373027
37	91.36033295082228
38	136.75562434829908
39	135.3740112087559
40	117.63296854945342
41	188.57806276257097
42	204.66433865317444
43	85.74725065614506
44	143.35818463149405
45	87.41901083232047
46	127.4439196611859
47	121.67130034285314
48	89.11903421016012
49	122.78970306044872
50	46.16654099714461



height_matrix
0.0  293.42560011796127  311.01894102050267  105.31566824320703  670.892562650048  871.5850335987157  275.0004008889616  506.3350191862198  -242.51644218161255  573.8212264842662  331.99533252235244  478.0119051413235  107.05977264157468  150.36276994844866  488.9697953972068  651.1993384997916  387.80798268433  478.60422379176043  339.1920233940831  725.6720063456385  869.4488932524812  138.35842030676042  798.4319043141828  354.1614654132177  312.69401395005957  373.8747711185558  640.1718744365444  799.4288381800638  107.37745762572251  -117.89731470049355  823.5797924803674  557.6195852073523  308.3897093878526  881.2963955117652  441.0558588686092  -118.05378867185686  525.9357282288641  498.40414494774666  226.03239656288588  234.32207540014497  340.76833135595984  -84.90223392274538  -181.41988926636623  532.08263871581  186.41703486371603  522.0520776587575  281.9026246855649  316.5383405955615  511.8519373917196  309.827924289988  769.5668966698126  
-293.42560011796127  0.0  17.5933409025414  -188.10993187475424  377.46696253208677  578.1594334807544  -18.425199228999645  212.90941906825856  -535.9420422995738  280.3956263663049  38.569732404391175  184.58630502336223  -186.36582747638658  -143.0628301695126  195.5441952792455  357.7737383818303  94.38238256636873  185.17862367379917  45.76642327612183  432.2464062276772  576.0232931345199  -155.06717981120084  505.00630419622155  60.73586529525642  19.268413832098304  80.44917100059456  346.7462743185832  506.00323806210264  -186.04814249223875  -411.3229148184548  530.1541923624061  264.19398508939105  14.96410926989131  587.870795393804  147.63025875064795  -411.47938878981813  232.51012811090288  204.9785448297854  -67.39320355507539  -59.1035247178163  47.34273123799858  -378.32783404070665  -474.8454893843275  238.65703859784878  -107.00856525424524  228.62647754079626  -11.522975432396379  23.112740477600255  218.42633727375835  16.402324172026738  476.14129655185144  
-311.01894102050267  -17.5933409025414  0.0  -205.70327277729564  359.87362162954537  560.566092578213  -36.018540131541045  195.31607816571716  -553.5353832021152  262.8022854637635  20.976391501849776  166.99296412082083  -203.95916837892798  -160.656171072054  177.95085437670411  340.1803974792889  76.78904166382733  167.58528277125777  28.173082373580428  414.6530653251358  558.4299522319784  -172.66052071374224  487.41296329368015  43.14252439271502  1.6750729295569045  62.85583009805316  329.1529334160418  488.40989715956124  -203.64148339478015  -428.9162557209962  512.5608514598647  246.60064418684965  -2.6292316326500895  570.2774544912626  130.03691784810655  -429.07272969235953  214.91678720836148  187.385203927244  -84.98654445761679  -76.6968656203577  29.74939033545718  -395.92117494324805  -492.4388302868689  221.06369769530738  -124.60190615678664  211.03313663825486  -29.11631633493778  5.519399575058856  200.83299637121695  -1.1910167305146615  458.54795564931004  
-105.31566824320703  188.10993187475424  205.70327277729564  0.0  565.576894406841  766.2693653555086  169.6847326457546  401.0193509430128  -347.8321104248196  468.50555824105913  226.6796642791454  372.69623689811647  1.7441043983676536  45.04710170524163  383.65412715399975  545.8836702565845  282.49231444112297  373.2885555485534  233.87635515087607  620.3563381024314  764.1332250092742  33.042752063553394  693.1162360709758  248.84579717001066  207.37834570685254  268.5591028753488  534.8562061933374  694.1131699368568  2.061789382515485  -223.21298294370058  718.2641242371603  452.3039169641453  203.07404114464555  775.9807272685582  335.7401906254022  -223.3694569150639  420.6200599856571  393.08847670453963  120.71672831967885  129.00640715693794  235.45266311275282  -190.2179021659524  -286.73555750957325  426.766970472603  81.101366620509  416.7364094155505  176.58695644235786  211.2226723523545  406.5362691485126  204.51225604678098  664.2512284266056  
-670.892562650048  -377.46696253208677  -359.87362162954537  -565.576894406841  0.0  200.69247094866762  -395.8921617610864  -164.5575434638282  -913.4090048316606  -97.07133616578187  -338.8972301276956  -192.88065750872454  -563.8327900084734  -520.5297927015994  -181.92276725284125  -19.69322415025647  -283.08457996571804  -192.2883388582876  -331.70053925596494  54.77944369559043  198.5563306024331  -532.5341423432876  127.53934166413478  -316.73109723683035  -358.19854869998846  -297.0177915314922  -30.720688213503593  128.53627553001587  -563.5151050243255  -788.7898773505416  152.68722983031932  -113.27297744269572  -362.50285326219546  210.4038328617172  -229.8367037814388  -788.9463513219049  -144.95683442118388  -172.48841770230138  -444.86016608716216  -436.57048724990307  -330.1242312940882  -755.7947965727934  -852.3124519164143  -138.809923934238  -484.475527786332  -148.8404849912905  -388.98993796448315  -354.3542220544865  -159.04062525832842  -361.06463836006003  98.67433401976467  
-871.5850335987157  -578.1594334807544  -560.566092578213  -766.2693653555086  -200.69247094866762  0.0  -596.584632709754  -365.25001441249583  -1114.1014757803282  -297.7638071144495  -539.5897010763632  -393.57312845739216  -764.525260957141  -721.222263650267  -382.6152382015089  -220.3856950989241  -483.77705091438565  -392.9808098069552  -532.3930102046326  -145.9130272530772  -2.1361403462345265  -733.2266132919552  -73.15312928453284  -517.423568185498  -558.8910196486561  -497.7102624801598  -231.4131591621712  -72.15619541865175  -764.2075759729931  -989.4823482992092  -48.005241118348295  -313.96544839136334  -563.1953242108631  9.711361913049586  -430.52917473010643  -989.6388222705725  -345.6493053698515  -373.180888650969  -645.5526370358298  -637.2629581985707  -530.8167022427558  -956.487267521461  -1053.0049228650819  -339.5023948829056  -685.1679987349996  -349.53295593995813  -589.6824089131508  -555.0466930031541  -359.73309620699604  -561.7571093087276  -102.01813692890295  
-275.0004008889616  18.425199228999645  36.018540131541045  -169.6847326457546  395.8921617610864  596.584632709754  0.0  231.3346182972582  -517.5168430705742  298.82082559530454  56.99493163339082  203.01150425236187  -167.94062824738694  -124.63763094051296  213.96939450824516  376.19893761082994  112.80758179536838  203.6038229027988  64.19162250512147  450.67160545667684  594.4484923635196  -136.6419805822012  523.4315034252212  79.16106452425606  37.69361306109795  98.8743702295942  365.1714735475828  524.4284372911022  -167.6229432632391  -392.8977155894552  548.5793915914057  282.6191843183907  33.389308498890955  606.2959946228036  166.0554579796476  -393.0541895608185  250.93532733990253  223.40374405878504  -48.96800432607574  -40.678325488816654  65.76793046699822  -359.902634811707  -456.42029015532785  257.0822378268484  -88.5833660252456  247.0516767697959  6.902223796603266  41.5379397065999  236.851536502758  34.82752340102638  494.5664957808511  
-506.3350191862198  -212.90941906825856  -195.31607816571716  -401.0193509430128  164.5575434638282  365.25001441249583  -231.3346182972582  0.0  -748.8514613678324  67.48620729804634  -174.33968666386738  -28.32311404489633  -399.27524654464514  -355.97224923777117  -17.365223789013044  144.86431931357174  -118.52703650188982  -27.730795394459392  -167.14299579213673  219.33698715941864  363.1138740662613  -367.9765988794594  292.096885127963  -152.17355377300214  -193.64100523616025  -132.460248067664  133.83685525032462  293.0938189938441  -398.9575615604973  -624.2323338867134  317.24477329414754  51.28456602113249  -197.94530979836725  374.9613763255454  -65.2791603176106  -624.3888078580767  19.600709042644326  -7.930874238473166  -280.30262262333395  -272.01294378607486  -165.56668783025998  -591.2372531089652  -687.754908452586  25.747619529590224  -319.9179843225038  15.717058472537701  -224.43239450065494  -189.7966785906583  5.516918205499792  -196.50709489623182  263.2318774835929  
242.51644218161255  535.9420422995738  553.5353832021152  347.8321104248196  913.4090048316606  1114.1014757803282  517.5168430705742  748.8514613678324  0.0  816.3376686658787  574.511774703965  720.528347322936  349.57621482318723  392.8792121300612  731.4862375788193  893.7157806814041  630.3244248659425  721.120665973373  581.7084655756956  968.188448527251  1111.9653354340937  380.87486248837297  1040.9483464957952  596.6779075948302  555.2104561316721  616.3912133001684  882.6883166181569  1041.9452803616764  349.89389980733506  124.619127481119  1066.09623466198  800.1360273889649  550.9061515694651  1123.8128376933778  683.5723010502218  124.46265350975568  768.4521704104767  740.9205871293592  468.5488387444984  476.8385175817575  583.2847735375724  157.61420825886717  61.09655291524632  774.5990808974226  428.9334770453286  764.5685198403701  524.4190668671774  559.0547827771741  754.3683795733322  552.3443664716006  1012.0833388514252  
-573.8212264842662  -280.3956263663049  -262.8022854637635  -468.50555824105913  97.07133616578187  297.7638071144495  -298.82082559530454  -67.48620729804634  -816.3376686658787  0.0  -241.82589396191372  -95.80932134294267  -466.7614538426915  -423.4584565358175  -84.85143108705938  77.3781120155254  -186.01324379993616  -95.21700269250573  -234.62920309018307  151.8507798613723  295.62766676821497  -435.46280617750574  224.61067782991665  -219.65976107104848  -261.1272125342066  -199.94645536571034  66.35064795227828  225.60761169579774  -466.44376885854365  -691.7185411847597  249.7585659961012  -16.201641276913847  -265.4315170964136  307.4751690274991  -132.76536761565694  -691.875015156123  -47.88549825540201  -75.4170815365195  -347.7888299213803  -339.4991510841212  -233.05289512830632  -658.7234604070115  -755.2411157506324  -41.738587768456114  -387.40419162055014  -51.76914882550864  -291.9186017987013  -257.28288588870464  -61.969289092546546  -263.99330219427816  195.74567018554654  
-331.99533252235244  -38.569732404391175  -20.976391501849776  -226.6796642791454  338.8972301276956  539.5897010763632  -56.99493163339082  174.33968666386738  -574.511774703965  241.82589396191372  0.0  146.01657261897105  -224.93555988077776  -181.63256257390378  156.97446287485434  319.2040059774391  55.81265016197756  146.608891269408  7.196690871730652  393.676673823286  537.4535607301286  -193.63691221559202  466.4365717918304  22.166132890865242  -19.30131857229287  41.879438596203386  308.176541914192  467.43350565771146  -224.61787489662993  -449.892647222846  491.5844599580149  225.62425268499987  -23.605623134499865  549.3010629894128  109.06052634625678  -450.0491211942093  193.9403957065117  166.40881242539422  -105.96293595946656  -97.67325712220747  8.772998833607403  -416.8975664450978  -513.4152217887187  200.0873061934576  -145.57829765863642  190.05674513640508  -50.092707836787554  -15.45699192679092  179.85660486936717  -22.167408232364437  437.57156414746026  
-478.0119051413235  -184.58630502336223  -166.99296412082083  -372.69623689811647  192.88065750872454  393.57312845739216  -203.01150425236187  28.32311404489633  -720.528347322936  95.80932134294267  -146.01657261897105  0.0  -370.9521324997488  -327.64913519287484  10.957890255883285  173.18743335846807  -90.2039224569935  0.5923186504369369  -138.8198817472404  247.66010120431497  391.43698811115763  -339.6534848345631  320.4199991728593  -123.85043972810581  -165.31789119126393  -104.13713402276767  162.15996929522095  321.4169330387404  -370.634447515601  -595.909219841817  345.56788733904386  79.60768006602882  -169.62219575347092  403.28449037044174  -36.956046272714275  -596.0656938131804  47.923823087540654  20.392239806423163  -251.97950857843762  -243.68982974117853  -137.24357378536365  -562.9141390640689  -659.4317944076897  54.07073357448655  -291.59487027760747  44.04017251743403  -196.1092804557586  -161.47356454576197  33.84003225039612  -168.1839808513355  291.5549915284892  
-107.05977264157468  186.36582747638658  203.95916837892798  -1.7441043983676536  563.8327900084734  764.525260957141  167.94062824738694  399.27524654464514  -349.57621482318723  466.7614538426915  224.93555988077776  370.9521324997488  0.0  43.302997306873976  381.9100227556321  544.1395658582169  280.7482100427553  371.54445115018575  232.1322507525084  618.6122337040638  762.3891206109065  31.29864766518574  691.3721316726081  247.101692771643  205.6342413084849  266.81499847698115  533.1121017949697  692.3690655384892  0.31768498414783153  -224.95708734206823  716.5200198387927  450.55981256577763  201.3299367462779  774.2366228701906  333.99608622703454  -225.11356131343155  418.87595558728947  391.344372306172  118.9726239213112  127.26230275857029  233.70855871438516  -191.96200656432006  -288.4796619079409  425.02286607423537  79.35726222214134  414.99230501718284  174.8428520439902  209.47856795398684  404.79216475014493  202.76815164841332  662.507124028238  
-150.36276994844866  143.0628301695126  160.656171072054  -45.04710170524163  520.5297927015994  721.222263650267  124.63763094051296  355.97224923777117  -392.8792121300612  423.4584565358175  181.63256257390378  327.64913519287484  -43.302997306873976  0.0  338.6070254487581  500.8365685513429  237.44521273588134  328.2414538433118  188.82925344563444  575.3092363971898  719.0861233040325  -12.004349641688236  648.0691343657342  203.79869546476903  162.3312440016109  223.51200117010717  489.8091044880958  649.0660682316152  -42.985312322726145  -268.2600846489422  673.2170225319187  407.25681525890366  158.02693943940392  730.9336255633166  290.69308892016056  -268.4165586203055  375.5729582804155  348.041374999298  75.66962661443722  83.95930545169631  190.4055614075112  -235.26500387119404  -331.7826592148149  381.7198687673614  36.05426491526737  371.68930771030887  131.53985473711623  166.17557064711286  361.48916744327096  159.46515434153935  619.204126721364  
-488.9697953972068  -195.5441952792455  -177.95085437670411  -383.65412715399975  181.92276725284125  382.6152382015089  -213.96939450824516  17.365223789013044  -731.4862375788193  84.85143108705938  -156.97446287485434  -10.957890255883285  -381.9100227556321  -338.6070254487581  0.0  162.22954310258478  -101.16181271287678  -10.365571605446348  -149.7777720031237  236.70221094843168  380.47909785527435  -350.61137509044636  309.46210891697604  -134.8083299839891  -176.2757814471472  -115.09502427865095  151.20207903933766  310.4590427828571  -381.59233777148427  -606.8671100977003  334.6099970831606  68.64978981014553  -180.5800860093542  392.32660011455846  -47.91393652859756  -607.0235840690636  36.96593283165737  9.434349550539878  -262.9373988343209  -254.6477199970618  -148.20146404124694  -573.8720293199522  -670.389684663573  43.11284331860327  -302.55276053349075  33.082282261550745  -207.0671707116419  -172.43145480164526  22.882141994512835  -179.14187110721878  280.5971012726059  
-651.1993384997916  -357.7737383818303  -340.1803974792889  -545.8836702565845  19.69322415025647  220.3856950989241  -376.19893761082994  -144.86431931357174  -893.7157806814041  -77.3781120155254  -319.2040059774391  -173.18743335846807  -544.1395658582169  -500.8365685513429  -162.22954310258478  0.0  -263.39135581546157  -172.59511470803113  -312.00731510570847  74.4726678458469  218.24955475268956  -512.8409181930311  147.23256581439125  -297.0378730865739  -338.505324549732  -277.32456738123574  -11.027464063247123  148.22949968027234  -543.821880874069  -769.0966532002851  172.3804539805758  -93.57975329243925  -342.809629111939  230.09705701197367  -210.14347963118234  -769.2531271716484  -125.26361027092742  -152.7951935520449  -425.1669419369057  -416.8772630996466  -310.4310071438317  -736.101572422537  -832.6192277661578  -119.11669978398152  -464.78230363607554  -129.14726084103404  -369.2967138142267  -334.66099790423004  -139.34740110807195  -341.37141420980356  118.36755817002114  
-387.80798268433  -94.38238256636873  -76.78904166382733  -282.49231444112297  283.08457996571804  483.77705091438565  -112.80758179536838  118.52703650188982  -630.3244248659425  186.01324379993616  -55.81265016197756  90.2039224569935  -280.7482100427553  -237.44521273588134  101.16181271287678  263.39135581546157  0.0  90.79624110743043  -48.615959290246906  337.86402366130847  481.6409105681511  -249.44956237756958  410.6239216298528  -33.646517271112316  -75.11396873427043  -13.933211565774172  252.36389175221444  411.6208554957339  -280.4305250586075  -505.70529738482355  435.77180979603736  169.81160252302232  -79.41827329647742  493.48841282743524  53.24787618427922  -505.86177135618686  138.12774554453415  110.59616226341666  -161.77558612144412  -153.48590728418503  -47.039651328370155  -472.7102166070754  -569.2278719506962  144.27465603148005  -201.39094782061397  134.24409497442753  -105.90535799876511  -71.26964208876848  124.04395470738962  -77.980058394342  381.7589139854827  
-478.60422379176043  -185.17862367379917  -167.58528277125777  -373.2885555485534  192.2883388582876  392.9808098069552  -203.6038229027988  27.730795394459392  -721.120665973373  95.21700269250573  -146.608891269408  -0.5923186504369369  -371.54445115018575  -328.2414538433118  10.365571605446348  172.59511470803113  -90.79624110743043  0.0  -139.41220039767734  247.06778255387803  390.8446694607207  -340.245803485  319.8276805224224  -124.44275837854275  -165.91020984170086  -104.7294526732046  161.567650644784  320.8246143883035  -371.2267661660379  -596.501538492254  344.9755686886069  79.01536141559188  -170.21451440390786  402.6921717200048  -37.54836492315121  -596.6580124636173  47.33150443710372  19.799921155986226  -252.57182722887455  -244.28214839161546  -137.8358924358006  -563.5064577145058  -660.0241130581267  53.478414924049616  -292.1871889280444  43.44785386699709  -196.70159910619554  -162.0658831961989  33.247713599959184  -168.77629950177243  290.9626728780523  
-339.1920233940831  -45.76642327612183  -28.173082373580428  -233.87635515087607  331.70053925596494  532.3930102046326  -64.19162250512147  167.14299579213673  -581.7084655756956  234.62920309018307  -7.196690871730652  138.8198817472404  -232.1322507525084  -188.82925344563444  149.7777720031237  312.00731510570847  48.615959290246906  139.41220039767734  0.0  386.47998295155537  530.256869858398  -200.83360308732267  459.2398809200997  14.96944201913459  -26.498009444023523  34.68274772447273  300.97985104246135  460.2368147859808  -231.81456576836058  -457.08933809457665  484.38776908628427  218.42756181326922  -30.802314006230517  542.1043721176821  101.86383547452613  -457.24581206593996  186.74370483478106  159.21212155366356  -113.15962683119722  -104.86994799393813  1.5763079618767506  -424.0942573168285  -520.6119126604493  192.89061532172695  -152.77498853036707  182.86005426467443  -57.289398708518206  -22.653682798521572  172.65991399763652  -29.36409910409509  430.3748732757296  
-725.6720063456385  -432.2464062276772  -414.6530653251358  -620.3563381024314  -54.77944369559043  145.9130272530772  -450.67160545667684  -219.33698715941864  -968.188448527251  -151.8507798613723  -393.676673823286  -247.66010120431497  -618.6122337040638  -575.3092363971898  -236.70221094843168  -74.4726678458469  -337.86402366130847  -247.06778255387803  -386.47998295155537  0.0  143.77688690684266  -587.313586038878  72.75989796854435  -371.5105409324208  -412.9779923955789  -351.79723522708264  -85.50013190909402  73.75683183442544  -618.294548719916  -843.569321046132  97.9077861347289  -168.05242113828615  -417.2822969577859  155.62438916612678  -284.61614747702924  -843.7257950174953  -199.73627811677432  -227.2678613978918  -499.6396097827526  -491.3499309454935  -384.9036749896786  -810.5742402683838  -907.0918956120047  -193.58936762982842  -539.2549714819224  -203.61992868688094  -443.7693816600736  -409.13366575007694  -213.82006895391885  -415.84408205565046  43.89489032417424  
-869.4488932524812  -576.0232931345199  -558.4299522319784  -764.1332250092742  -198.5563306024331  2.1361403462345265  -594.4484923635196  -363.1138740662613  -1111.9653354340937  -295.62766676821497  -537.4535607301286  -391.43698811115763  -762.3891206109065  -719.0861233040325  -380.47909785527435  -218.24955475268956  -481.6409105681511  -390.8446694607207  -530.256869858398  -143.77688690684266  0.0  -731.0904729457206  -71.01698893829831  -515.2874278392635  -556.7548793024216  -495.5741221339253  -229.27701881593669  -70.02005507241722  -762.0714356267586  -987.3462079529747  -45.86910077211377  -311.8293080451288  -561.0591838646285  11.847502259284113  -428.3930343838719  -987.502681924338  -343.513165023617  -371.04474830473447  -643.4164966895953  -635.1268178523362  -528.6805618965213  -954.3511271752266  -1050.8687825188474  -337.3662545366711  -683.0318583887652  -347.3968155937236  -587.5462685669163  -552.9105526569197  -357.5969558607615  -559.6209689624932  -99.88199658266842  
-138.35842030676042  155.06717981120084  172.66052071374224  -33.042752063553394  532.5341423432876  733.2266132919552  136.6419805822012  367.9765988794594  -380.87486248837297  435.46280617750574  193.63691221559202  339.6534848345631  -31.29864766518574  12.004349641688236  350.61137509044636  512.8409181930311  249.44956237756958  340.245803485  200.83360308732267  587.313586038878  731.0904729457206  0.0  660.0734840074224  215.80304510645726  174.33559364329915  235.5163508117954  501.813454129784  661.0704178733035  -30.98096268103791  -256.255735007254  685.2213721736069  419.2611649005919  170.03128908109215  742.9379752050048  302.6974385618488  -256.4122089786173  387.5773079221037  360.04572464098624  87.67397625612546  95.96365509338455  202.40991104919942  -223.2606542295058  -319.77830957312665  393.7242184090496  48.058614556955604  383.6936573519971  143.54420437880447  178.1799202888011  373.4935170849592  171.46950398322758  631.2084763630523  
-798.4319043141828  -505.00630419622155  -487.41296329368015  -693.1162360709758  -127.53934166413478  73.15312928453284  -523.4315034252212  -292.096885127963  -1040.9483464957952  -224.61067782991665  -466.4365717918304  -320.4199991728593  -691.3721316726081  -648.0691343657342  -309.46210891697604  -147.23256581439125  -410.6239216298528  -319.8276805224224  -459.2398809200997  -72.75989796854435  71.01698893829831  -660.0734840074224  0.0  -444.27043890096513  -485.73789036412325  -424.557133195627  -158.26002987763837  0.9969338658810898  -691.0544466884603  -916.3292190146764  25.147888166184543  -240.8123191068305  -490.04219492633024  82.86449119758242  -357.3760454455736  -916.4856929860397  -272.49617608531867  -300.02775936643616  -572.3995077512969  -564.1098289140378  -457.66357295822297  -883.3341382369282  -979.851793580549  -266.34926559837277  -612.0148694504668  -276.3798266554253  -516.5292796286179  -481.8935637186213  -286.5799669224632  -488.6039800241948  -28.86500764437011  
-354.1614654132177  -60.73586529525642  -43.14252439271502  -248.84579717001066  316.73109723683035  517.423568185498  -79.16106452425606  152.17355377300214  -596.6779075948302  219.65976107104848  -22.166132890865242  123.85043972810581  -247.101692771643  -203.79869546476903  134.8083299839891  297.0378730865739  33.646517271112316  124.44275837854275  -14.96944201913459  371.5105409324208  515.2874278392635  -215.80304510645726  444.27043890096513  0.0  -41.46745146315811  19.713305705338144  286.01040902332676  445.2673727668462  -246.78400778749517  -472.05878011371124  469.4183270671497  203.45811979413463  -45.77175602536511  527.1349300985476  86.89439345539154  -472.21525408507455  171.77426281564647  144.24267953452897  -128.1290688503318  -119.83939001307272  -13.39313405725784  -439.06369933596307  -535.5813546795839  177.92117330259236  -167.74443054950166  167.89061224553984  -72.2588407276528  -37.62312481765616  157.69047197850193  -44.33354112322968  415.405431256595  
-312.69401395005957  -19.268413832098304  -1.6750729295569045  -207.37834570685254  358.19854869998846  558.8910196486561  -37.69361306109795  193.64100523616025  -555.2104561316721  261.1272125342066  19.30131857229287  165.31789119126393  -205.6342413084849  -162.3312440016109  176.2757814471472  338.505324549732  75.11396873427043  165.91020984170086  26.498009444023523  412.9779923955789  556.7548793024216  -174.33559364329915  485.73789036412325  41.46745146315811  0.0  61.18075716849626  327.4778604864849  486.73482423000434  -205.31655632433706  -430.5913286505531  510.8857785303078  244.92557125729275  -4.304304562206994  568.6023815617057  128.36184491854965  -430.74780262191643  213.24171427880458  185.7101309976871  -86.66161738717369  -78.3719385499146  28.074317405900274  -397.59624787280495  -494.1139032164258  219.38862476575048  -126.27697908634354  209.35806370869796  -30.791389264494683  3.844326645501951  199.15792344166005  -2.866089660071566  456.87288271975314  
-373.8747711185558  -80.44917100059456  -62.85583009805316  -268.5591028753488  297.0177915314922  497.7102624801598  -98.8743702295942  132.460248067664  -616.3912133001684  199.94645536571034  -41.879438596203386  104.13713402276767  -266.81499847698115  -223.51200117010717  115.09502427865095  277.32456738123574  13.933211565774172  104.7294526732046  -34.68274772447273  351.79723522708264  495.5741221339253  -235.5163508117954  424.557133195627  -19.713305705338144  -61.18075716849626  0.0  266.2971033179886  425.5540670615081  -266.4973134928333  -491.7720858190494  449.70502136181153  183.7448140887965  -65.48506173070325  507.4216243932094  67.1810877500534  -491.9285597904127  152.06095711030832  124.52937382919083  -147.84237455566995  -139.55269571841086  -33.10643976259598  -458.7770050413012  -555.294660384922  158.20786759725422  -187.4577362548398  148.1773065402017  -91.97214643299094  -57.336430522994306  137.9771662731638  -64.04684682856782  395.6921255512569  
-640.1718744365444  -346.7462743185832  -329.1529334160418  -534.8562061933374  30.720688213503593  231.4131591621712  -365.1714735475828  -133.83685525032462  -882.6883166181569  -66.35064795227828  -308.176541914192  -162.15996929522095  -533.1121017949697  -489.8091044880958  -151.20207903933766  11.027464063247123  -252.36389175221444  -161.567650644784  -300.97985104246135  85.50013190909402  229.27701881593669  -501.813454129784  158.26002987763837  -286.01040902332676  -327.4778604864849  -266.2971033179886  0.0  159.25696374351946  -532.794416810822  -758.0691891370379  183.40791804382292  -82.55228922919213  -331.78216504869187  241.1245210752208  -199.11601556793522  -758.2256631084012  -114.23614620768029  -141.76772948879778  -414.13947787365856  -405.8497990363995  -299.4035430805846  -725.0741083592898  -821.5917637029106  -108.0892357207344  -453.7548395728284  -118.11979677778692  -358.26924975097955  -323.6335338409829  -128.31993704482483  -330.34395014655644  129.39502223326826  
-799.4288381800638  -506.00323806210264  -488.40989715956124  -694.1131699368568  -128.53627553001587  72.15619541865175  -524.4284372911022  -293.0938189938441  -1041.9452803616764  -225.60761169579774  -467.43350565771146  -321.4169330387404  -692.3690655384892  -649.0660682316152  -310.4590427828571  -148.22949968027234  -411.6208554957339  -320.8246143883035  -460.2368147859808  -73.75683183442544  70.02005507241722  -661.0704178733035  -0.9969338658810898  -445.2673727668462  -486.73482423000434  -425.5540670615081  -159.25696374351946  0.0  -692.0513805543414  -917.3261528805574  24.150954300303454  -241.8092529727116  -491.03912879221133  81.86755733170133  -358.3729793114547  -917.4826268519207  -273.49310995119976  -301.02469323231725  -573.396441617178  -565.1067627799189  -458.66050682410406  -884.3310721028092  -980.8487274464301  -267.34619946425386  -613.0118033163478  -277.3767605213064  -517.526213494499  -482.8904975845024  -287.5769007883443  -489.6009138900759  -29.8619415102512  
-107.37745762572251  186.04814249223875  203.64148339478015  -2.061789382515485  563.5151050243255  764.2075759729931  167.6229432632391  398.9575615604973  -349.89389980733506  466.44376885854365  224.61787489662993  370.634447515601  -0.31768498414783153  42.985312322726145  381.59233777148427  543.821880874069  280.4305250586075  371.2267661660379  231.81456576836058  618.294548719916  762.0714356267586  30.98096268103791  691.0544466884603  246.78400778749517  205.31655632433706  266.4973134928333  532.794416810822  692.0513805543414  0.0  -225.27477232621607  716.2023348546448  450.2421275816298  201.01225176213006  773.9189378860427  333.6784012428867  -225.43124629757938  418.55827060314164  391.02668732202415  118.65493893716337  126.94461777442245  233.39087373023733  -192.2796915484679  -288.79734689208874  424.70518109008754  79.03957723799351  414.674620033035  174.52516705984237  209.160882969839  404.4744797659971  202.4504666642655  662.1894390440902  
117.89731470049355  411.3229148184548  428.9162557209962  223.21298294370058  788.7898773505416  989.4823482992092  392.8977155894552  624.2323338867134  -124.619127481119  691.7185411847597  449.892647222846  595.909219841817  224.95708734206823  268.2600846489422  606.8671100977003  769.0966532002851  505.70529738482355  596.501538492254  457.08933809457665  843.569321046132  987.3462079529747  256.255735007254  916.3292190146764  472.05878011371124  430.5913286505531  491.7720858190494  758.0691891370379  917.3261528805574  225.27477232621607  0.0  941.4771071808609  675.5168999078459  426.28702408834613  999.1937102122588  558.9531735691028  -0.15647397136331165  643.8330429293577  616.3014596482402  343.92971126337943  352.2193901006385  458.6656460564534  32.99508077774817  -63.522574565872674  649.9799534163036  304.3143495642096  639.9493923592511  399.79993938605844  434.4356552960551  629.7492520922132  427.72523899048156  887.4642113703062  
-823.5797924803674  -530.1541923624061  -512.5608514598647  -718.2641242371603  -152.68722983031932  48.005241118348295  -548.5793915914057  -317.24477329414754  -1066.09623466198  -249.7585659961012  -491.5844599580149  -345.56788733904386  -716.5200198387927  -673.2170225319187  -334.6099970831606  -172.3804539805758  -435.77180979603736  -344.9755686886069  -484.38776908628427  -97.9077861347289  45.86910077211377  -685.2213721736069  -25.147888166184543  -469.4183270671497  -510.8857785303078  -449.70502136181153  -183.40791804382292  -24.150954300303454  -716.2023348546448  -941.4771071808609  0.0  -265.96020727301504  -515.1900830925148  57.71660303139788  -382.52393361175814  -941.6335811522242  -297.6440642515032  -325.1756475326207  -597.5473959174815  -589.2577170802224  -482.8114611244075  -908.4820264031127  -1004.9996817467336  -291.4971537645573  -637.1627576166513  -301.52771482160983  -541.6771677948025  -507.04145188480584  -311.72785508864774  -513.7518681903794  -54.01289581055465  
-557.6195852073523  -264.19398508939105  -246.60064418684965  -452.3039169641453  113.27297744269572  313.96544839136334  -282.6191843183907  -51.28456602113249  -800.1360273889649  16.201641276913847  -225.62425268499987  -79.60768006602882  -450.55981256577763  -407.25681525890366  -68.64978981014553  93.57975329243925  -169.81160252302232  -79.01536141559188  -218.42756181326922  168.05242113828615  311.8293080451288  -419.2611649005919  240.8123191068305  -203.45811979413463  -244.92557125729275  -183.7448140887965  82.55228922919213  241.8092529727116  -450.2421275816298  -675.5168999078459  265.96020727301504  0.0  -249.22987581949974  323.6768103044129  -116.5637263387431  -675.6733738792092  -31.683856978488166  -59.21544025960566  -331.58718864446644  -323.29750980720735  -216.85125385139247  -642.5218191300977  -739.0394744737185  -25.536946491542267  -371.2025503436363  -35.56750754859479  -275.7169605217874  -241.0812446117908  -45.7676478156327  -247.7916609173643  211.9473114624604  
-308.3897093878526  -14.96410926989131  2.6292316326500895  -203.07404114464555  362.50285326219546  563.1953242108631  -33.389308498890955  197.94530979836725  -550.9061515694651  265.4315170964136  23.605623134499865  169.62219575347092  -201.3299367462779  -158.02693943940392  180.5800860093542  342.809629111939  79.41827329647742  170.21451440390786  30.802314006230517  417.2822969577859  561.0591838646285  -170.03128908109215  490.04219492633024  45.77175602536511  4.304304562206994  65.48506173070325  331.78216504869187  491.03912879221133  -201.01225176213006  -426.28702408834613  515.1900830925148  249.22987581949974  0.0  572.9066861239127  132.66614948075664  -426.44349805970944  217.54601884101157  190.01443555989408  -82.3573128249667  -74.06763398770761  32.37862196810727  -393.29194331059796  -489.8095986542188  223.69292932795747  -121.97267452413655  213.66236827090495  -26.48708470228769  8.148631207708945  203.46222800386704  1.438214902135428  461.17718728196013  
-881.2963955117652  -587.870795393804  -570.2774544912626  -775.9807272685582  -210.4038328617172  -9.711361913049586  -606.2959946228036  -374.9613763255454  -1123.8128376933778  -307.4751690274991  -549.3010629894128  -403.28449037044174  -774.2366228701906  -730.9336255633166  -392.32660011455846  -230.09705701197367  -493.48841282743524  -402.6921717200048  -542.1043721176821  -155.62438916612678  -11.847502259284113  -742.9379752050048  -82.86449119758242  -527.1349300985476  -568.6023815617057  -507.4216243932094  -241.1245210752208  -81.86755733170133  -773.9189378860427  -999.1937102122588  -57.71660303139788  -323.6768103044129  -572.9066861239127  0.0  -440.240536643156  -999.3501841836221  -355.3606672829011  -382.8922505640186  -655.2639989488794  -646.9743201116203  -540.5280641558054  -966.1986294345106  -1062.7162847781315  -349.2137567959552  -694.8793606480492  -359.2443178530077  -599.3937708262004  -564.7580549162037  -369.4444581200456  -571.4684712217772  -111.72949884195253  
-441.0558588686092  -147.63025875064795  -130.03691784810655  -335.7401906254022  229.8367037814388  430.52917473010643  -166.0554579796476  65.2791603176106  -683.5723010502218  132.76536761565694  -109.06052634625678  36.956046272714275  -333.99608622703454  -290.69308892016056  47.91393652859756  210.14347963118234  -53.24787618427922  37.54836492315121  -101.86383547452613  284.61614747702924  428.3930343838719  -302.6974385618488  357.3760454455736  -86.89439345539154  -128.36184491854965  -67.1810877500534  199.11601556793522  358.3729793114547  -333.6784012428867  -558.9531735691028  382.52393361175814  116.5637263387431  -132.66614948075664  440.240536643156  0.0  -559.1096475404661  84.87986936025493  57.34828607913744  -215.02346230572334  -206.73378346846425  -100.28752751264938  -525.9580927913546  -622.4757481349754  91.02677984720083  -254.6388240048932  80.9962187901483  -159.15323418304433  -124.5175182730477  70.7960785231104  -131.22793457862122  328.5110378012035  
118.05378867185686  411.47938878981813  429.07272969235953  223.3694569150639  788.9463513219049  989.6388222705725  393.0541895608185  624.3888078580767  -124.46265350975568  691.875015156123  450.0491211942093  596.0656938131804  225.11356131343155  268.4165586203055  607.0235840690636  769.2531271716484  505.86177135618686  596.6580124636173  457.24581206593996  843.7257950174953  987.502681924338  256.4122089786173  916.4856929860397  472.21525408507455  430.74780262191643  491.9285597904127  758.2256631084012  917.4826268519207  225.43124629757938  0.15647397136331165  941.6335811522242  675.6733738792092  426.44349805970944  999.3501841836221  559.1096475404661  0.0  643.989516900721  616.4579336196035  344.08618523474274  352.37586407200183  458.8221200278167  33.15155474911148  -63.36610059450936  650.1364273876669  304.4708235355729  640.1058663306144  399.95641335742175  434.5921292674184  629.9057260635765  427.88171296184487  887.6206853416695  
-525.9357282288641  -232.51012811090288  -214.91678720836148  -420.6200599856571  144.95683442118388  345.6493053698515  -250.93532733990253  -19.600709042644326  -768.4521704104767  47.88549825540201  -193.9403957065117  -47.923823087540654  -418.87595558728947  -375.5729582804155  -36.96593283165737  125.26361027092742  -138.12774554453415  -47.33150443710372  -186.74370483478106  199.73627811677432  343.513165023617  -387.5773079221037  272.49617608531867  -171.77426281564647  -213.24171427880458  -152.06095711030832  114.23614620768029  273.49310995119976  -418.55827060314164  -643.8330429293577  297.6440642515032  31.683856978488166  -217.54601884101157  355.3606672829011  -84.87986936025493  -643.989516900721  0.0  -27.53158328111749  -299.90333166597827  -291.6136528287192  -185.1673968729043  -610.8379621516095  -707.3556174952304  6.146910486945899  -339.5186933651481  -3.8836505701066244  -244.03310354329926  -209.39738763330263  -14.083790837144534  -216.10780393887615  243.63116844094856  
-498.40414494774666  -204.9785448297854  -187.385203927244  -393.08847670453963  172.48841770230138  373.180888650969  -223.40374405878504  7.930874238473166  -740.9205871293592  75.4170815365195  -166.40881242539422  -20.392239806423163  -391.344372306172  -348.041374999298  -9.434349550539878  152.7951935520449  -110.59616226341666  -19.799921155986226  -159.21212155366356  227.2678613978918  371.04474830473447  -360.04572464098624  300.02775936643616  -144.24267953452897  -185.7101309976871  -124.52937382919083  141.76772948879778  301.02469323231725  -391.02668732202415  -616.3014596482402  325.1756475326207  59.21544025960566  -190.01443555989408  382.8922505640186  -57.34828607913744  -616.4579336196035  27.53158328111749  0.0  -272.3717483848608  -264.0820695476017  -157.6358135917868  -583.306378870492  -679.8240342141129  33.67849376806339  -311.98711008403063  23.647932711010867  -216.50152026218177  -181.86580435218514  13.447792443972958  -188.57622065775865  271.16275172206605  
