Height_Data

node	height
0	94.2106121054539
1	79.16792367526597
2	58.557166035340266
3	46.317266662389294
4	26.271396960154586
5	80.16393296487792
6	18.97777284273064
7	62.80996246533937
8	122.21285937406574
9	19.39831189482042
10	54.32843355998218
11	38.52990706211033
12	43.93773251927163
13	106.13704690639123
14	118.64695472716677
15	43.18559311672558
16	51.80684318234105
17	135.36056742967446
18	51.68140228769562
19	34.3836330162578
20	106.58084897917621
21	64.55400172733341
22	61.321528127159546
23	172.54509320449694
24	51.22523572259204
25	97.78278016981311
26	183.36236731285027
27	42.353971241996895
28	122.12019724280461
29	121.8639145969129
30	42.45740125606549
31	166.49665173552174
32	26.975697443994513
33	100.48560132360909
34	41.50720197363497
35	42.109548025507564
36	103.4879246662777
37	88.08481895134459
38	106.09414429809682
39	81.10910820556329
40	131.38338179791648
41	46.184255116589405
42	120.0235123104897
43	46.79202157047384
44	55.831695606776584
45	116.01696741947015
46	59.11822666310999
47	101.94774852004058
48	48.82992905151942
49	63.66003275600337
50	30.806037096299978



height_matrix
0.0  90.25613058112765  213.92067642068184  287.3600726583877  407.635290871796  84.28007484345596  451.3970355763396  188.40389784068725  -168.01348361167106  448.87380126380094  239.2930712728304  334.0842302600615  301.6372775170937  -71.55860880562398  -146.6180557302772  306.15011393237  254.42261353867718  -246.8997319453233  255.17525890654974  358.96187453517666  -74.2214212423338  177.93966226872294  197.3345038697662  -470.0068865942583  257.9122582971712  -21.433008386155166  -534.9105312443783  311.1398451807421  -167.45751082410425  -165.91981494875404  310.5192650963305  -433.716237780407  403.40948796875637  -37.64993530893105  316.22046079091365  312.60638447967807  -55.66387536494278  36.7547589246559  -71.3011931558575  78.60902339934376  -223.0366181547754  288.15814193318704  -154.8774012302148  284.5115432098804  230.27349899206394  -130.8381318840975  210.5543126540635  -46.422818487519976  272.28409832360694  183.30347609670326  380.4274500549236  
-90.25613058112765  0.0  123.6645458395542  197.10394207726006  317.3791602906683  -5.976055737671686  361.14090499521194  98.1477672595596  -258.2696141927987  358.6176706826733  149.03694069170274  243.82809967893382  211.38114693596606  -161.81473938675163  -236.87418631140486  215.89398335124235  164.16648295754953  -337.15586252645096  164.9191283254221  268.705743954049  -164.47755182346145  87.68353168759529  107.07837328863855  -560.2630171753859  167.65612771604356  -111.68913896728282  -625.1666618255059  220.88371459961445  -257.7136414052319  -256.1759455298817  220.26313451520286  -523.9723683615347  313.1533573876287  -127.9060658900587  225.964330209786  222.35025389855042  -145.92000594607043  -53.50137165647175  -161.55732373698515  -11.647107181783895  -313.29274873590305  197.9020113520594  -245.13353181134244  194.25541262875277  140.01736841093629  -221.09426246522514  120.29818207293584  -136.67894906864763  182.0279677424793  93.04734551557561  290.17131947379596  
-213.92067642068184  -123.6645458395542  0.0  73.43939623770586  193.7146144511141  -129.64060157722588  237.47635915565778  -25.516778579994593  -381.9341600323529  234.9531248431191  25.372394852148545  120.16355383937963  87.71660109641186  -285.4792852263058  -360.53873215095905  92.22943751168816  40.50193711799534  -460.82040836600515  41.2545824858679  145.04119811449482  -288.14209766301565  -35.9810141519589  -16.58617255091565  -683.9275630149401  43.99158187648936  -235.353684806837  -748.8312076650601  97.21916876006026  -381.3781872447861  -379.8404913694359  96.59858867564867  -647.6369142010889  189.48881154807452  -251.5706117296129  102.2997843702318  98.68570805899623  -269.5845517856246  -177.16591749602594  -285.22186957653935  -135.3116530213381  -436.95729457545724  74.2374655125052  -368.79807765089663  70.59086678919857  16.35282257138209  -344.75880830477934  -3.366363766618349  -260.3434949082018  58.3634219029251  -30.61720032397858  166.50677363424174  
-287.3600726583877  -197.10394207726006  -73.43939623770586  0.0  120.27521821340824  -203.07999781493174  164.0369629179519  -98.95617481770046  -455.37355627005877  161.51372860541323  -48.06700138555732  46.72415760167377  14.277204858706  -358.9186814640117  -433.9781283886649  18.790041273982297  -32.937459119710525  -534.259804603711  -32.184813751837964  71.60180187678895  -361.5814939007215  -109.42041038966477  -90.02556878862151  -757.366959252646  -29.4478143612165  -308.7930810445429  -822.270603902766  23.779772522354392  -454.81758348249195  -453.27988760714175  23.159192437942806  -721.0763104387947  116.04941531036866  -325.01000796731876  28.86038813252594  25.246311821290362  -343.0239480233305  -250.6053137337318  -358.6612658142452  -208.75104925904395  -510.3966908131631  0.7980692747993317  -442.2374738886025  -2.8485294485072927  -57.08657366632377  -418.1982045424852  -76.80576000432421  -333.7828911459077  -15.075974334780767  -104.05659656168444  93.06737739653587  
-407.635290871796  -317.3791602906683  -193.7146144511141  -120.27521821340824  0.0  -323.35521602834  43.76174470454367  -219.2313930311087  -575.648774483467  41.238510392005  -168.34221959896556  -73.55106061173447  -105.99801335470224  -479.19389967741995  -554.2533466020732  -101.48517693942594  -153.21267733311876  -654.5350228171193  -152.4600319652462  -48.67341633661928  -481.8567121141298  -229.695628603073  -210.30078700202975  -877.6421774660542  -149.72303257462474  -429.06829925795114  -942.5458221161742  -96.49544569105385  -575.0928016959002  -573.55510582055  -97.11602577546543  -841.351528652203  -4.225802903039579  -445.285226180727  -91.4148300808823  -95.02890639211788  -463.29916623673876  -370.88053194714007  -478.9364840276535  -329.0262674724522  -630.6719090265714  -119.4771489386089  -562.5126921020108  -123.12374766191553  -177.361791879732  -538.4734227558935  -197.08097821773245  -454.05810935931595  -135.351192548189  -224.33181477509268  -27.207840816872363  
-84.28007484345596  5.976055737671686  129.64060157722588  203.07999781493174  323.35521602834  0.0  367.1169607328836  104.12382299723129  -252.29355845512703  364.593726420345  155.01299642937443  249.8041554166055  217.35720267363774  -155.83868364907994  -230.89813057373317  221.87003908891404  170.14253869522122  -331.1798067887793  170.89518406309378  274.6817996917207  -158.50149608578977  93.65958742526698  113.05442902631023  -554.2869614377142  173.63218345371524  -105.71308322961113  -619.1906060878342  226.85977033728614  -251.7375856675602  -250.19988979221  226.23919025287455  -517.996312623863  319.1294131253004  -121.93001015238701  231.94038594745768  228.3263096362221  -139.94395020839875  -47.52531591880006  -155.58126799931347  -5.671051444112209  -307.31669299823136  203.87806708973108  -239.15747607367075  200.23146836642445  145.99342414860797  -215.11820672755346  126.27423781060753  -130.70289333097594  188.00402348015098  99.0234012532473  296.14737521146765  
-451.3970355763396  -361.14090499521194  -237.47635915565778  -164.0369629179519  -43.76174470454367  -367.1169607328836  0.0  -262.99313773565234  -619.4105191880107  -2.5232343125386762  -212.10396430350923  -117.31280531627814  -149.7597580592459  -522.9556443819636  -598.0150913066168  -145.2469216439696  -196.97442203766244  -698.2967675216629  -196.22177666978988  -92.43516104116296  -525.6184568186734  -273.45737330761665  -254.06253170657342  -921.4039221705979  -193.4847772791684  -472.83004396249476  -986.3075668207179  -140.25719039559752  -618.8545464004438  -617.3168505250936  -140.8777704800091  -885.1132733567466  -47.98754760758325  -489.04697088527064  -135.17657478542597  -138.79065109666155  -507.0609109412824  -414.6422766516837  -522.6982287321971  -372.78801217699584  -674.433653731115  -163.23889364315258  -606.2744368065544  -166.8854923664592  -221.12353658427568  -582.2351674604371  -240.84272292227612  -497.81985406385957  -179.11293725273268  -268.0935594796364  -70.96958552141604  
-188.40389784068725  -98.1477672595596  25.516778579994593  98.95617481770046  219.2313930311087  -104.12382299723129  262.99313773565234  0.0  -356.4173814523583  260.4699034231137  50.88917343214314  145.68033241937422  113.23337967640646  -259.9625066463112  -335.02195357096446  117.74621609168275  66.01871569798993  -435.30362978601056  66.7713610658625  170.5579766944894  -262.62531908302105  -10.46423557196431  8.930606029078945  -658.4107844349455  69.50836045648396  -209.83690622684242  -723.3144290850655  122.73594734005485  -355.8614086647915  -354.3237127894413  122.11536725564326  -622.1201356210943  215.00559012806912  -226.0538331496183  127.8165629502264  124.20248663899082  -244.06777320563003  -151.64913891603135  -259.70509099654475  -109.7948744413435  -411.44051599546265  99.75424409249979  -343.28129907090204  96.10764536919316  41.869601151376685  -319.24202972478474  22.150414813376244  -234.82671632820723  83.88020048291969  -5.100421743983986  192.02355221423633  
168.01348361167106  258.2696141927987  381.9341600323529  455.37355627005877  575.648774483467  252.29355845512703  619.4105191880107  356.4173814523583  0.0  616.887284875472  407.30655488450145  502.09771387173254  469.65076112876477  96.45487480604709  21.395427881393857  474.16359754404107  422.43609715034825  -78.88624833365225  423.1887425182208  526.9753581468477  93.79206236933726  345.953145880394  365.34798748143726  -301.9934029825872  425.92574190884227  146.5804752255159  -366.8970476327072  479.15332879241316  0.5559727875668159  2.0936686629170254  478.5327487080016  -265.70275416873596  571.4229715804274  130.36354830274  484.2339444025847  480.61986809134913  112.34960824672828  204.76824253632697  96.71229045581356  246.62250701101482  -55.023134543104334  456.1716255448581  13.136082381456276  452.5250268215515  398.286982603735  37.17535172757357  378.56779626573456  121.59066512415109  440.297581935278  351.3169597083743  548.4409336665947  
-448.87380126380094  -358.6176706826733  -234.9531248431191  -161.51372860541323  -41.238510392005  -364.593726420345  2.5232343125386762  -260.4699034231137  -616.887284875472  0.0  -209.58072999097055  -114.78957100373947  -147.23652374670723  -520.4324100694249  -595.4918569940781  -142.72368733143094  -194.45118772512376  -695.7735332091243  -193.6985423572512  -89.91192672862428  -523.0952225061347  -270.934138995078  -251.53929739403475  -918.8806878580592  -190.96154296662974  -470.3068096499561  -983.7843325081792  -137.73395608305884  -616.3313120879052  -614.793616212555  -138.35453616747043  -882.590039044208  -45.464313295044576  -486.523736572732  -132.6533404728873  -136.26741678412287  -504.5376766287437  -412.11904233914504  -520.1749944196584  -370.2647778644572  -671.9104194185763  -160.7156593306139  -603.7512024940157  -164.36225805392053  -218.600302271737  -579.7119331478984  -238.31948860973745  -495.2966197513209  -176.589702940194  -265.5703251670977  -68.44635120887736  
-239.2930712728304  -149.03694069170274  -25.372394852148545  48.06700138555732  168.34221959896556  -155.01299642937443  212.10396430350923  -50.88917343214314  -407.30655488450145  209.58072999097055  0.0  94.79115898723109  62.34420624426332  -310.85168007845436  -385.9111270031076  66.85704265953962  15.129542265846794  -486.1928032181537  15.882187633719354  119.66880326234627  -313.5144925151642  -61.35340900410745  -41.958567403064194  -709.2999578670887  18.619187024340818  -260.72607965898555  -774.2036025172087  71.84677390791171  -406.75058209693464  -405.2128862215844  71.22619382350013  -673.0093090532374  164.11641669592598  -276.94300658176144  76.92738951808326  73.31331320684768  -294.95694663777317  -202.5383123481745  -310.5942644286879  -160.68404787348663  -462.3296894276058  48.86507066035665  -394.1704725030452  45.218471937050026  -9.019572280766454  -370.1312031569279  -28.738758618766894  -285.71588976035036  32.99102705077655  -55.989595176127125  141.1343787820932  
-334.0842302600615  -243.82809967893382  -120.16355383937963  -46.72415760167377  73.55106061173447  -249.8041554166055  117.31280531627814  -145.68033241937422  -502.09771387173254  114.78957100373947  -94.79115898723109  0.0  -32.44695274296777  -405.64283906568545  -480.7022859903387  -27.93411632769147  -79.66161672138429  -580.9839622053848  -78.90897135351173  24.877644275115188  -408.3056515023953  -156.14456799133853  -136.74972639029528  -804.0911168543198  -76.17197196289027  -355.51723864621664  -868.9947615044398  -22.944385079319375  -501.5417410841657  -500.0040452088155  -23.56496516373096  -767.8004680404686  69.32525770869489  -371.7341655689925  -17.863769469147826  -21.477845780383404  -389.74810562500426  -297.3294713354056  -405.385423415919  -255.47520686071772  -557.1208484148369  -45.926088326874435  -488.96163149027626  -49.57268705018106  -103.81073126799754  -464.92236214415897  -123.52991760599798  -380.50704874758145  -61.800131936454534  -150.7807541633582  46.34321979486211  
-301.6372775170937  -211.38114693596606  -87.71660109641186  -14.277204858706  105.99801335470224  -217.35720267363774  149.7597580592459  -113.23337967640646  -469.65076112876477  147.23652374670723  -62.34420624426332  32.44695274296777  0.0  -373.1958863227177  -448.2553332473709  4.512836415276297  -47.214663978416525  -548.537009462417  -46.462018610543964  57.324597018082954  -375.8586987594275  -123.69761524837077  -104.30277364732751  -771.644164111352  -43.7250192199225  -323.0702859032489  -836.547808761472  9.502567663648392  -469.09478834119795  -467.55709246584775  8.881987579236807  -735.3535152975007  101.77221045166266  -339.28721282602476  14.583183273819941  10.969106962584362  -357.3011528820365  -264.8825185924378  -372.9384706729512  -223.02825411774995  -524.6738956718691  -13.479135583906668  -456.5146787473085  -17.125734307213293  -71.36377852502977  -432.4754094011912  -91.08296486303021  -348.0600960046137  -29.353179193486767  -118.33380142039044  78.79017253782987  
71.55860880562398  161.81473938675163  285.4792852263058  358.9186814640117  479.19389967741995  155.83868364907994  522.9556443819636  259.9625066463112  -96.45487480604709  520.4324100694249  310.85168007845436  405.64283906568545  373.1958863227177  0.0  -75.05944692465323  377.708722737994  325.98122234430116  -175.34112313969933  326.7338677121737  430.52048334080064  -2.662812436709828  249.49827107434692  268.89311267539017  -398.4482777886343  329.4708671027952  50.12560041946881  -463.3519224387543  382.6984539863661  -95.89890201848027  -94.36120614313006  382.0778739019545  -362.15762897478305  474.96809677438034  33.90867349669293  387.7790695965376  384.16499328530205  15.894733440681193  108.31336773027988  0.2574156497664717  150.16763220496773  -151.47800934915142  359.716750738811  -83.31879242459081  356.0701520155044  301.8321077976879  -59.27952307847352  282.11292145968747  25.135790318104  343.8427071292309  254.86208490232724  451.9860588605476  
146.6180557302772  236.87418631140486  360.53873215095905  433.9781283886649  554.2533466020732  230.89813057373317  598.0150913066168  335.02195357096446  -21.395427881393857  595.4918569940781  385.9111270031076  480.7022859903387  448.2553332473709  75.05944692465323  0.0  452.7681696626472  401.0406692689544  -100.2816762150461  401.79331463682695  505.57993026545387  72.3966344879434  324.55771799900015  343.9525596000434  -323.38883086398107  404.5303140274484  125.18504734412204  -388.29247551410106  457.7579009110193  -20.83945509382704  -19.301759218476832  457.1373208266077  -287.0981820501298  550.0275436990336  108.96812042134616  462.83851652119085  459.2244402099553  90.95418036533442  183.3728146549331  75.3168625744197  225.22707912962096  -76.41856242449819  434.77619766346425  -8.25934549993758  431.1295989401576  376.89155472234114  15.779923846179713  357.1723683843407  100.19523724275723  418.90215405388415  329.92153182698047  527.0455057852008  
-306.15011393237  -215.89398335124235  -92.22943751168816  -18.790041273982297  101.48517693942594  -221.87003908891404  145.2469216439696  -117.74621609168275  -474.16359754404107  142.72368733143094  -66.85704265953962  27.93411632769147  -4.512836415276297  -377.708722737994  -452.7681696626472  0.0  -51.72750039369282  -553.0498458776933  -50.97485502582026  52.81176060280666  -380.3715351747038  -128.21045166364706  -108.81561006260381  -776.1570005266283  -48.2378556351988  -327.58312231852517  -841.0606451767483  4.989731248372095  -473.60762475647425  -472.06992888112404  4.36915116396051  -739.866351712777  97.25937403638636  -343.80004924130105  10.070346858543644  6.4562705473080655  -361.8139892973128  -269.3953550077141  -377.4513070882275  -227.54109053302625  -529.1867320871454  -17.991971999182965  -461.0275151625848  -21.63857072248959  -75.87661494030607  -436.9882458164675  -95.59580127830651  -352.57293241989  -33.866015608763064  -122.84663783566674  74.27733612255358  
-254.42261353867718  -164.16648295754953  -40.50193711799534  32.937459119710525  153.21267733311876  -170.14253869522122  196.97442203766244  -66.01871569798993  -422.43609715034825  194.45118772512376  -15.129542265846794  79.66161672138429  47.214663978416525  -325.98122234430116  -401.0406692689544  51.72750039369282  0.0  -501.3223454840005  0.7526453678725602  104.53926099649948  -328.644034781011  -76.48295126995424  -57.08810966891099  -724.4295001329355  3.4896447584940233  -275.85562192483235  -789.3331447830554  56.71723164206492  -421.88012436278143  -420.3424284874312  56.09665155765333  -688.1388513190842  148.98687443007918  -292.07254884760823  61.797847252236465  58.18377094100089  -310.08648890361997  -217.66785461402128  -325.7238066945347  -175.81359013933343  -477.4592316934526  33.735528394509856  -409.30001476889197  30.088929671203232  -24.149114546613248  -385.2607454227747  -43.86830088461369  -300.84543202619716  17.861484784929758  -71.11913744197392  126.0048365162464  
246.8997319453233  337.15586252645096  460.82040836600515  534.259804603711  654.5350228171193  331.1798067887793  698.2967675216629  435.30362978601056  78.88624833365225  695.7735332091243  486.1928032181537  580.9839622053848  548.537009462417  175.34112313969933  100.2816762150461  553.0498458776933  501.3223454840005  0.0  502.07499085187305  605.8616064805  172.6783107029895  424.83939421404625  444.2342358150895  -223.10715464893497  504.8119902424945  225.46672355916814  -288.01079929905495  558.0395771260654  79.44222112121906  80.97991699656927  557.4189970416538  -186.81650583508372  650.3092199140797  209.24979663639226  563.120192736237  559.5061164250014  191.23585658038053  283.6544908699792  175.5985387894658  325.50875534466707  23.863113790547914  535.0578738785103  92.02233071510852  531.4112751552037  477.17323093738725  116.06160006122582  457.4540445993868  200.47691345780333  519.1838302689303  430.2032080420266  627.3271820002469  
-255.17525890654974  -164.9191283254221  -41.2545824858679  32.184813751837964  152.4600319652462  -170.89518406309378  196.22177666978988  -66.7713610658625  -423.1887425182208  193.6985423572512  -15.882187633719354  78.90897135351173  46.462018610543964  -326.7338677121737  -401.79331463682695  50.97485502582026  -0.7526453678725602  -502.07499085187305  0.0  103.78661562862692  -329.39668014888355  -77.2355966378268  -57.84075503678355  -725.182145500808  2.736999390621463  -276.6082672927049  -790.085790150928  55.96458627419236  -422.632769730654  -421.0950738553038  55.34400618978077  -688.8914966869568  148.23422906220662  -292.8251942154808  61.045201884363905  57.43112557312833  -310.8391342714925  -218.42049998189384  -326.47645206240725  -176.566235507206  -478.21187706132514  32.982883026637296  -410.05266013676453  29.33628430333067  -24.901759914485808  -386.01339079064724  -44.62094625248625  -301.5980773940697  17.108839417057197  -71.87178280984648  125.25219114837384  
-358.96187453517666  -268.705743954049  -145.04119811449482  -71.60180187678895  48.67341633661928  -274.6817996917207  92.43516104116296  -170.5579766944894  -526.9753581468477  89.91192672862428  -119.66880326234627  -24.877644275115188  -57.324597018082954  -430.52048334080064  -505.57993026545387  -52.81176060280666  -104.53926099649948  -605.8616064805  -103.78661562862692  0.0  -433.18329577751047  -181.02221226645372  -161.62737066541047  -828.9687611294349  -101.04961623800546  -380.3948829213318  -893.8724057795549  -47.82202935443456  -526.4193853592809  -524.8816894839307  -48.44260943884615  -792.6781123155837  44.447613433579704  -396.6118098441077  -42.74141374426301  -46.35549005549859  -414.62574990011944  -322.20711561052076  -430.26306769103417  -280.3528511358329  -581.9984926899521  -70.80373260198962  -513.8392757653914  -74.45033132529625  -128.68837554311273  -489.80000641927415  -148.40756188111317  -405.38469302269664  -86.67777621156972  -175.6583984384734  21.46557551974692  
74.2214212423338  164.47755182346145  288.14209766301565  361.5814939007215  481.8567121141298  158.50149608578977  525.6184568186734  262.62531908302105  -93.79206236933726  523.0952225061347  313.5144925151642  408.3056515023953  375.8586987594275  2.662812436709828  -72.3966344879434  380.3715351747038  328.644034781011  -172.6783107029895  329.39668014888355  433.18329577751047  0.0  252.16108351105675  271.5559251121  -395.7854653519245  332.133679539505  52.78841285617864  -460.68911000204446  385.3612664230759  -93.23608958177044  -91.69839370642023  384.7406863386643  -359.4948165380732  477.63090921109017  36.571485933402755  390.44188203324745  386.8278057220119  18.55754587739102  110.9761801669897  2.9202280864762997  152.83044464167756  -148.8151969124416  362.37956317552084  -80.65597998788098  358.7329644522142  304.49492023439774  -56.61671064176369  284.7757338963973  27.798602754813828  346.50551956594074  257.52489733903707  454.6488712972574  
-177.93966226872294  -87.68353168759529  35.9810141519589  109.42041038966477  229.695628603073  -93.65958742526698  273.45737330761665  10.46423557196431  -345.953145880394  270.934138995078  61.35340900410745  156.14456799133853  123.69761524837077  -249.49827107434692  -324.55771799900015  128.21045166364706  76.48295126995424  -424.83939421404625  77.2355966378268  181.02221226645372  -252.16108351105675  0.0  19.394841601043254  -647.9465488629812  79.97259602844827  -199.3726706548781  -712.8501935131012  133.20018291201916  -345.3971730928272  -343.859477217477  132.57960282760757  -611.65590004913  225.46982570003343  -215.589597577654  138.2807985221907  134.66672221095513  -233.60353763366572  -141.18490334406704  -249.24085542458045  -99.33063886937919  -400.97628042349834  110.2184796644641  -332.8170634989377  106.57188094115747  52.333836723340994  -308.77779415282043  32.61465038534055  -224.36248075624292  94.344436054884  5.363813827980323  202.48778778620064  
-197.3345038697662  -107.07837328863855  16.58617255091565  90.02556878862151  210.30078700202975  -113.05442902631023  254.06253170657342  -8.930606029078945  -365.34798748143726  251.53929739403475  41.958567403064194  136.74972639029528  104.30277364732751  -268.89311267539017  -343.9525596000434  108.81561006260381  57.08810966891099  -444.2342358150895  57.84075503678355  161.62737066541047  -271.5559251121  -19.394841601043254  0.0  -667.3413904640245  60.57775442740501  -218.76751225592136  -732.2450351141445  113.8053413109759  -364.79201469387044  -363.25431881852023  113.18476122656432  -631.0507416501732  206.07498409899017  -234.98443917869724  118.88595692114745  115.27188060991188  -252.99837923470898  -160.5797449451103  -268.6356970256237  -118.72548047042244  -420.3711220245416  90.82363806342084  -352.211905099981  87.17703934011422  32.93899512229774  -328.1726357538637  13.2198087842973  -243.75732235728617  74.94959445384075  -14.031027773062931  183.0929461851574  
470.0068865942583  560.2630171753859  683.9275630149401  757.366959252646  877.6421774660542  554.2869614377142  921.4039221705979  658.4107844349455  301.9934029825872  918.8806878580592  709.2999578670887  804.0911168543198  771.644164111352  398.4482777886343  323.38883086398107  776.1570005266283  724.4295001329355  223.10715464893497  725.182145500808  828.9687611294349  395.7854653519245  647.9465488629812  667.3413904640245  0.0  727.9191448914295  448.5738782081031  -64.90364465011999  781.1467317750004  302.54937577015403  304.08707164550424  780.5261516905888  36.29064881385125  873.4163745630146  432.3569512853272  786.2273473851719  782.6132710739364  414.3430112293155  506.7616455189142  398.7056934384008  548.615909993602  246.97026843948288  758.1650285274453  315.1294853640435  754.5184298041387  700.2803855863222  339.1687547101608  680.5611992483218  423.5840681067383  742.2909849178652  653.3103626909615  850.4343366491819  
-257.9122582971712  -167.65612771604356  -43.99158187648936  29.4478143612165  149.72303257462474  -173.63218345371524  193.4847772791684  -69.50836045648396  -425.92574190884227  190.96154296662974  -18.619187024340818  76.17197196289027  43.7250192199225  -329.4708671027952  -404.5303140274484  48.2378556351988  -3.4896447584940233  -504.8119902424945  -2.736999390621463  101.04961623800546  -332.133679539505  -79.97259602844827  -60.57775442740501  -727.9191448914295  0.0  -279.3452666833264  -792.8227895415495  53.22758688357089  -425.36976912127545  -423.83207324592524  52.60700679915931  -691.6284960775782  145.49722967158516  -295.56219360610226  58.30820249374244  54.694126182506864  -313.576133662114  -221.1574993725153  -329.2134514530287  -179.30323489782745  -480.9488764519466  30.245883636015833  -412.789659527386  26.59928491270921  -27.63875930510727  -388.7503901812687  -47.35794564310771  -304.3350767846912  14.371840026435734  -74.60878220046794  122.51519175775238  
21.433008386155166  111.68913896728282  235.353684806837  308.7930810445429  429.06829925795114  105.71308322961113  472.83004396249476  209.83690622684242  -146.5804752255159  470.3068096499561  260.72607965898555  355.51723864621664  323.0702859032489  -50.12560041946881  -125.18504734412204  327.58312231852517  275.85562192483235  -225.46672355916814  276.6082672927049  380.3948829213318  -52.78841285617864  199.3726706548781  218.76751225592136  -448.5738782081031  279.3452666833264  0.0  -513.4775228582231  332.57285356689727  -146.02450243794908  -144.48680656259887  331.9522734824857  -412.28322939425186  424.84249635491153  -16.216926922775883  337.6534691770688  334.03939286583324  -34.23086697878762  58.18776731081107  -49.86818476970234  100.04203178549892  -201.60360976862023  309.5911503193422  -133.44439284405962  305.9445515960356  251.7065073782191  -109.40512349794233  231.98732104021866  -24.98981010136481  293.7171067097621  204.73648448285843  401.8604584410788  
534.9105312443783  625.1666618255059  748.8312076650601  822.270603902766  942.5458221161742  619.1906060878342  986.3075668207179  723.3144290850655  366.8970476327072  983.7843325081792  774.2036025172087  868.9947615044398  836.547808761472  463.3519224387543  388.29247551410106  841.0606451767483  789.3331447830554  288.01079929905495  790.085790150928  893.8724057795549  460.68911000204446  712.8501935131012  732.2450351141445  64.90364465011999  792.8227895415495  513.4775228582231  0.0  846.0503764251204  367.453020420274  368.9907162956242  845.4297963407088  101.19429346397123  938.3200192131346  497.2605959354472  851.1309920352919  847.5169157240564  479.2466558794355  571.6652901690342  463.60933808852076  613.519554643722  311.87391308960287  823.0686731775653  380.0331300141635  819.4220744542587  765.1840302364421  404.07239936028077  745.4648438984418  488.4877127568583  807.1946295679852  718.2140073410815  915.3379812993019  
-311.1398451807421  -220.88371459961445  -97.21916876006026  -23.779772522354392  96.49544569105385  -226.85977033728614  140.25719039559752  -122.73594734005485  -479.15332879241316  137.73395608305884  -71.84677390791171  22.944385079319375  -9.502567663648392  -382.6984539863661  -457.7579009110193  -4.989731248372095  -56.71723164206492  -558.0395771260654  -55.96458627419236  47.82202935443456  -385.3612664230759  -133.20018291201916  -113.8053413109759  -781.1467317750004  -53.22758688357089  -332.57285356689727  -846.0503764251204  0.0  -478.59735600484635  -477.05966012949614  -0.6205800844115856  -744.8560829611491  92.26964278801427  -348.78978048967315  5.080615610171549  1.4665392989359702  -366.8037205456849  -274.3850862560862  -382.4410383365996  -232.53082178139834  -534.1764633355175  -22.98170324755506  -466.0172464109569  -26.628301970861685  -80.86634618867816  -441.9779770648396  -100.5855325266786  -357.5626636682621  -38.85574685713516  -127.83636908403884  69.28760487418148  
167.45751082410425  257.7136414052319  381.3781872447861  454.81758348249195  575.0928016959002  251.7375856675602  618.8545464004438  355.8614086647915  -0.5559727875668159  616.3313120879052  406.75058209693464  501.5417410841657  469.09478834119795  95.89890201848027  20.83945509382704  473.60762475647425  421.88012436278143  -79.44222112121906  422.632769730654  526.4193853592809  93.23608958177044  345.3971730928272  364.79201469387044  -302.54937577015403  425.36976912127545  146.02450243794908  -367.453020420274  478.59735600484635  0.0  1.5376958753502095  477.97677592043476  -266.2587269563028  570.8669987928606  129.8075755151732  483.6779716150179  480.0638953037823  111.79363545916146  204.21226974876015  96.15631766824674  246.066534223448  -55.57910733067115  455.6156527572913  12.58010959388946  451.96905403398466  397.7310098161682  36.619378940006754  378.01182347816774  121.03469233658427  439.7416091477112  350.7609869208075  547.8849608790279  
165.91981494875404  256.1759455298817  379.8404913694359  453.27988760714175  573.55510582055  250.19988979221  617.3168505250936  354.3237127894413  -2.0936686629170254  614.793616212555  405.2128862215844  500.0040452088155  467.55709246584775  94.36120614313006  19.301759218476832  472.06992888112404  420.3424284874312  -80.97991699656927  421.0950738553038  524.8816894839307  91.69839370642023  343.859477217477  363.25431881852023  -304.08707164550424  423.83207324592524  144.48680656259887  -368.9907162956242  477.05966012949614  -1.5376958753502095  0.0  476.43908004508455  -267.796422831653  569.3293029175104  128.269879639823  482.1402757396677  478.5261994284321  110.25593958381126  202.67457387340994  94.61862179289653  244.5288383480978  -57.11680320602136  454.0779568819411  11.042413718539251  450.43135815863445  396.193313940818  35.081683064656545  376.47412760281753  119.49699646123406  438.203913272361  349.2232910454573  546.3472650036776  
-310.5192650963305  -220.26313451520286  -96.59858867564867  -23.159192437942806  97.11602577546543  -226.23919025287455  140.8777704800091  -122.11536725564326  -478.5327487080016  138.35453616747043  -71.22619382350013  23.56496516373096  -8.881987579236807  -382.0778739019545  -457.1373208266077  -4.36915116396051  -56.09665155765333  -557.4189970416538  -55.34400618978077  48.44260943884615  -384.7406863386643  -132.57960282760757  -113.18476122656432  -780.5261516905888  -52.60700679915931  -331.9522734824857  -845.4297963407088  0.6205800844115856  -477.97677592043476  -476.43908004508455  0.0  -744.2355028767375  92.89022287242585  -348.16920040526156  5.701195694583134  2.087119383347556  -366.1831404612733  -273.7645061716746  -381.820458252188  -231.91024169698676  -533.5558832511059  -22.361123163143475  -465.3966663265453  -26.0077218864501  -80.24576610426658  -441.357396980428  -99.96495244226702  -356.9420835838505  -38.235166772723574  -127.21578899962725  69.90818495859307  
433.716237780407  523.9723683615347  647.6369142010889  721.0763104387947  841.351528652203  517.996312623863  885.1132733567466  622.1201356210943  265.70275416873596  882.590039044208  673.0093090532374  767.8004680404686  735.3535152975007  362.15762897478305  287.0981820501298  739.866351712777  688.1388513190842  186.81650583508372  688.8914966869568  792.6781123155837  359.4948165380732  611.65590004913  631.0507416501732  -36.29064881385125  691.6284960775782  412.28322939425186  -101.19429346397123  744.8560829611491  266.2587269563028  267.796422831653  744.2355028767375  0.0  837.1257257491634  396.066302471476  749.9366985713207  746.3226222600852  378.05236241546424  470.47099670506293  362.4150446245495  512.3252611797508  210.67961962563163  721.8743797135941  278.83883655019224  718.2277809902874  663.9897367724709  302.87810589630953  644.2705504344706  387.29341929288705  706.000336104014  617.0197138771102  814.1436878353306  
-403.40948796875637  -313.1533573876287  -189.48881154807452  -116.04941531036866  4.225802903039579  -319.1294131253004  47.98754760758325  -215.00559012806912  -571.4229715804274  45.464313295044576  -164.11641669592598  -69.32525770869489  -101.77221045166266  -474.96809677438034  -550.0275436990336  -97.25937403638636  -148.98687443007918  -650.3092199140797  -148.23422906220662  -44.447613433579704  -477.63090921109017  -225.46982570003343  -206.07498409899017  -873.4163745630146  -145.49722967158516  -424.84249635491153  -938.3200192131346  -92.26964278801427  -570.8669987928606  -569.3293029175104  -92.89022287242585  -837.1257257491634  0.0  -441.0594232776874  -87.18902717784272  -90.8031034890783  -459.07336333369915  -366.65472904410046  -474.71068112461387  -324.8004645694126  -626.4461061235318  -115.25134603556933  -558.2868891989712  -118.89794475887595  -173.13598897669243  -534.2476198528539  -192.85517531469287  -449.83230645627634  -131.12538964514943  -220.1060118720531  -22.982037913832784  
37.64993530893105  127.9060658900587  251.5706117296129  325.01000796731876  445.285226180727  121.93001015238701  489.04697088527064  226.0538331496183  -130.36354830274  486.523736572732  276.94300658176144  371.7341655689925  339.28721282602476  -33.90867349669293  -108.96812042134616  343.80004924130105  292.07254884760823  -209.24979663639226  292.8251942154808  396.6118098441077  -36.571485933402755  215.589597577654  234.98443917869724  -432.3569512853272  295.56219360610226  16.216926922775883  -497.2605959354472  348.78978048967315  -129.8075755151732  -128.269879639823  348.16920040526156  -396.066302471476  441.0594232776874  0.0  353.8703960998447  350.2563197886091  -18.013940056011734  74.40469423358695  -33.651257846926455  116.2589587082748  -185.38668284584435  325.8080772421181  -117.22746592128374  322.16147851881146  267.923434300995  -93.18819657516644  248.20424796299454  -8.772883178588927  309.934033632538  220.9534114056343  418.07738536385466  
-316.22046079091365  -225.964330209786  -102.2997843702318  -28.86038813252594  91.4148300808823  -231.94038594745768  135.17657478542597  -127.8165629502264  -484.2339444025847  132.6533404728873  -76.92738951808326  17.863769469147826  -14.583183273819941  -387.7790695965376  -462.83851652119085  -10.070346858543644  -61.797847252236465  -563.120192736237  -61.045201884363905  42.74141374426301  -390.44188203324745  -138.2807985221907  -118.88595692114745  -786.2273473851719  -58.30820249374244  -337.6534691770688  -851.1309920352919  -5.080615610171549  -483.6779716150179  -482.1402757396677  -5.701195694583134  -749.9366985713207  87.18902717784272  -353.8703960998447  0.0  -3.6140763112355785  -371.88433615585643  -279.46570186625775  -387.52165394677115  -237.6114373915699  -539.257078945689  -28.06231885772661  -471.09786202112844  -31.708917581033234  -85.94696179884971  -447.05859267501114  -105.66614813685015  -362.6432792784336  -43.93636246730671  -132.91698469421038  64.20698926400993  
-312.60638447967807  -222.35025389855042  -98.68570805899623  -25.246311821290362  95.02890639211788  -228.3263096362221  138.79065109666155  -124.20248663899082  -480.61986809134913  136.26741678412287  -73.31331320684768  21.477845780383404  -10.969106962584362  -384.16499328530205  -459.2244402099553  -6.4562705473080655  -58.18377094100089  -559.5061164250014  -57.43112557312833  46.35549005549859  -386.8278057220119  -134.66672221095513  -115.27188060991188  -782.6132710739364  -54.694126182506864  -334.03939286583324  -847.5169157240564  -1.4665392989359702  -480.0638953037823  -478.5261994284321  -2.087119383347556  -746.3226222600852  90.8031034890783  -350.2563197886091  3.6140763112355785  0.0  -368.27025984462085  -275.85162555502217  -383.9075776355356  -233.99736108033431  -535.6430026344535  -24.44824254649103  -467.48378570989286  -28.094841269797655  -82.33288548761413  -443.44451636377556  -102.05207182561458  -359.02920296719805  -40.32228615607113  -129.3029083829748  67.82106557524551  
55.66387536494278  145.92000594607043  269.5845517856246  343.0239480233305  463.29916623673876  139.94395020839875  507.0609109412824  244.06777320563003  -112.34960824672828  504.5376766287437  294.95694663777317  389.74810562500426  357.3011528820365  -15.894733440681193  -90.95418036533442  361.8139892973128  310.08648890361997  -191.23585658038053  310.8391342714925  414.62574990011944  -18.55754587739102  233.60353763366572  252.99837923470898  -414.3430112293155  313.576133662114  34.23086697878762  -479.2466558794355  366.8037205456849  -111.79363545916146  -110.25593958381126  366.1831404612733  -378.05236241546424  459.07336333369915  18.013940056011734  371.88433615585643  368.27025984462085  0.0  92.41863428959869  -15.637317790914722  134.27289876428654  -167.3727427898326  343.8220172981298  -99.213525865272  340.1754185748232  285.9373743570067  -75.17425651915471  266.2181880190063  9.241056877422807  327.9479736885497  238.96735146164605  436.0913254198664  
-36.7547589246559  53.50137165647175  177.16591749602594  250.6053137337318  370.88053194714007  47.52531591880006  414.6422766516837  151.64913891603135  -204.76824253632697  412.11904233914504  202.5383123481745  297.3294713354056  264.8825185924378  -108.31336773027988  -183.3728146549331  269.3953550077141  217.66785461402128  -283.6544908699792  218.42049998189384  322.20711561052076  -110.9761801669897  141.18490334406704  160.5797449451103  -506.7616455189142  221.1574993725153  -58.18776731081107  -571.6652901690342  274.3850862560862  -204.21226974876015  -202.67457387340994  273.7645061716746  -470.47099670506293  366.65472904410046  -74.40469423358695  279.46570186625775  275.85162555502217  -92.41863428959869  0.0  -108.0559520805134  41.85426447468785  -259.7913770794313  251.40338300853114  -191.6321601548707  247.7567842852245  193.51874006740803  -167.5928908087534  173.7995537294076  -83.17757741217588  235.52933939895104  146.54871717204736  343.6726911302677  
