Height_Data

node	height
0	42.803975705542946
1	124.95897658835926
2	111.10472727029959
3	68.62131348763734
4	21.653511903079455
5	45.90259825016807
6	62.83636790764079
7	43.59895660493817
8	61.67847480924753
9	48.129580802842675
10	16.690379425721943
11	66.17592206641142
12	121.64849039119201
13	27.871244464338343
14	38.93775296453854
15	79.974994319546
16	121.00378088425835
17	153.52023234209696
18	68.87520022163073
19	19.111078873906138
20	63.096556233237536
21	35.075486395556766
22	47.76050890465416
23	52.99957930163367
24	86.30409323439386
25	38.38340694414301
26	58.784894870500096
27	32.11753094166093
28	42.83117657450073
29	49.135889784105466
30	29.007206760009396
31	53.43904928231875
32	92.09688997740312
33	18.729223520026306
34	278.1199728418477
35	73.88526983367943
36	30.810067283846134
37	32.76487167557708
38	51.88333340933277
39	30.727711073975478
40	51.487502276699
41	138.99221503306072
42	39.81260532019636
43	35.41763025676438
44	83.4764481129986
45	28.105658982435273
46	18.69654505781576
47	91.7995027097013
48	42.24367608660441
49	74.76032390623365
50	30.585982813162687



height_matrix
0.0  -82.15500088281632  -68.30075156475664  -25.81733778209439  21.15046380246349  -3.0986225446251225  -20.032392202097846  -0.7949808993952203  -18.874499103704586  -5.325605097299729  26.113596279821003  -23.37194636086847  -78.84451468564907  14.932731241204603  3.8662227410044068  -37.17101861400305  -78.1998051787154  -110.71625663655402  -26.07122451608779  23.69289683163681  -20.29258052769459  7.7284893099861804  -4.956533199111213  -10.195603596090727  -43.500117528850915  4.4205687613999345  -15.98091916495715  10.686444763882015  -0.027200868957784508  -6.331914078562519  13.79676894553355  -10.635073576775802  -49.29291427186018  24.07475218551664  -235.31599713630476  -31.081294128136484  11.993908421696812  10.039104029965863  -9.079357703789825  12.076264631567469  -8.683526571156051  -96.18823932751778  2.9913703853465847  7.386345448778563  -40.67247240745565  14.698316723107673  24.107430647727185  -48.995527004158355  0.5602996189385365  -31.956348200690705  12.21799289238026  
82.15500088281632  0.0  13.854249318059672  56.337663100721926  103.30546468527982  79.0563783381912  62.12260868071847  81.3600199834211  63.28050177911173  76.8293957855166  108.26859716263732  58.78305452194785  3.3104861971672506  97.08773212402092  86.02122362382073  44.983982268813264  3.955195704100916  -28.561255753737697  56.08377636672853  105.84789771445313  61.86242035512173  89.8834901928025  77.1984676837051  71.95939728672559  38.6548833539654  86.57556964421624  66.17408171785917  92.84144564669833  82.12780001385853  75.82308680425379  95.95176982834987  71.51992730604051  32.86208661095614  106.22975306833295  -153.16099625348843  51.07370675467983  94.14890930451313  92.19410491278218  73.07564317902649  94.23126551438378  73.47147431166027  -14.033238444701453  85.14637126816291  89.54134633159488  41.48252847536067  96.85331760592399  106.2624315305435  33.15947387865796  82.71530050175485  50.19865268212561  94.37299377519658  
68.30075156475664  -13.854249318059672  0.0  42.483413782662254  89.45121536722013  65.20212902013152  48.2683593626588  67.50577066536142  49.42625246105206  62.975146467456916  94.41434784457765  44.928805203888174  -10.543763120892422  83.23348280596124  72.16697430576104  31.129732950753592  -9.899053613958756  -42.41550507179737  42.22952704866886  91.99364839639345  48.008171037062056  76.02924087474283  63.34421836564543  58.10514796866592  24.80063403590573  72.72132032615659  52.319832399799495  78.98719632863866  68.27355069579886  61.968837486194126  82.0975205102902  57.66567798798084  19.00783729289647  92.37550375027328  -167.01524557154812  37.21945743662016  80.29465998645345  78.33985559472251  59.22139386096682  80.37701619632412  59.617224993600594  -27.887487762761126  71.29212195010322  75.68709701353521  27.628279157300994  82.99906828786432  92.40818221248384  19.30522456059829  68.86105118369518  36.34440336406594  80.5187444571369  
25.81733778209439  -56.337663100721926  -42.483413782662254  0.0  46.96780158455788  22.71871523746927  5.7849455799965455  25.02235688269917  6.942838678389805  20.491732684794663  51.930934061915394  2.4453914212259207  -53.027176903554675  40.75006902329899  29.683560523098798  -11.353680831908662  -52.38246739662101  -84.89891885445962  -0.25388673399339723  49.5102346137312  5.524757254399802  33.54582709208057  20.860804582983178  15.621734186003664  -17.682779746756523  30.237906543494326  9.836418617137241  36.50378254597641  25.790136913136607  19.485423703531872  39.61410672762794  15.182264205318589  -23.475576489765785  49.89208996761103  -209.49865935421036  -5.263956346042093  37.8112462037912  35.856441812060254  16.737980078304567  37.89360241366186  17.13381121093834  -70.37090154542338  28.808708167440976  33.203683230872954  -14.85513462536126  40.515654505202065  49.924768429821576  -23.178189222063963  26.377637401032928  -6.139010418596314  38.03533067447465  
-21.15046380246349  -103.30546468527982  -89.45121536722013  -46.96780158455788  0.0  -24.249086347088614  -41.18285600456134  -21.94544470185871  -40.02496290616808  -26.47606889976322  4.963132477357512  -44.52241016333196  -99.99497848811257  -6.217732561258888  -17.284241061459085  -58.321482416466544  -99.35026898117889  -131.8667204390175  -47.22168831855128  2.542433029173317  -41.44304433015808  -13.421974492477311  -26.106997001574705  -31.34606739855422  -64.65058133131441  -16.729895041063557  -37.13138296742064  -10.464019038581476  -21.177664671421276  -27.48237788102601  -7.353694856929941  -31.785537379239294  -70.44337807432368  2.924288383053149  -256.46646093876825  -52.231757930599976  -9.15655538076668  -11.111359772497629  -30.229821506253316  -9.074199170896023  -29.833990373619542  -117.33870312998127  -18.159093417116907  -13.764118353684928  -61.82293620991914  -6.452147079355818  2.9569668452636932  -70.14599080662185  -20.590164183524955  -53.1068120031542  -8.932470910083232  
3.0986225446251225  -79.0563783381912  -65.20212902013152  -22.71871523746927  24.249086347088614  0.0  -16.933769657472723  2.3036416452299022  -15.775876559079464  -2.226982552674606  29.212218824446126  -20.273323816243348  -75.74589214102394  18.031353785829726  6.964845285629529  -34.07239606937793  -75.10118263409028  -107.61763409192889  -22.972601971462666  26.79151937626193  -17.193957983069467  10.827111854611303  -1.8579106544860906  -7.096981051465605  -40.40149498422579  7.519191306025057  -12.882296620332028  13.785067308507138  3.071421675667338  -3.233291533937397  16.895391490158673  -7.53645103215068  -46.194291727235054  27.173374730141763  -232.21737459167963  -27.98267158351136  15.092530966321934  13.137726574590985  -5.980735159164702  15.174887176192591  -5.584904026530928  -93.08961678289265  6.089992929971707  10.484967993403686  -37.57384986283053  17.796939267732796  27.206053192352307  -45.89690445953323  3.658922163563659  -28.857725656065583  15.316615437005382  
20.032392202097846  -62.12260868071847  -48.2683593626588  -5.7849455799965455  41.18285600456134  16.933769657472723  0.0  19.237411302702625  1.1578930983932594  14.706787104798117  46.14598848191885  -3.339554158770625  -58.81212248355122  34.965123443302446  23.898614943102253  -17.138626411905207  -58.167412976617555  -90.68386443445617  -6.038832313989943  43.725289033734654  -0.26018832559674365  27.760881512084026  15.075859002986633  9.836788606007119  -23.46772532675307  24.45296096349778  4.0514730371406955  30.71883696597986  20.00519133314006  13.700478123535326  33.829161147631396  9.397318625322043  -29.26052206976233  44.10714438761448  -215.2836049342069  -11.048901926038639  32.026300623794654  30.07149623206371  10.953034498308021  32.108656833665314  11.348865630941795  -76.15584712541992  23.02376258744443  27.41873765087641  -20.640080205357805  34.73070892520552  44.13982284982503  -28.96313480206051  20.592691821036382  -11.92395599859286  32.250385094478105  
0.7949808993952203  -81.3600199834211  -67.50577066536142  -25.02235688269917  21.94544470185871  -2.3036416452299022  -19.237411302702625  0.0  -18.079518204309366  -4.530624197904508  26.908577179216223  -22.57696546147325  -78.04953378625385  15.727712140599824  4.661203640399627  -36.37603771460783  -77.40482427932018  -109.9212757371588  -25.276243616692568  24.48787773103203  -19.49759962829937  8.5234702093814  -4.161552299715993  -9.400622696695507  -42.705136629455694  5.215549660795155  -15.18593826556193  11.481425663277236  0.7677800304374358  -5.536933179167299  14.59174984492877  -9.840092677380582  -48.497933372464956  24.86973308491186  -234.52101623690953  -30.286313228741264  12.788889321092032  10.834084929361083  -8.284376804394604  12.871245530962689  -7.888545671760831  -95.39325842812255  3.786351284741805  8.181326348173783  -39.87749150806043  15.493297622502894  24.902411547122405  -48.200546104763134  1.3552805183337568  -31.161367301295485  13.01297379177548  
18.874499103704586  -63.28050177911173  -49.42625246105206  -6.942838678389805  40.02496290616808  15.775876559079464  -1.1578930983932594  18.079518204309366  0.0  13.548894006404858  44.98809538352559  -4.497447257163884  -59.97001558194448  33.807230344909186  22.740721844708993  -18.296519510298467  -59.325306075010815  -91.84175753284943  -7.196725412383202  42.567395935341395  -1.418081423990003  26.602988413690767  13.917965904593373  8.67889550761386  -24.625618425146328  23.29506786510452  2.893579938747436  29.5609438675866  18.847298234746802  12.542585025142067  32.67126804923814  8.239425526928784  -30.41841516815559  42.94925128922122  -216.44149803260018  -12.206795024431898  30.8684075254014  28.91360313367045  9.795141399914762  30.950763735272055  10.190972532548535  -77.31374022381318  21.86586948905117  26.26084455248315  -21.797973303751064  33.57281582681226  42.98192975143177  -30.121027900453768  19.434798722643123  -13.081849096986119  31.092491996084846  
5.325605097299729  -76.8293957855166  -62.975146467456916  -20.491732684794663  26.47606889976322  2.226982552674606  -14.706787104798117  4.530624197904508  -13.548894006404858  0.0  31.43920137712073  -18.046341263568742  -73.51890958834935  20.258336338504332  9.191827838304135  -31.845413516703324  -72.87420008141567  -105.39065153925429  -20.74561941878806  29.018501928936537  -14.96697543039486  13.054094407285909  0.3690718981885155  -4.8699984987909986  -38.174512431551186  9.746173858699663  -10.655314067657422  16.012049861181744  5.298404228341944  -1.0063089812627908  19.12237404283328  -5.309468479476074  -43.96730917456045  29.40035728281637  -229.99039203900503  -25.755689030836756  17.31951351899654  15.364709127265591  -3.753752606490096  17.401869728867197  -3.3579214738563223  -90.86263423021805  8.316975482646313  12.711950546078292  -35.34686731015592  20.023921820407402  29.433035745026913  -43.669921906858626  5.885904716238265  -26.630743103390977  17.543597989679988  
-26.113596279821003  -108.26859716263732  -94.41434784457765  -51.930934061915394  -4.963132477357512  -29.212218824446126  -46.14598848191885  -26.908577179216223  -44.98809538352559  -31.43920137712073  0.0  -49.485542640689474  -104.95811096547007  -11.1808650386164  -22.247373538816596  -63.284614893824056  -104.3134014585364  -136.82985291637502  -52.18482079590879  -2.4206994481841946  -46.40617680751559  -18.385106969834823  -31.070129478932216  -36.30919987591173  -69.61371380867192  -21.69302751842107  -42.09451544477815  -15.427151515938988  -26.140797148778788  -32.44551035838352  -12.316827334287453  -36.748669856596806  -75.40651055168118  -2.0388440943043626  -261.4295934161257  -57.19489040795749  -14.119687858124191  -16.07449224985514  -35.19295398361083  -14.037331648253534  -34.797122850977054  -122.30183560733877  -23.12222589447442  -18.72725083104244  -66.78606868727665  -11.41527955671333  -2.0061656320938184  -75.10912328397936  -25.553296660882467  -58.06994448051171  -13.895603387440744  
23.37194636086847  -58.78305452194785  -44.928805203888174  -2.4453914212259207  44.52241016333196  20.273323816243348  3.339554158770625  22.57696546147325  4.497447257163884  18.046341263568742  49.485542640689474  0.0  -55.472568324780596  38.30467760207307  27.238169101872877  -13.799072253134582  -54.82785881784693  -87.34431027568554  -2.699278155219318  47.06484319250528  3.079365833173881  31.10043567085465  18.415413161757257  13.176342764777743  -20.128171167982444  27.792515122268405  7.39102719591132  34.058391124750486  23.344745491910686  17.04003228230595  37.16871530640202  12.736872784092668  -25.920967910991706  47.44669854638511  -211.94405077543627  -7.709347767268014  35.36585478256528  33.41105039083433  14.292588657078646  35.44821099243594  14.68841978971242  -72.8162929666493  26.363316746215055  30.758291809647034  -17.30052604658718  38.070263083976144  47.479377008595655  -25.623580643289884  23.932245979807007  -8.584401839822235  35.58993925324873  
78.84451468564907  -3.3104861971672506  10.543763120892422  53.027176903554675  99.99497848811257  75.74589214102394  58.81212248355122  78.04953378625385  59.97001558194448  73.51890958834935  104.95811096547007  55.472568324780596  0.0  93.77724592685367  82.71073742665348  41.673496071646014  0.6447095069336655  -31.871741950904948  52.77329016956128  102.53741151728588  58.55193415795448  86.57300399563525  73.88798148653785  68.64891108955834  35.34439715679815  83.265083447049  62.863595520691916  89.53095944953108  78.81731381669128  72.51260060708654  92.64128363118262  68.20944110887326  29.55160041378889  102.9192668711657  -156.47148245065569  47.76322055751258  90.83842310734587  88.88361871561493  69.76515698185923  90.92077931721653  70.16098811449302  -17.343724641868704  81.83588507099566  86.23086013442763  38.172042278193416  93.54283140875674  102.95194533337624  29.848987681490712  79.4048143045876  46.88816648495836  91.06250757802933  
-14.932731241204603  -97.08773212402092  -83.23348280596124  -40.75006902329899  6.217732561258888  -18.031353785829726  -34.965123443302446  -15.727712140599824  -33.807230344909186  -20.258336338504332  11.1808650386164  -38.30467760207307  -93.77724592685367  0.0  -11.066508500200197  -52.10374985520765  -93.13253641992  -125.64898787775861  -41.00395575729239  8.760165590432205  -35.22531176889919  -7.204241931218423  -19.889264440315817  -25.12833483729533  -58.432848770055514  -10.512162479804669  -30.913650406161754  -4.246286477322588  -14.959932110162388  -21.264645319767123  -1.1359622956710531  -25.567804817980406  -64.22564551306478  9.142020944312037  -250.24872837750937  -46.014025369341084  -2.9388228195077915  -4.893627211238741  -24.012088944994428  -2.8564666096371347  -23.616257812360654  -111.12097056872237  -11.941360855858019  -7.54638579242604  -55.60520364866025  -0.23441451809692992  9.174699406522581  -63.928258245362954  -14.372431622266067  -46.889079441895305  -2.714738348824344  
-3.8662227410044068  -86.02122362382073  -72.16697430576104  -29.683560523098798  17.284241061459085  -6.964845285629529  -23.898614943102253  -4.661203640399627  -22.740721844708993  -9.191827838304135  22.247373538816596  -27.238169101872877  -82.71073742665348  11.066508500200197  0.0  -41.03724135500746  -82.0660279197198  -114.58247937755843  -29.937447257092195  19.8266740906324  -24.158803268698996  3.8622665689817737  -8.82275594011562  -14.061826337095134  -47.36634026985532  0.5543460203955277  -19.847141905961557  6.8202220228776085  -3.8934236099621913  -10.198136819566926  9.930546204529143  -14.50129631778021  -53.15913701286458  20.208529444512234  -239.18221987730917  -34.94751686914089  8.127685680692405  6.172881288961456  -12.945580444794231  8.210041890563062  -12.549749312160458  -100.05446206852218  -0.874852355657822  3.5201227077741564  -44.53869514846006  10.832093982103267  20.241207906722778  -52.86174974516276  -3.3059231220658702  -35.82257094169511  8.351770151375852  
37.17101861400305  -44.983982268813264  -31.129732950753592  11.353680831908662  58.321482416466544  34.07239606937793  17.138626411905207  36.37603771460783  18.296519510298467  31.845413516703324  63.284614893824056  13.799072253134582  -41.673496071646014  52.10374985520765  41.03724135500746  0.0  -41.02878656471235  -73.54523802255096  11.099794097915265  60.86391544563986  16.878438086308464  44.89950792398923  32.21448541489184  26.975415017912326  -6.329098914847862  41.59158737540299  21.190099449045903  47.85746337788507  37.14381774504527  30.839104535440534  50.9677875595366  26.53594503722725  -12.121895657857124  61.24577079951969  -198.1449785223017  6.089724485866569  49.16492703569986  47.210122643968916  28.09166091021323  49.24728324557052  28.487492042847002  -59.01722071351472  40.16238899934964  44.557364062781616  -3.5014537934525976  51.869335337110726  61.27844926173024  -11.824508390155302  37.73131823294159  5.214670413312348  49.38901150638331  
78.1998051787154  -3.955195704100916  9.899053613958756  52.38246739662101  99.35026898117889  75.10118263409028  58.167412976617555  77.40482427932018  59.325306075010815  72.87420008141567  104.3134014585364  54.82785881784693  -0.6447095069336655  93.13253641992  82.0660279197198  41.02878656471235  0.0  -32.51645145783861  52.12858066262761  101.89270201035221  57.90722465102081  85.92829448870158  73.24327197960419  68.00420158262467  34.69968764986449  82.62037394011534  62.21888601375825  88.88624994259742  78.17260430975762  71.86789110015289  91.99657412424895  67.5647316019396  28.906890906855224  102.27455736423204  -157.11619195758936  47.11851105057892  90.19371360041221  88.23890920868126  69.12044747492558  90.27606981028288  69.51627860755934  -17.98843414880237  81.19117556406198  85.58615062749396  37.52733277125975  92.89812190182307  102.3072358264426  29.204278174557047  78.76010479765394  46.243456978024696  90.41779807109566  
110.71625663655402  28.561255753737697  42.41550507179737  84.89891885445962  131.8667204390175  107.61763409192889  90.68386443445617  109.9212757371588  91.84175753284943  105.39065153925429  136.82985291637502  87.34431027568554  31.871741950904948  125.64898787775861  114.58247937755843  73.54523802255096  32.51645145783861  0.0  84.64503212046623  134.40915346819082  90.42367610885942  118.4447459465402  105.7597234374428  100.52065304046329  67.2161391077031  115.13682539795394  94.73533747159686  121.40270140043603  110.68905576759623  104.38434255799149  124.51302558208756  100.08118305977821  61.42334236469384  134.79100882207067  -124.59974049975074  79.63496250841753  122.71016505825082  120.75536066651988  101.63689893276418  122.79252126812148  102.03273006539797  14.528017309036244  113.7076270219006  118.10260208533258  70.04378422909836  125.41457335966169  134.8236872842812  61.72072963239566  111.27655625549255  78.75990843586331  122.93424952893427  
26.07122451608779  -56.08377636672853  -42.22952704866886  0.25388673399339723  47.22168831855128  22.972601971462666  6.038832313989943  25.276243616692568  7.196725412383202  20.74561941878806  52.18482079590879  2.699278155219318  -52.77329016956128  41.00395575729239  29.937447257092195  -11.099794097915265  -52.12858066262761  -84.64503212046623  0.0  49.7641213477246  5.778643988393199  33.79971382607397  21.114691316976575  15.875620919997061  -17.428893012763126  30.491793277487723  10.090305351130638  36.757669279969804  26.044023647130004  19.73931043752527  39.86799346162134  15.436150939311986  -23.22168975577239  50.145976701604425  -209.24477262021696  -5.010069612048696  38.0651329377846  36.11032854605365  16.991866812297964  38.14748914765526  17.387697944931737  -70.11701481142998  29.062594901434373  33.45756996486635  -14.601247891367862  40.76954123919546  50.17865516381497  -22.924302488070566  26.631524135026325  -5.885123684602917  38.28921740846805  
-23.69289683163681  -105.84789771445313  -91.99364839639345  -49.5102346137312  -2.542433029173317  -26.79151937626193  -43.725289033734654  -24.48787773103203  -42.567395935341395  -29.018501928936537  2.4206994481841946  -47.06484319250528  -102.53741151728588  -8.760165590432205  -19.8266740906324  -60.86391544563986  -101.89270201035221  -134.40915346819082  -49.7641213477246  0.0  -43.9854773593314  -15.964407521650628  -28.64943003074802  -33.888500427727536  -67.19301436048772  -19.272328070236874  -39.67381599659396  -13.006452067754793  -23.720097700594593  -30.024810910199328  -9.896127886103258  -34.32797040841261  -72.98581110349699  0.38185535387983194  -259.00889396794156  -54.77419095977329  -11.698988409939997  -13.653792801670946  -32.77225453542663  -11.61663220006934  -32.37642340279286  -119.88113615915458  -20.701526446290224  -16.306551382858245  -64.36536923909246  -8.994580108529135  0.4145338160903762  -72.68842383579516  -23.132597212698272  -55.649245032327514  -11.47490393925655  
20.29258052769459  -61.86242035512173  -48.008171037062056  -5.524757254399802  41.44304433015808  17.193957983069467  0.26018832559674365  19.49759962829937  1.418081423990003  14.96697543039486  46.40617680751559  -3.079365833173881  -58.55193415795448  35.22531176889919  24.158803268698996  -16.878438086308464  -57.90722465102081  -90.42367610885942  -5.778643988393199  43.9854773593314  0.0  28.02106983768077  15.336047328583376  10.096976931603862  -23.207537001156325  24.713149289094524  4.311661362737439  30.979025291576605  20.265379658736805  13.96066644913207  34.08934947322814  9.657506950918787  -29.000333744165587  44.367332713211226  -215.02341660861015  -10.788713600441895  32.2864889493914  30.331684557660452  11.213222823904765  32.36884515926206  11.609053956538538  -75.89565879982318  23.283950913041174  27.678925976473153  -20.37989187976106  34.99089725080226  44.400011175421774  -28.702946476463765  20.852880146633126  -11.663767672996116  32.51057342007485  
-7.7284893099861804  -89.8834901928025  -76.02924087474283  -33.54582709208057  13.421974492477311  -10.827111854611303  -27.760881512084026  -8.5234702093814  -26.602988413690767  -13.054094407285909  18.385106969834823  -31.10043567085465  -86.57300399563525  7.204241931218423  -3.8622665689817737  -44.89950792398923  -85.92829448870158  -118.4447459465402  -33.79971382607397  15.964407521650628  -28.02106983768077  0.0  -12.685022509097394  -17.924092906076908  -51.228606838837095  -3.307920548586246  -23.70940847494333  2.957955453895835  -7.755690178943965  -14.0604033885487  6.06827963554737  -18.363562886761983  -57.02140358184636  16.34626287553046  -243.04448644629093  -38.809783438122665  4.2654191117106315  2.3106147199796823  -16.807847013776005  4.347775321581288  -16.41201588114223  -103.91672863750395  -4.737118924639596  -0.3421438612076173  -48.40096171744183  6.969827413121493  16.378941337741004  -56.724016314144535  -7.168189691047644  -39.684837510676886  4.489503582394079  
4.956533199111213  -77.1984676837051  -63.34421836564543  -20.860804582983178  26.106997001574705  1.8579106544860906  -15.075859002986633  4.161552299715993  -13.917965904593373  -0.3690718981885155  31.070129478932216  -18.415413161757257  -73.88798148653785  19.889264440315817  8.82275594011562  -32.21448541489184  -73.24327197960419  -105.7597234374428  -21.114691316976575  28.64943003074802  -15.336047328583376  12.685022509097394  0.0  -5.239070396979514  -38.5435843297397  9.377101960511148  -11.024385965845937  15.642977962993228  4.929332330153429  -1.3753808794513063  18.753302144644763  -5.678540377664589  -44.336381072748964  29.031285384627854  -230.35946393719354  -26.12476092902527  16.950441620808025  14.995637229077076  -4.122824504678611  17.032797830678682  -3.726993372044838  -91.23170612840656  7.947903584457798  12.342878647889776  -35.71593920834444  19.654849922218887  29.063963846838398  -44.03899380504714  5.51683281804975  -26.999815001579492  17.174526091491472  
10.195603596090727  -71.95939728672559  -58.10514796866592  -15.621734186003664  31.34606739855422  7.096981051465605  -9.836788606007119  9.400622696695507  -8.67889550761386  4.8699984987909986  36.30919987591173  -13.176342764777743  -68.64891108955834  25.12833483729533  14.061826337095134  -26.975415017912326  -68.00420158262467  -100.52065304046329  -15.875620919997061  33.888500427727536  -10.096976931603862  17.924092906076908  5.239070396979514  0.0  -33.30451393276019  14.616172357490662  -5.785315568866423  20.882048359972742  10.168402727132943  3.8636895175282078  23.992372541624277  -0.43946998068507526  -39.09731067576945  34.270355781607364  -225.12039354021402  -20.885690532045757  22.18951201778754  20.23470762605659  1.1162458923009027  22.271868227658196  1.5120770249346762  -85.99263573142704  13.186973981437312  17.58194904486929  -30.476868811364923  24.8939203191984  34.30303424381791  -38.79992340806763  10.755903215029264  -21.760744604599978  22.413596488470986  
43.500117528850915  -38.6548833539654  -24.80063403590573  17.682779746756523  64.65058133131441  40.40149498422579  23.46772532675307  42.705136629455694  24.625618425146328  38.174512431551186  69.61371380867192  20.128171167982444  -35.34439715679815  58.432848770055514  47.36634026985532  6.329098914847862  -34.69968764986449  -67.2161391077031  17.428893012763126  67.19301436048772  23.207537001156325  51.228606838837095  38.5435843297397  33.30451393276019  0.0  47.92068629025085  27.519198363893764  54.18656229273293  43.47291665989313  37.168203450288395  57.296886474384465  32.86504395207511  -5.792796743009262  67.57486971436755  -191.81587960745384  12.41882340071443  55.49402595054772  53.53922155881678  34.42075982506109  55.57638216041838  34.816590957694864  -52.688121798666856  46.4914879141975  50.88646297762948  2.827645121395264  58.19843425195859  67.60754817657809  -5.49540947530744  44.06041714778945  11.54376932816021  55.718110421231174  
-4.4205687613999345  -86.57556964421624  -72.72132032615659  -30.237906543494326  16.729895041063557  -7.519191306025057  -24.45296096349778  -5.215549660795155  -23.29506786510452  -9.746173858699663  21.69302751842107  -27.792515122268405  -83.265083447049  10.512162479804669  -0.5543460203955277  -41.59158737540299  -82.62037394011534  -115.13682539795394  -30.491793277487723  19.272328070236874  -24.713149289094524  3.307920548586246  -9.377101960511148  -14.616172357490662  -47.92068629025085  0.0  -20.401487926357085  6.265876002482081  -4.447769630357719  -10.752482839962454  9.376200184133616  -15.055642338175737  -53.71348303326011  19.654183424116706  -239.73656589770468  -35.50186288953642  7.573339660296877  5.618535268565928  -13.499926465189759  7.655695870167534  -13.104095332555985  -100.6088080889177  -1.4291983760533498  2.9657766873786287  -45.093041168855585  10.277747961707739  19.68686188632725  -53.41609576555829  -3.860269142461398  -36.37691696209064  7.797424130980325  
15.98091916495715  -66.17408171785917  -52.319832399799495  -9.836418617137241  37.13138296742064  12.882296620332028  -4.0514730371406955  15.18593826556193  -2.893579938747436  10.655314067657422  42.09451544477815  -7.39102719591132  -62.863595520691916  30.913650406161754  19.847141905961557  -21.190099449045903  -62.21888601375825  -94.73533747159686  -10.090305351130638  39.67381599659396  -4.311661362737439  23.70940847494333  11.024385965845937  5.785315568866423  -27.519198363893764  20.401487926357085  0.0  26.667363928839166  15.953718295999366  9.64900508639463  29.7776881104907  5.345845588181348  -33.31199510690303  40.05567135047379  -219.3350779713476  -15.100374963179334  27.974827586653962  26.020023194923013  6.901561461167326  28.05718379652462  7.297392593801099  -80.20732016256062  18.972289550303735  23.367264613735713  -24.6915532424985  30.679235888064824  40.088349812684335  -33.014607839201204  16.541218783895687  -15.975429035733555  28.19891205733741  
-10.686444763882015  -92.84144564669833  -78.98719632863866  -36.50378254597641  10.464019038581476  -13.785067308507138  -30.71883696597986  -11.481425663277236  -29.5609438675866  -16.012049861181744  15.427151515938988  -34.058391124750486  -89.53095944953108  4.246286477322588  -6.8202220228776085  -47.85746337788507  -88.88624994259742  -121.40270140043603  -36.757669279969804  13.006452067754793  -30.979025291576605  -2.957955453895835  -15.642977962993228  -20.882048359972742  -54.18656229273293  -6.265876002482081  -26.667363928839166  0.0  -10.7136456328398  -17.018358842444535  3.110324181651535  -21.321518340657818  -59.97935903574219  13.388307421634625  -246.00244190018677  -41.7677388920185  1.3074636578147967  -0.6473407339161525  -19.76580246767184  1.3898198676854534  -19.369971335038066  -106.87468409139979  -7.6950743785354305  -3.300099315103452  -51.358917171337666  4.011871959225658  13.42098588384517  -59.68197176804037  -10.126145144943479  -42.64279296457272  1.531548128498244  
0.027200868957784508  -82.12780001385853  -68.27355069579886  -25.790136913136607  21.177664671421276  -3.071421675667338  -20.00519133314006  -0.7677800304374358  -18.847298234746802  -5.298404228341944  26.140797148778788  -23.344745491910686  -78.81731381669128  14.959932110162388  3.8934236099621913  -37.14381774504527  -78.17260430975762  -110.68905576759623  -26.044023647130004  23.720097700594593  -20.265379658736805  7.755690178943965  -4.929332330153429  -10.168402727132943  -43.47291665989313  4.447769630357719  -15.953718295999366  10.7136456328398  0.0  -6.304713209604735  13.823969814491335  -10.607872707818018  -49.26571340290239  24.101953054474425  -235.28879626734698  -31.0540932591787  12.021109290654596  10.066304898923647  -9.05215683483204  12.103465500525253  -8.656325702198266  -96.16103845855999  3.0185712543043692  7.413546317736348  -40.645271538497866  14.725517592065458  24.13463151668497  -48.96832613520057  0.587500487896321  -31.92914733173292  12.245193761338044  
6.331914078562519  -75.82308680425379  -61.968837486194126  -19.485423703531872  27.48237788102601  3.233291533937397  -13.700478123535326  5.536933179167299  -12.542585025142067  1.0063089812627908  32.44551035838352  -17.04003228230595  -72.51260060708654  21.264645319767123  10.198136819566926  -30.839104535440534  -71.86789110015289  -104.38434255799149  -19.73931043752527  30.024810910199328  -13.96066644913207  14.0604033885487  1.3753808794513063  -3.8636895175282078  -37.168203450288395  10.752482839962454  -9.64900508639463  17.018358842444535  6.304713209604735  0.0  20.12868302409607  -4.303159498213283  -42.96100019329766  30.40666626407916  -228.98408305774223  -24.749380049573965  18.32582250025933  16.371018108528382  -2.747443625227305  18.408178710129988  -2.3516124925935316  -89.85632524895524  9.323284463909104  13.718259527341083  -34.34055832889313  21.030230801670193  30.439344726289704  -42.663612925595835  6.892213697501056  -25.624434122128186  18.54990697094278  
-13.79676894553355  -95.95176982834987  -82.0975205102902  -39.61410672762794  7.353694856929941  -16.895391490158673  -33.829161147631396  -14.59174984492877  -32.67126804923814  -19.12237404283328  12.316827334287453  -37.16871530640202  -92.64128363118262  1.1359622956710531  -9.930546204529143  -50.9677875595366  -91.99657412424895  -124.51302558208756  -39.86799346162134  9.896127886103258  -34.08934947322814  -6.06827963554737  -18.753302144644763  -23.992372541624277  -57.296886474384465  -9.376200184133616  -29.7776881104907  -3.110324181651535  -13.823969814491335  -20.12868302409607  0.0  -24.431842522309353  -63.08968321739373  10.27798323998309  -249.1127660818383  -44.878063073670035  -1.8028605238367383  -3.7576649155676876  -22.876126649323375  -1.7205043139660816  -22.4802955166896  -109.98500827305132  -10.805398560186966  -6.410423496754987  -54.4692413529892  0.9015477775741232  10.310661702193634  -62.792295949691905  -13.236469326595014  -45.753117146224255  -1.578776053153291  
10.635073576775802  -71.51992730604051  -57.66567798798084  -15.182264205318589  31.785537379239294  7.53645103215068  -9.397318625322043  9.840092677380582  -8.239425526928784  5.309468479476074  36.748669856596806  -12.736872784092668  -68.20944110887326  25.567804817980406  14.50129631778021  -26.53594503722725  -67.5647316019396  -100.08118305977821  -15.436150939311986  34.32797040841261  -9.657506950918787  18.363562886761983  5.678540377664589  0.43946998068507526  -32.86504395207511  15.055642338175737  -5.345845588181348  21.321518340657818  10.607872707818018  4.303159498213283  24.431842522309353  0.0  -38.657840695084374  34.70982576229244  -224.68092355952894  -20.446220551360682  22.628981998472614  20.674177606741665  1.555715872985978  22.71133820834327  1.9515470056197515  -85.55316575074197  13.626443962122387  18.021419025554366  -30.037398830679848  25.333390299883476  34.74250422450299  -38.36045342738255  11.195373195714339  -21.321274623914903  22.85306646915606  
49.29291427186018  -32.86208661095614  -19.00783729289647  23.475576489765785  70.44337807432368  46.194291727235054  29.26052206976233  48.497933372464956  30.41841516815559  43.96730917456045  75.40651055168118  25.920967910991706  -29.55160041378889  64.22564551306478  53.15913701286458  12.121895657857124  -28.906890906855224  -61.42334236469384  23.22168975577239  72.98581110349699  29.000333744165587  57.02140358184636  44.336381072748964  39.09731067576945  5.792796743009262  53.71348303326011  33.31199510690303  59.97935903574219  49.26571340290239  42.96100019329766  63.08968321739373  38.657840695084374  0.0  73.36766645737681  -186.02308286444458  18.211620143723692  61.286822693556985  59.33201830182604  40.21355656807035  61.369178903427645  40.609387700704126  -46.895325055657594  52.28428465720676  56.67925972063874  8.620441864404526  63.99123099496785  73.40034491958735  0.2973872677018221  49.85321389079871  17.33656607116947  61.510907164240436  
-24.07475218551664  -106.22975306833295  -92.37550375027328  -49.89208996761103  -2.924288383053149  -27.173374730141763  -44.10714438761448  -24.86973308491186  -42.94925128922122  -29.40035728281637  2.0388440943043626  -47.44669854638511  -102.9192668711657  -9.142020944312037  -20.208529444512234  -61.24577079951969  -102.27455736423204  -134.79100882207067  -50.145976701604425  -0.38185535387983194  -44.367332713211226  -16.34626287553046  -29.031285384627854  -34.270355781607364  -67.57486971436755  -19.654183424116706  -40.05567135047379  -13.388307421634625  -24.101953054474425  -30.40666626407916  -10.27798323998309  -34.70982576229244  -73.36766645737681  0.0  -259.3907493218214  -55.15604631365312  -12.080843763819828  -14.035648155550778  -33.15410988930647  -11.998487553949172  -32.758278756672695  -120.26299151303441  -21.083381800170056  -16.688406736738077  -64.74722459297229  -9.376435462408967  0.03267846221054427  -73.07027918967499  -23.514452566578104  -56.03110038620734  -11.856759293136381  
235.31599713630476  153.16099625348843  167.01524557154812  209.49865935421036  256.46646093876825  232.21737459167963  215.2836049342069  234.52101623690953  216.44149803260018  229.99039203900503  261.4295934161257  211.94405077543627  156.47148245065569  250.24872837750937  239.18221987730917  198.1449785223017  157.11619195758936  124.59974049975074  209.24477262021696  259.00889396794156  215.02341660861015  243.04448644629093  230.35946393719354  225.12039354021402  191.81587960745384  239.73656589770468  219.3350779713476  246.00244190018677  235.28879626734698  228.98408305774223  249.1127660818383  224.68092355952894  186.02308286444458  259.3907493218214  0.0  204.23470300816825  247.30990555800156  245.35510116627063  226.23663943251492  247.3922617678722  226.6324705651487  139.12775780878698  238.30736752165134  242.70234258508333  194.64352472884912  250.01431385941243  259.42342778403196  186.3204701321464  235.8762967552433  203.35964893561405  247.53399002868503  
31.081294128136484  -51.07370675467983  -37.21945743662016  5.263956346042093  52.231757930599976  27.98267158351136  11.048901926038639  30.286313228741264  12.206795024431898  25.755689030836756  57.19489040795749  7.709347767268014  -47.76322055751258  46.014025369341084  34.94751686914089  -6.089724485866569  -47.11851105057892  -79.63496250841753  5.010069612048696  54.77419095977329  10.788713600441895  38.809783438122665  26.12476092902527  20.885690532045757  -12.41882340071443  35.50186288953642  15.100374963179334  41.7677388920185  31.0540932591787  24.749380049573965  44.878063073670035  20.446220551360682  -18.211620143723692  55.15604631365312  -204.23470300816825  0.0  43.07520254983329  41.12039815810235  22.00193642434666  43.15755875970395  22.397767556980433  -65.10694519938129  34.07266451348307  38.46763957691505  -9.591178279319166  45.77961085124416  55.18872477586367  -17.91423287602187  31.64159374707502  -0.8750540725542209  43.29928702051674  
-11.993908421696812  -94.14890930451313  -80.29465998645345  -37.8112462037912  9.15655538076668  -15.092530966321934  -32.026300623794654  -12.788889321092032  -30.8684075254014  -17.31951351899654  14.119687858124191  -35.36585478256528  -90.83842310734587  2.9388228195077915  -8.127685680692405  -49.16492703569986  -90.19371360041221  -122.71016505825082  -38.0651329377846  11.698988409939997  -32.2864889493914  -4.2654191117106315  -16.950441620808025  -22.18951201778754  -55.49402595054772  -7.573339660296877  -27.974827586653962  -1.3074636578147967  -12.021109290654596  -18.32582250025933  1.8028605238367383  -22.628981998472614  -61.286822693556985  12.080843763819828  -247.30990555800156  -43.07520254983329  0.0  -1.9548043917309492  -21.073266125486636  0.08235620987065673  -20.677434992852863  -108.18214774921458  -9.002538036350227  -4.607562972918249  -52.66638082915246  2.7044083014108615  12.113522226030373  -60.98943542585516  -11.433608802758275  -43.95025662238751  0.22408447068344728  
-10.039104029965863  -92.19410491278218  -78.33985559472251  -35.856441812060254  11.111359772497629  -13.137726574590985  -30.07149623206371  -10.834084929361083  -28.91360313367045  -15.364709127265591  16.07449224985514  -33.41105039083433  -88.88361871561493  4.893627211238741  -6.172881288961456  -47.210122643968916  -88.23890920868126  -120.75536066651988  -36.11032854605365  13.653792801670946  -30.331684557660452  -2.3106147199796823  -14.995637229077076  -20.23470762605659  -53.53922155881678  -5.618535268565928  -26.020023194923013  0.6473407339161525  -10.066304898923647  -16.371018108528382  3.7576649155676876  -20.674177606741665  -59.33201830182604  14.035648155550778  -245.35510116627063  -41.12039815810235  1.9548043917309492  0.0  -19.118461733755687  2.037160601601606  -18.722630601121914  -106.22734335748363  -7.047733644619278  -2.6527585811872996  -50.71157643742151  4.659212693141811  14.068326617761322  -59.03463103412422  -9.478804411027326  -41.99545223065657  2.1788888624143965  
