Height_Data

node	height
0	146.1817166348596
1	36.42883082438754
2	206.74084130434863
3	184.45378043108772
4	252.7337705759006
5	277.1232125448989
6	135.56744680408744
7	266.29768419056757
8	141.74005111620332
9	185.70420328340856
10	90.9783113198161
11	385.42350122470447
12	162.8658314100779
13	108.2546143289924
14	65.19140301921975
15	77.10498527482174
16	107.4878388390344
17	167.15407645020136
18	80.20683032717555
19	160.4480777086958
20	85.38875927594816
21	150.53432606652467
22	154.6167230505008
23	369.15343278930465
24	44.915541451074105
25	76.02132691889055
26	109.58180705514495
27	235.66889161100156
28	141.71135467015625
29	122.63024306190009
30	82.89715337164154
31	140.32105036580205
32	57.45246331327464
33	158.41102060569028
34	241.77023379301886
35	137.95617131922558
36	154.85965609191803
37	103.87693171324763
38	393.9724789630108
39	22.92642324515013
40	277.44843815964236
41	79.69028552845634
42	77.08827100435848
43	158.58407974336163
44	81.99263038049232
45	40.15675028910954
46	122.46575284544204
47	220.1705668015675
48	415.15460751076756
49	376.59082453964953
50	34.431271268588894



height_matrix
0.0  219.50577162094413  -121.11824933897805  -76.54412759245622  -213.10410788208196  -261.88299182007853  21.228539661544346  -240.2319351114159  8.883331037312587  -79.0449732970979  110.40681063008702  -478.4835691796897  -33.36822955043658  75.85420461173442  161.98062723127973  138.15346272007574  77.38775559165043  -41.944719630683494  131.94977261536812  -28.53272214767236  121.5859147178229  -8.705218863330117  -16.870012831282395  -445.94343230889007  202.532350367571  140.32077943193812  73.19981915942932  -178.9743499522839  8.940723929406715  47.102947145919046  126.56912652643615  11.72133253811512  177.45850664316993  -24.45860794166134  -191.1770343163185  16.451090631268073  -17.35587891411683  84.60956984322397  -495.5815246563024  246.51058677941896  -262.5334430495655  132.98286221280654  138.18689126100227  -24.80472621700403  128.3781725087346  212.04993269150015  47.43192757883514  -147.97770033341578  -537.945781751816  -460.81821580957984  223.50089073254145  
-219.50577162094413  0.0  -340.6240209599222  -296.04989921340035  -432.6098795030261  -481.38876344102266  -198.27723195939978  -459.73770673236004  -210.62244058363154  -298.550744918042  -109.09896099085712  -697.9893408006338  -252.8740011713807  -143.6515670092097  -57.52514438966442  -81.35230890086841  -142.1180160292937  -261.4504912516276  -87.55599900557603  -248.0384937686165  -97.91985690312124  -228.21099048427425  -236.37578445222653  -665.4492039298342  -16.973421253373132  -79.18499218900602  -146.30595246151483  -398.480121573228  -210.56504769153742  -172.4028244750251  -92.936645094508  -207.784439082829  -42.047264977774205  -243.96437956260547  -410.68280593726263  -203.05468098967606  -236.86165053506096  -134.8962017777202  -715.0872962772465  27.00481515847482  -482.03921467050964  -86.52290940813761  -81.31888035994187  -244.31049783794816  -91.12759911220955  -7.455838929443999  -172.073844042109  -367.4834719543599  -757.45155337276  -680.323987430524  3.9951191115972904  
121.11824933897805  340.6240209599222  0.0  44.574121746521826  -91.98585854310392  -140.76474248110048  142.3467890005224  -119.11368577243786  130.00158037629063  42.07327604188015  231.52505996906507  -357.36531984071166  87.75001978854147  196.97245395071246  283.09887657025774  259.2717120590538  198.50600493062848  79.17352970829455  253.06802195434616  92.58552719130569  242.70416405680095  112.41303047564793  104.24823650769565  -324.825182969912  323.6505997065491  261.43902877091614  194.31806849840737  -57.85610061330584  130.05897326838476  168.2211964848971  247.6873758654142  132.83958187709317  298.576755982148  96.6596413973167  -70.05878497734045  137.56933997024612  103.76237042486122  205.727819182202  -374.46327531732436  367.62883611839703  -141.41519371058746  254.10111155178458  259.3051405999803  96.31352312197401  249.49642184771264  333.1681820304782  168.5501769178132  -26.859450994437736  -416.82753241283785  -339.6999664706018  344.6191400715195  
76.54412759245622  296.04989921340035  -44.574121746521826  0.0  -136.55998028962574  -185.3388642276223  97.77266725400057  -163.6878075189597  85.42745862976881  -2.5008457046416765  186.95093822254324  -401.9394415872335  43.17589804201964  152.39833220419064  238.52475482373595  214.69759031253196  153.93188318410665  34.59940796177273  208.49390020782434  48.01140544478386  198.13004231027912  67.8389087291261  59.674114761173826  -369.39930471643385  279.0764779600272  216.86490702439434  149.74394675188555  -102.43022235982767  85.48485152186294  123.64707473837527  203.11325411889237  88.26546013057134  254.00263423562615  52.08551965079488  -114.63290672386228  92.9952182237243  59.18824867833939  161.1536974356802  -419.0373970638462  323.0547143718752  -185.98931545710929  209.52698980526276  214.7310188534585  51.73940137545219  204.9223001011908  288.59406028395637  123.97605517129136  -71.43357274095956  -461.4016541593597  -384.2740882171236  300.04501832499767  
213.10410788208196  432.6098795030261  91.98585854310392  136.55998028962574  0.0  -48.77888393799657  234.3326475436263  -27.127827229333946  221.98743891939455  134.05913458498406  323.510918512169  -265.37946129760775  179.73587833164538  288.9583124938164  375.0847351133617  351.25757060215767  290.4918634737324  171.15938825139847  345.0538804974501  184.5713857344096  334.69002259990486  204.39888901875185  196.23409505079957  -232.8393244268081  415.63645824965295  353.4248873140201  286.3039270415113  34.129757929798075  222.04483181148868  260.20705502800104  339.6732344085181  224.82544042019708  390.5626145252519  188.64549994042062  21.927073565763465  229.55519851335004  195.74822896796513  297.71367772530596  -282.47741677422044  459.61469466150095  -49.42933516748354  346.0869700948885  351.29099914308426  188.29938166507793  341.4822803908165  425.1540405735821  260.5360354609171  65.12640754866618  -324.84167386973394  -247.71410792749788  436.6049986146234  
261.88299182007853  481.38876344102266  140.76474248110048  185.3388642276223  48.77888393799657  0.0  283.1115314816229  21.651056708662622  270.7663228573911  182.83801852298063  372.28980245016555  -216.60057735961118  228.51476226964195  337.73719643181295  423.8636190513582  400.0364545401543  339.27074741172896  219.93827218939504  393.8327644354466  233.35026967240617  383.46890653790143  253.1777729567484  245.01297898879614  -184.06044048881154  464.41534218764957  402.2037712520166  335.0828109795078  82.90864186779464  270.82371574948525  308.98593896599755  388.4521183465147  273.60432435819365  439.34149846324846  237.4243838784172  70.70595750376003  278.3340824513466  244.5271129059617  346.49256166330247  -233.69853283622388  508.3935785994975  -0.6504512294869755  394.86585403288507  400.0698830810808  237.0782656030745  390.26116432881315  473.9329245115787  309.3149193989137  113.90529148666275  -276.06278993173737  -198.9352239895013  485.38388255262  
-21.228539661544346  198.27723195939978  -142.3467890005224  -97.77266725400057  -234.3326475436263  -283.1115314816229  0.0  -261.46047477296025  -12.34520862423176  -100.27351295864224  89.17827096854268  -499.71210884123406  -54.59676921198093  54.62566495019007  140.75208756973538  116.92492305853139  56.159215930106086  -63.17325929222784  110.72123295382377  -49.761261809216705  100.35737505627856  -29.933758524874463  -38.09855249282674  -467.1719719704344  181.30381070602667  119.09223977039377  51.97127949788498  -200.20288961382823  -12.28781573213763  25.8744074843747  105.3405868648918  -9.507207123429225  156.22996698162558  -45.68714760320569  -212.40557397786284  -4.777449030276273  -38.584418575661175  63.38103018167962  -516.8100643178468  225.2820471178746  -283.76198271110985  111.75432255126219  116.95835159945793  -46.03326587854838  107.14963284719025  190.8213930299558  26.203387917290797  -169.20623999496013  -559.1743214133603  -482.0467554711242  202.2723510709971  
240.2319351114159  459.73770673236004  119.11368577243786  163.6878075189597  27.127827229333946  -21.651056708662622  261.46047477296025  0.0  249.1152661487285  161.186961814318  350.63874574150293  -238.2516340682738  206.86370556097933  316.0861397231503  402.2125623426956  378.3853978314917  317.61969070306634  198.2872154807324  372.181707726784  211.69921296374355  361.8178498292388  231.5267162480858  223.3619222801335  -205.71149719747416  442.76428547898695  380.552714543354  313.4317542708452  61.25758515913202  249.17265904082262  287.3348822573349  366.80106163785206  251.95326764953103  417.69044175458583  215.77332716975457  49.05490079509741  256.683025742684  222.87605619729908  324.84150495463984  -255.3495895448865  486.7425218908349  -22.301507938149598  373.21479732422245  378.41882637241815  215.42720889441188  368.61010762015053  452.28186780291605  287.66386269025105  92.25423477800013  -297.7138466404  -220.58628069816393  463.73282584395736  
-8.883331037312587  210.62244058363154  -130.00158037629063  -85.42745862976881  -221.98743891939455  -270.7663228573911  12.34520862423176  -249.1152661487285  0.0  -87.92830433441048  101.52347959277444  -487.3669002170023  -42.25156058774917  66.97087357442183  153.09729619396714  129.27013168276315  68.50442455433785  -50.82805066799608  123.06644157805553  -37.416053184984946  112.70258368051032  -17.588549900642704  -25.753343868594982  -454.82676334620265  193.64901933025843  131.43744839462553  64.31648812211674  -187.85768098959647  0.057392892094128456  38.21961610860646  117.68579548912356  2.838001500802534  168.57517560585734  -33.34193897897393  -200.06036535363108  7.567759593955486  -26.239209951429416  75.72623880591138  -504.464855693615  237.62725574210637  -271.4167740868781  124.09953117549395  129.3035602236897  -33.68805725431662  119.494841471422  203.16660165418756  38.548596541522556  -156.86103137072837  -546.8291127891284  -469.7015468468924  214.61755969522886  
79.0449732970979  298.550744918042  -42.07327604188015  2.5008457046416765  -134.05913458498406  -182.83801852298063  100.27351295864224  -161.186961814318  87.92830433441048  0.0  189.45178392718492  -399.4385958825918  45.676743746661316  154.8991779088323  241.02560052837762  217.19843601717363  156.43272888874833  37.1002536664144  210.99474591246602  50.51225114942554  200.6308880149208  70.33975443376778  62.1749604658155  -366.89845901179217  281.57732366466894  219.36575272903602  152.24479245652722  -99.92937665518599  87.98569722650461  126.14792044301694  205.61409982353405  90.76630583521302  256.5034799402678  54.586365355436556  -112.1320610192206  95.49606392836597  61.68909438298107  163.65454314032186  -416.5365513592045  325.5555600765169  -183.4884697524676  212.02783550990443  217.23186455810017  54.240247080093866  207.4231458058325  291.09490598859804  126.47690087593304  -68.93272703631789  -458.900808454718  -381.77324251248194  302.54586402963935  
-110.40681063008702  109.09896099085712  -231.52505996906507  -186.95093822254324  -323.510918512169  -372.28980245016555  -89.17827096854268  -350.63874574150293  -101.52347959277444  -189.45178392718492  0.0  -588.8903798097767  -143.7750401805236  -34.552606018352606  51.5738166011927  27.746652089988714  -33.01905503843659  -152.35153026077052  21.542961985281096  -138.93953277775938  11.17910408773588  -119.11202949341714  -127.27682346136942  -556.3502429389771  92.12553973748399  29.913968801851098  -37.2069914706577  -289.3811605823709  -101.46608670068031  -63.30386348416798  16.162315896349128  -98.6854780919719  67.05169601308292  -134.86541857174836  -301.5838449464055  -93.95571999881895  -127.76268954420385  -25.797240786863057  -605.9883352863894  136.10377614933194  -372.9402536796525  22.576051582719515  27.78008063091525  -135.21153684709105  17.97136187864757  101.64312206141312  -62.97488305125188  -258.3845109635028  -648.3525923819029  -571.2250264396669  113.09408010245441  
478.4835691796897  697.9893408006338  357.36531984071166  401.9394415872335  265.37946129760775  216.60057735961118  499.71210884123406  238.2516340682738  487.3669002170023  399.4385958825918  588.8903798097767  0.0  445.1153396292531  554.3377737914241  640.4641964109694  616.6370318997655  555.8713247713401  436.5388495490062  610.4333417950578  449.95084703201735  600.0694838975126  469.7783503163596  461.6135563484073  32.54013687079964  681.0159195472608  618.8043486116278  551.683388339119  299.5092192274058  487.4242931090964  525.5865163256087  605.0526957061259  490.20490171780483  655.9420758228597  454.02496123802837  287.3065348633712  494.9346598109578  461.1276902655729  563.0931390229136  -17.097955476612697  724.9941559591086  215.9501261301242  611.4664313924962  616.670460440692  453.6788429626857  606.8617416884243  690.5335018711899  525.9154967585248  330.5058688462739  -59.46221257212619  17.66535337010987  701.9844599122312  
33.36822955043658  252.8740011713807  -87.75001978854147  -43.17589804201964  -179.73587833164538  -228.51476226964195  54.59676921198093  -206.86370556097933  42.25156058774917  -45.676743746661316  143.7750401805236  -445.1153396292531  0.0  109.222434162171  195.3488567817163  171.52169227051232  110.75598514208701  -8.576490080246913  165.3180021658047  4.835507402764222  154.95414426825948  24.663010687106464  16.498216719154186  -412.5752027584535  235.9005799180076  173.6890089823747  106.5680487098659  -145.6061204018473  42.3089534798433  80.47117669635563  159.93735607687273  45.0895620885517  210.8267361936065  8.90962160877524  -157.80880476588192  49.819320181704654  16.012350636319752  117.97779939366055  -462.2132951058658  279.87881632985557  -229.16521349912892  166.35109176324312  171.55512081143885  8.56350333343255  161.74640205917117  245.41816224193673  80.80015712927172  -114.6094707829792  -504.5775522013793  -427.44998625914326  256.86912028297803  
-75.85420461173442  143.6515670092097  -196.97245395071246  -152.39833220419064  -288.9583124938164  -337.73719643181295  -54.62566495019007  -316.0861397231503  -66.97087357442183  -154.8991779088323  34.552606018352606  -554.3377737914241  -109.222434162171  0.0  86.12642261954531  62.29925810834132  1.533550979916015  -117.79892424241791  56.0955680036337  -104.38692675940678  45.731710106088485  -84.55942347506453  -92.72421744301681  -521.7976369206244  126.6781457558366  64.4665748202037  -2.6543854523050925  -254.8285545640183  -66.9134806823277  -28.75125746581537  50.71492191470173  -64.1328720736193  101.60430203143552  -100.31281255339576  -267.0312389280529  -59.403113980466344  -93.21008352585125  8.755365231489549  -571.4357292680368  170.65638216768454  -338.3876476612999  57.12865760107212  62.332686649267856  -100.65893082873845  52.523967897000176  136.19572807976573  -28.422277032899274  -223.8319049451502  -613.7999863635503  -536.6724204213142  147.64668612080703  
-161.98062723127973  57.52514438966442  -283.09887657025774  -238.52475482373595  -375.0847351133617  -423.8636190513582  -140.75208756973538  -402.2125623426956  -153.09729619396714  -241.02560052837762  -51.5738166011927  -640.4641964109694  -195.3488567817163  -86.12642261954531  0.0  -23.82716451120399  -84.5928716396293  -203.92534686196322  -30.030854615911608  -190.51334937895209  -40.394712513456824  -170.68584609460984  -178.85064006256212  -607.9240595401698  40.55172313629129  -21.659847799341605  -88.7808080718504  -340.95497718356364  -153.039903301873  -114.87768008536068  -35.411500704843576  -150.2592946931646  15.477879411890214  -186.43923517294107  -353.1576615475982  -145.52953660001165  -179.33650614539656  -77.37105738805576  -657.5621518875821  84.52995954813923  -424.5140702808452  -28.99776501847319  -23.793735970277453  -186.78535344828376  -33.60245472254513  50.06930546022042  -114.54869965244458  -309.95832756469554  -699.9264089830956  -622.7988430408595  61.52026350126171  
-138.15346272007574  81.35230890086841  -259.2717120590538  -214.69759031253196  -351.25757060215767  -400.0364545401543  -116.92492305853139  -378.3853978314917  -129.27013168276315  -217.19843601717363  -27.746652089988714  -616.6370318997655  -171.52169227051232  -62.29925810834132  23.82716451120399  0.0  -60.765707128425305  -180.09818235075923  -6.2036901047076185  -166.6861848677481  -16.567548002252835  -146.85868158340585  -155.02347555135813  -584.0968950289658  64.37888764749528  2.1673167118623837  -64.95364356064641  -317.1278126723596  -129.21273879066902  -91.05051557415669  -11.584336193639587  -126.43213018196062  39.3050439230942  -162.61207066173708  -329.33049703639426  -121.70237208880766  -155.50934163419257  -53.54389287685177  -633.7349873763782  108.35712405934322  -400.68690576964127  -5.170600507269199  0.03342854092653624  -162.95818893707977  -9.775290211341144  73.89646997142441  -90.7215351412406  -286.1311630534915  -676.0992444718917  -598.9716785296556  85.3474280124657  
-77.38775559165043  142.1180160292937  -198.50600493062848  -153.93188318410665  -290.4918634737324  -339.27074741172896  -56.159215930106086  -317.61969070306634  -68.50442455433785  -156.43272888874833  33.01905503843659  -555.8713247713401  -110.75598514208701  -1.533550979916015  84.5928716396293  60.765707128425305  0.0  -119.33247522233393  54.56201702371769  -105.92047773932279  44.19815912617247  -86.09297445498055  -94.25776842293283  -523.3311879005405  125.14459477592058  62.93302384028769  -4.1879364322211075  -256.3621055439343  -68.44703166224372  -30.284808445731386  49.18137093478572  -65.66642305353531  100.07075105151951  -101.84636353331177  -268.56478990796893  -60.93666496038236  -94.74363450576726  7.221814251573534  -572.9692802479528  169.12283118776853  -339.92119864121594  55.595106621156106  60.79913566935184  -102.19248180865446  50.99041691708416  134.6621770998497  -29.95582801281529  -225.36545592506621  -615.3335373434663  -538.2059714012303  146.11313514089102  
41.944719630683494  261.4504912516276  -79.17352970829455  -34.59940796177273  -171.15938825139847  -219.93827218939504  63.17325929222784  -198.2872154807324  50.82805066799608  -37.1002536664144  152.35153026077052  -436.5388495490062  8.576490080246913  117.79892424241791  203.92534686196322  180.09818235075923  119.33247522233393  0.0  173.8944922460516  13.411997483011135  163.5306343485064  33.23950076735338  25.0747067994011  -403.9987126782066  244.4770699982545  182.26549906262161  115.14453879011282  -137.0296303216004  50.88544356009021  89.04766677660254  168.51384615711964  53.666052168798615  219.40322627385342  17.486111689022152  -149.232314685635  58.39581026195157  24.588840716566665  126.55428947390746  -453.6368050256189  288.4553064101025  -220.588723418882  174.92758184349003  180.13161089168577  17.139993413679463  170.3228921394181  253.99465232218364  89.37664720951864  -106.03298070273229  -496.0010621211324  -418.87349617889635  265.44561036322494  
-131.94977261536812  87.55599900557603  -253.06802195434616  -208.49390020782434  -345.0538804974501  -393.8327644354466  -110.72123295382377  -372.181707726784  -123.06644157805553  -210.99474591246602  -21.542961985281096  -610.4333417950578  -165.3180021658047  -56.0955680036337  30.030854615911608  6.2036901047076185  -54.56201702371769  -173.8944922460516  0.0  -160.48249476304048  -10.363857897545216  -140.65499147869824  -148.8197854466505  -577.8932049242582  70.5825777522029  8.371006816570002  -58.749953455938794  -310.92412256765203  -123.0090486859614  -84.84682546944907  -5.380646088931968  -120.228440077253  45.50873402780182  -156.40838055702946  -323.1268069316866  -115.49868198410005  -149.30565152948495  -47.34020277214415  -627.5312972716705  114.56081416405084  -394.4832156649336  1.033089597438419  6.237118645634155  -156.75449883237215  -3.5716001066335252  80.10016007613203  -84.51784503653298  -279.92747294878393  -669.895554367184  -592.7679884249479  91.55111811717332  
28.53272214767236  248.0384937686165  -92.58552719130569  -48.01140544478386  -184.5713857344096  -233.35026967240617  49.761261809216705  -211.69921296374355  37.416053184984946  -50.51225114942554  138.93953277775938  -449.95084703201735  -4.835507402764222  104.38692675940678  190.51334937895209  166.6861848677481  105.92047773932279  -13.411997483011135  160.48249476304048  0.0  150.11863686549526  19.827503284342242  11.662709316389964  -417.4107101612177  231.06507251524337  168.85350157961048  101.73254130710168  -150.44162780461153  37.473446077079075  75.6356692935914  155.1018486741085  40.25405468578748  205.99122879084229  4.074114206011018  -162.64431216864614  44.98381277894043  11.17684323355553  113.14229199089633  -467.04880250863005  275.04330892709135  -234.00072090189315  161.5155843604789  166.71961340867463  3.727995930668328  156.91089465640695  240.5826548391725  75.9646497265075  -119.44497818574342  -509.41305960414354  -432.2854936619075  252.0336128802138  
-121.5859147178229  97.91985690312124  -242.70416405680095  -198.13004231027912  -334.69002259990486  -383.46890653790143  -100.35737505627856  -361.8178498292388  -112.70258368051032  -200.6308880149208  -11.17910408773588  -600.0694838975126  -154.95414426825948  -45.731710106088485  40.394712513456824  16.567548002252835  -44.19815912617247  -163.5306343485064  10.363857897545216  -150.11863686549526  0.0  -130.29113358115302  -138.4559275491053  -567.5293470267129  80.94643564974811  18.73486471411522  -48.38609555839358  -300.5602646701068  -112.64519078841619  -74.48296757190386  4.983211808613248  -109.86458217970778  55.87259192534704  -146.04452265948424  -312.7629490341414  -105.13482408655483  -138.94179363193973  -36.97634487459894  -617.1674393741253  124.92467206159606  -384.1193577673884  11.396947494983635  16.60097654317937  -146.39064093482693  6.792257790911691  90.46401797367724  -74.15398713898776  -269.5636150512387  -659.5316964696387  -582.4041305274027  101.91497601471853  
8.705218863330117  228.21099048427425  -112.41303047564793  -67.8389087291261  -204.39888901875185  -253.1777729567484  29.933758524874463  -231.5267162480858  17.588549900642704  -70.33975443376778  119.11202949341714  -469.7783503163596  -24.663010687106464  84.55942347506453  170.68584609460984  146.85868158340585  86.09297445498055  -33.23950076735338  140.65499147869824  -19.827503284342242  130.29113358115302  0.0  -8.164793967952278  -437.23821344555995  211.23756923090113  149.02599829526824  81.90503802275944  -170.26913108895377  17.645942792736832  55.80816600924916  135.27434538976627  20.426551401445238  186.16372550650004  -15.753389078331224  -182.47181545298838  25.15630949459819  -8.650660050786712  93.31478870655408  -486.8763057929723  255.21580564274907  -253.8282241862354  141.68808107613665  146.8921101243324  -16.099507353673914  137.0833913720647  220.75515155483026  56.13714644216526  -139.27248147008567  -529.2405628884858  -452.1129969462497  232.20610959587157  
16.870012831282395  236.37578445222653  -104.24823650769565  -59.674114761173826  -196.23409505079957  -245.01297898879614  38.09855249282674  -223.3619222801335  25.753343868594982  -62.1749604658155  127.27682346136942  -461.6135563484073  -16.498216719154186  92.72421744301681  178.85064006256212  155.02347555135813  94.25776842293283  -25.0747067994011  148.8197854466505  -11.662709316389964  138.4559275491053  8.164793967952278  0.0  -429.0734194776077  219.4023631988534  157.19079226322052  90.06983199071172  -162.1043371210015  25.81073676068911  63.97295997720144  143.43913935771855  28.591345369397516  194.32851947445232  -7.588595110378947  -174.3070214850361  33.32110346255047  -0.4858660828344341  101.47958267450636  -478.71151182502  263.3805996107014  -245.6634302182831  149.85287504408893  155.05690409228467  -7.934713385721636  145.248185340017  228.91994552278254  64.30194041011754  -131.1076875021334  -521.0757689205335  -443.94820297829745  240.37090356382384  
445.94343230889007  665.4492039298342  324.825182969912  369.39930471643385  232.8393244268081  184.06044048881154  467.1719719704344  205.71149719747416  454.82676334620265  366.89845901179217  556.3502429389771  -32.54013687079964  412.5752027584535  521.7976369206244  607.9240595401698  584.0968950289658  523.3311879005405  403.9987126782066  577.8932049242582  417.4107101612177  567.5293470267129  437.23821344555995  429.0734194776077  0.0  648.4757826764611  586.2642117408282  519.1432514683194  266.9690823566062  454.8841562382968  493.0463794548091  572.5125588353262  457.6647648470052  623.40193895206  421.4848243672287  254.76639799257157  462.39452294015814  428.58755339477324  530.553002152114  -49.63809234741234  692.454019088309  183.40998925932456  578.9262945216966  584.1303235698923  421.13870609188604  574.3216048176247  657.9933650003902  493.3753598877252  297.9657319754743  -92.00234944292583  -14.874783500689773  669.4443230414315  
-202.532350367571  16.973421253373132  -323.6505997065491  -279.0764779600272  -415.63645824965295  -464.41534218764957  -181.30381070602667  -442.76428547898695  -193.64901933025843  -281.57732366466894  -92.12553973748399  -681.0159195472608  -235.9005799180076  -126.6781457558366  -40.55172313629129  -64.37888764749528  -125.14459477592058  -244.4770699982545  -70.5825777522029  -231.06507251524337  -80.94643564974811  -211.23756923090113  -219.4023631988534  -648.4757826764611  0.0  -62.21157093563289  -129.3325312081417  -381.5067003198549  -193.5916264381643  -155.42940322165197  -75.96322384113486  -190.8110178294559  -25.073843724401073  -226.99095830923235  -393.70938468388954  -186.08125973630294  -219.88822928168784  -117.92278052434705  -698.1138750238734  43.97823641184795  -465.06579341713655  -69.54948815476448  -64.34545910656874  -227.33707658457504  -74.15417785883642  9.517582323929133  -155.10042278873587  -350.51005070098677  -740.4781321193869  -663.3505661771509  20.968540364970423  
-140.32077943193812  79.18499218900602  -261.43902877091614  -216.86490702439434  -353.4248873140201  -402.2037712520166  -119.09223977039377  -380.552714543354  -131.43744839462553  -219.36575272903602  -29.913968801851098  -618.8043486116278  -173.6890089823747  -64.4665748202037  21.659847799341605  -2.1673167118623837  -62.93302384028769  -182.26549906262161  -8.371006816570002  -168.85350157961048  -18.73486471411522  -149.02599829526824  -157.19079226322052  -586.2642117408282  62.21157093563289  0.0  -67.1209602725088  -319.29512938422204  -131.3800555025314  -93.21783228601907  -13.75165290550197  -128.599446893823  37.13772721123182  -164.77938737359946  -331.4978137482566  -123.86968880067005  -157.67665834605495  -55.711209588714155  -635.9023040882405  106.18980734748084  -402.8542224815036  -7.337917219131583  -2.1338881709358475  -165.12550564894215  -11.942606923203527  71.72915325956203  -92.88885185310298  -288.29847976535393  -678.266561183754  -601.1389952415179  83.18011130060331  
-73.19981915942932  146.30595246151483  -194.31806849840737  -149.74394675188555  -286.3039270415113  -335.0828109795078  -51.97127949788498  -313.4317542708452  -64.31648812211674  -152.24479245652722  37.2069914706577  -551.683388339119  -106.5680487098659  2.6543854523050925  88.7808080718504  64.95364356064641  4.1879364322211075  -115.14453879011282  58.749953455938794  -101.73254130710168  48.38609555839358  -81.90503802275944  -90.06983199071172  -519.1432514683194  129.3325312081417  67.1209602725088  0.0  -252.1741691117132  -64.25909523002261  -26.09687201351028  53.369307367006826  -61.478486621314204  104.25868748374062  -97.65842710109067  -264.3768534757478  -56.74872852816125  -90.55569807354615  11.409750683794641  -568.7813438157317  173.31076761998963  -335.7332622089948  59.78304305337721  64.98707210157295  -98.00454537643336  55.17835334930527  138.85011353207082  -25.76789158059418  -221.1775194928451  -611.1456009112452  -534.0180349690091  150.3010715731121  
178.9743499522839  398.480121573228  57.85610061330584  102.43022235982767  -34.129757929798075  -82.90864186779464  200.20288961382823  -61.25758515913202  187.85768098959647  99.92937665518599  289.3811605823709  -299.5092192274058  145.6061204018473  254.8285545640183  340.95497718356364  317.1278126723596  256.3621055439343  137.0296303216004  310.92412256765203  150.44162780461153  300.5602646701068  170.26913108895377  162.1043371210015  -266.9690823566062  381.5067003198549  319.29512938422204  252.1741691117132  0.0  187.9150738816906  226.07729709820293  305.54347647872004  190.695682490399  356.4328565954538  154.51574201062255  -12.20268436403461  195.42544058355196  161.61847103816706  263.5839197955079  -316.6071747040185  425.4849367317029  -83.55909309728162  311.9572121650904  317.1612412132862  154.16962373527986  307.35252246101845  391.02428264378403  226.40627753111903  30.996649618868105  -358.971431799532  -281.84386585729595  402.47524068482534  
-8.940723929406715  210.56504769153742  -130.05897326838476  -85.48485152186294  -222.04483181148868  -270.82371574948525  12.28781573213763  -249.17265904082262  -0.057392892094128456  -87.98569722650461  101.46608670068031  -487.4242931090964  -42.3089534798433  66.9134806823277  153.039903301873  129.21273879066902  68.44703166224372  -50.88544356009021  123.0090486859614  -37.473446077079075  112.64519078841619  -17.645942792736832  -25.81073676068911  -454.8841562382968  193.5916264381643  131.3800555025314  64.25909523002261  -187.9150738816906  0.0  38.16222321651233  117.62840259702944  2.7806086087084054  168.5177827137632  -33.39933187106806  -200.1177582457252  7.510366701861358  -26.296602843523544  75.66884591381725  -504.5222485857091  237.56986285001224  -271.4741669789722  124.04213828339982  129.24616733159556  -33.74545014641075  119.43744857932788  203.10920876209343  38.49120364942843  -156.9184242628225  -546.8865056812226  -469.75893973898656  214.56016680313473  
-47.102947145919046  172.4028244750251  -168.2211964848971  -123.64707473837527  -260.20705502800104  -308.98593896599755  -25.8744074843747  -287.3348822573349  -38.21961610860646  -126.14792044301694  63.30386348416798  -525.5865163256087  -80.47117669635563  28.75125746581537  114.87768008536068  91.05051557415669  30.284808445731386  -89.04766677660254  84.84682546944907  -75.6356692935914  74.48296757190386  -55.80816600924916  -63.97295997720144  -493.0463794548091  155.42940322165197  93.21783228601907  26.09687201351028  -226.07729709820293  -38.16222321651233  0.0  79.4661793805171  -35.381614607803925  130.3555594972509  -71.56155508758039  -238.27998146223754  -30.651856514650973  -64.45882606003588  37.50662269730492  -542.6844718022214  199.4076396334999  -309.6363901954845  85.87991506688749  91.08394411508323  -71.90767336292308  81.27522536281555  164.9469855455811  0.32898043291609724  -195.08064747933483  -585.0487288977349  -507.92116295549886  176.39794358662238  
-126.56912652643615  92.936645094508  -247.6873758654142  -203.11325411889237  -339.6732344085181  -388.4521183465147  -105.3405868648918  -366.80106163785206  -117.68579548912356  -205.61409982353405  -16.162315896349128  -605.0526957061259  -159.93735607687273  -50.71492191470173  35.411500704843576  11.584336193639587  -49.18137093478572  -168.51384615711964  5.380646088931968  -155.1018486741085  -4.983211808613248  -135.27434538976627  -143.43913935771855  -572.5125588353262  75.96322384113486  13.75165290550197  -53.369307367006826  -305.54347647872004  -117.62840259702944  -79.4661793805171  0.0  -114.84779398832103  50.88938011673379  -151.0277344680975  -317.74616084275465  -110.11803589516808  -143.92500544055298  -41.959556683212185  -622.1506511827386  119.94146025298281  -389.10256957600166  6.413735686370387  11.617764734566123  -151.37385274344018  1.8090459822984428  85.480806165064  -79.13719894760101  -274.54682685985193  -664.514908278252  -587.387342336016  96.93176420610529  
-11.72133253811512  207.784439082829  -132.83958187709317  -88.26546013057134  -224.82544042019708  -273.60432435819365  9.507207123429225  -251.95326764953103  -2.838001500802534  -90.76630583521302  98.6854780919719  -490.20490171780483  -45.0895620885517  64.1328720736193  150.2592946931646  126.43213018196062  65.66642305353531  -53.666052168798615  120.228440077253  -40.25405468578748  109.86458217970778  -20.426551401445238  -28.591345369397516  -457.6647648470052  190.8110178294559  128.599446893823  61.478486621314204  -190.695682490399  -2.7806086087084054  35.381614607803925  114.84779398832103  0.0  165.7371741050548  -36.17994047977646  -202.89836685443362  4.729758093152952  -29.07721145223195  72.88823730510885  -507.3028571944175  234.78925424130384  -274.2547755876806  121.26152967469142  126.46555872288715  -36.52605875511915  116.65683997061947  200.32860015338503  35.71059504072002  -159.6990328715309  -549.6671142899311  -472.53954834769496  211.77955819442633  
-177.45850664316993  42.047264977774205  -298.576755982148  -254.00263423562615  -390.5626145252519  -439.34149846324846  -156.22996698162558  -417.69044175458583  -168.57517560585734  -256.5034799402678  -67.05169601308292  -655.9420758228597  -210.8267361936065  -101.60430203143552  -15.477879411890214  -39.3050439230942  -100.07075105151951  -219.40322627385342  -45.50873402780182  -205.99122879084229  -55.87259192534704  -186.16372550650004  -194.32851947445232  -623.40193895206  25.073843724401073  -37.13772721123182  -104.25868748374062  -356.4328565954538  -168.5177827137632  -130.3555594972509  -50.88938011673379  -165.7371741050548  0.0  -201.91711458483127  -368.6355409594884  -161.00741601190185  -194.81438555728676  -92.84893679994597  -673.0400312994724  69.05208013624903  -439.99194969273543  -44.4756444303634  -39.27161538216767  -202.26323286017396  -49.08033413443535  34.591426048330206  -130.02657906433478  -325.4362069765857  -715.4042883949859  -638.2767224527498  46.042384089371495  
24.45860794166134  243.96437956260547  -96.6596413973167  -52.08551965079488  -188.64549994042062  -237.4243838784172  45.68714760320569  -215.77332716975457  33.34193897897393  -54.586365355436556  134.86541857174836  -454.02496123802837  -8.90962160877524  100.31281255339576  186.43923517294107  162.61207066173708  101.84636353331177  -17.486111689022152  156.40838055702946  -4.074114206011018  146.04452265948424  15.753389078331224  7.588595110378947  -421.4848243672287  226.99095830923235  164.77938737359946  97.65842710109067  -154.51574201062255  33.39933187106806  71.56155508758039  151.0277344680975  36.17994047977646  201.91711458483127  0.0  -166.71842637465716  40.909698572929415  7.1027290275445125  109.06817778488531  -471.12291671464106  270.9691947210803  -238.07483510790416  157.44147015446788  162.64549920266361  -0.3461182753426897  152.83678045039593  236.5085406331615  71.89053552049648  -123.51909239175444  -513.4871738101546  -436.3596078679185  247.9594986742028  
191.1770343163185  410.68280593726263  70.05878497734045  114.63290672386228  -21.927073565763465  -70.70595750376003  212.40557397786284  -49.05490079509741  200.06036535363108  112.1320610192206  301.5838449464055  -287.3065348633712  157.80880476588192  267.0312389280529  353.1576615475982  329.33049703639426  268.56478990796893  149.232314685635  323.1268069316866  162.64431216864614  312.7629490341414  182.47181545298838  174.3070214850361  -254.76639799257157  393.70938468388954  331.4978137482566  264.3768534757478  12.20268436403461  200.1177582457252  238.27998146223754  317.74616084275465  202.89836685443362  368.6355409594884  166.71842637465716  0.0  207.62812494758657  173.82115540220167  275.78660415954243  -304.4044903399839  437.6876210957375  -71.35640873324701  324.15989652912504  329.36392557732074  166.37230809931447  319.5552068250531  403.22696700781864  238.60896189515364  43.199333982902715  -346.7687474354974  -269.64118149326134  414.67792504885995  
-16.451090631268073  203.05468098967606  -137.56933997024612  -92.9952182237243  -229.55519851335004  -278.3340824513466  4.777449030276273  -256.683025742684  -7.567759593955486  -95.49606392836597  93.95571999881895  -494.9346598109578  -49.819320181704654  59.403113980466344  145.52953660001165  121.70237208880766  60.93666496038236  -58.39581026195157  115.49868198410005  -44.98381277894043  105.13482408655483  -25.15630949459819  -33.32110346255047  -462.39452294015814  186.08125973630294  123.86968880067005  56.74872852816125  -195.42544058355196  -7.510366701861358  30.651856514650973  110.11803589516808  -4.729758093152952  161.00741601190185  -40.909698572929415  -207.62812494758657  0.0  -33.8069695453849  68.15847921195589  -512.0326152875705  230.05949614815088  -278.9845336808336  116.53177158153846  121.7358006297342  -41.255816848272104  111.92708187746652  195.59884206023207  30.98083694756707  -164.42879096468386  -554.396872383084  -477.2693064408479  207.04980010127338  
17.35587891411683  236.86165053506096  -103.76237042486122  -59.18824867833939  -195.74822896796513  -244.5271129059617  38.584418575661175  -222.87605619729908  26.239209951429416  -61.68909438298107  127.76268954420385  -461.1276902655729  -16.012350636319752  93.21008352585125  179.33650614539656  155.50934163419257  94.74363450576726  -24.588840716566665  149.30565152948495  -11.17684323355553  138.94179363193973  8.650660050786712  0.4858660828344341  -428.58755339477324  219.88822928168784  157.67665834605495  90.55569807354615  -161.61847103816706  26.296602843523544  64.45882606003588  143.92500544055298  29.07721145223195  194.81438555728676  -7.1027290275445125  -173.82115540220167  33.8069695453849  0.0  101.9654487573408  -478.2256457421856  263.8664656935358  -245.17756413544868  150.33874112692337  155.5427701751191  -7.448847302887202  145.73405142285142  229.40581160561698  64.78780649295197  -130.62182141929895  -520.5899028376991  -443.462336895463  240.85676964665828  
-84.60956984322397  134.8962017777202  -205.727819182202  -161.1536974356802  -297.71367772530596  -346.49256166330247  -63.38103018167962  -324.84150495463984  -75.72623880591138  -163.65454314032186  25.797240786863057  -563.0931390229136  -117.97779939366055  -8.755365231489549  77.37105738805576  53.54389287685177  -7.221814251573534  -126.55428947390746  47.34020277214415  -113.14229199089633  36.97634487459894  -93.31478870655408  -101.47958267450636  -530.553002152114  117.92278052434705  55.711209588714155  -11.409750683794641  -263.5839197955079  -75.66884591381725  -37.50662269730492  41.959556683212185  -72.88823730510885  92.84893679994597  -109.06817778488531  -275.78660415954243  -68.15847921195589  -101.9654487573408  0.0  -580.1910944995263  161.901016936195  -347.14301289278944  48.37329236958257  53.57732141777831  -109.414296060228  43.76860266551063  127.44036284827618  -37.17764226438882  -232.58727017663975  -622.5553515950398  -545.4277856528038  138.89132088931746  
