Height_Data

node	height
0	99.43891127145126
1	46.43410994776182
2	16.543274954145957
3	31.74581177110406
4	63.72768190051712
5	36.875863196740745
6	15.575615927249103
7	36.219516699660296
8	82.59936608689189
9	31.99575791694732
10	49.263226761318414
11	33.51483154444605
12	116.26700044369925
13	83.88600261896299
14	92.62595914271172
15	72.9337664356242
16	55.35403002190419
17	53.919246148922085
18	184.2121359810234
19	51.517219201191544
20	26.478736995083544
21	66.12949317732186
22	42.64740039680943
23	98.18426266282118
24	94.21128267376385
25	87.1590780852662
26	24.595497427514122
27	56.80135367910032
28	96.03462649014975
29	106.29588822493481
30	130.24960676057557
31	14.709556976275223
32	16.9645758273266
33	20.86019084320505
34	60.894784819308725
35	69.65880627549862
36	119.60236318637546
37	112.15460891085534
38	62.70315773493893
39	37.97535649598783
40	28.51711688885477
41	34.43656769913759
42	63.18716800537327
43	107.69888509491898
44	184.80895741861679
45	91.3365596246004
46	30.192781606672476
47	37.474147021622684
48	48.49404265281571
49	100.867565522303
50	41.83379656160398



height_matrix
0.0  185.51680463291305  290.1347271105686  236.9258482512152  124.98930279826948  218.9706682614868  293.52153370470756  221.26788100126836  58.938408145957794  236.05103674076378  175.61489578546497  230.73427904451825  -58.898312102867976  54.43518028370892  23.845332450588387  92.76800692539473  154.29708437341475  159.3188279288521  -296.7062864835025  167.725922245909  255.36060996728702  116.5829633294529  198.7702880612464  4.391270130205271  18.29670009190596  42.97941615164768  261.95194845378  149.23145157322827  11.914996734555302  -23.99941933719242  -107.83743421193509  296.55274003311615  288.6601740544363  275.02552149886174  134.90444258249886  104.23036748583422  -70.5720817022347  -44.504941737914294  128.57513737779317  215.122441714122  248.2262803390877  227.50820250309783  126.88110143127295  -28.90990838213702  -298.79516151507937  28.358230763977986  242.36145382672572  216.8766748744  178.30704016522444  -5.000289877981061  201.61790148446548  
-185.51680463291305  0.0  104.6179224776555  51.40904361830215  -60.52750183464357  33.45386362857374  108.00472907179449  35.751076368355314  -126.57839648695526  50.53423210785074  -9.901908847448084  45.217474411605195  -244.41511673578103  -131.08162434920413  -161.67147218232466  -92.74879770751832  -31.219720259498303  -26.19797670406095  -482.2230911164155  -17.790882387004046  69.84380533437395  -68.93384130346016  13.25348342833334  -181.12553450270778  -167.2201045410071  -142.53738848126537  76.43514382086693  -36.28535305968478  -173.60180789835775  -209.51622397010547  -293.35423884484817  111.03593540020307  103.14336942152326  89.50871686594868  -50.61236205041419  -81.28643714707883  -256.0888863351478  -230.02174637082734  -56.94166725511988  29.605637081208954  62.70947570617466  41.991397870184784  -58.6357032016401  -214.42671301505007  -484.3119661479924  -157.15857386893506  56.844649193812685  31.35987024148696  -7.209764467688615  -190.5170945108941  16.101096851552427  
-290.1347271105686  -104.6179224776555  0.0  -53.208878859353355  -165.14542431229907  -71.16405884908175  3.3868065941389887  -68.86684610930018  -231.19631896461075  -54.08369036980476  -114.51983132510358  -59.40044806605031  -349.03303921343655  -235.69954682685963  -266.2893946599802  -197.36672018517382  -135.8376427371538  -130.81589918171645  -586.841013594071  -122.40880486465954  -34.77411714328155  -173.55176378111565  -91.36443904932216  -285.7434569803633  -271.8380270186626  -247.15531095892086  -28.182778656788578  -140.90327553734028  -278.2197303760133  -314.134146447761  -397.97216132250367  6.418012922547568  -1.474553056132244  -15.10920561170682  -155.2302845280697  -185.90435962473433  -360.7068088128033  -334.63966884848287  -161.55958973277538  -75.01228539644654  -41.90844677148085  -62.62652460747072  -163.2536256792956  -319.0446354927056  -588.9298886256479  -261.7764963465906  -47.77327328384282  -73.25805223616854  -111.82768694534411  -295.13501698854964  -88.51682562610307  
-236.9258482512152  -51.40904361830215  53.208878859353355  0.0  -111.93654545294572  -17.955179989728407  56.595685453492344  -15.657967249946836  -177.9874401052574  -0.8748115104514085  -61.31095246575023  -6.191569206696954  -295.8241603540832  -182.49066796750628  -213.0805158006268  -144.15784132582047  -82.62876387780045  -77.6070203223631  -533.6321347347177  -69.1999260053062  18.434761716071804  -120.3428849217623  -38.15556018996881  -232.53457812100993  -218.62914815930924  -193.94643209956752  25.026100202564777  -87.69439667798693  -225.0108515166599  -260.9252675884076  -344.7632824631503  59.62689178190092  51.73432580322111  38.099673247646535  -102.02140566871634  -132.69548076538098  -307.4979299534499  -281.4307899891295  -108.35071087342203  -21.803406537093196  11.300432087872508  -9.417645748117366  -110.04474681994225  -265.8357566333522  -535.7210097662946  -208.56761748723721  5.435605575510536  -20.04917337681519  -58.618808085990764  -241.92613812919626  -35.30794676674972  
-124.98930279826948  60.52750183464357  165.14542431229907  111.93654545294572  0.0  93.98136546321732  168.53223090643806  96.27857820299889  -66.05089465231168  111.06173394249431  50.62559298719549  105.74497624624877  -183.88761490113745  -70.55412251456056  -101.14397034768109  -32.22129587287475  29.30778157514527  34.329525130582624  -421.69558928177196  42.73661944763953  130.37130716901754  -8.406339468816583  73.78098526297691  -120.5980326680642  -106.69260270636352  -82.0098866466218  136.9626456555105  24.242148774958793  -113.07430606371418  -148.9887221354619  -232.82673701020457  171.56343723484665  163.67087125616683  150.03621870059226  9.915139784229382  -20.758935312435256  -195.56138450050418  -169.49424453618377  3.5858345795236914  90.13313891585253  123.23697754081823  102.51889970482836  1.891798633003475  -153.8992111804065  -423.78446431334885  -96.63107203429149  117.37215102845626  91.88737207613053  53.31773736695496  -129.98959267625054  76.628598686196  
-218.9706682614868  -33.45386362857374  71.16405884908175  17.955179989728407  -93.98136546321732  0.0  74.55086544322074  2.297212739781571  -160.032260115529  17.080368479277  -43.355772476021826  11.763610783031453  -277.8689803643548  -164.53548797777788  -195.1253358108984  -126.20266133609206  -64.67358388807205  -59.65184033263469  -515.6769547449893  -51.24474601557779  36.38994170580021  -102.3877049320339  -20.200380200240403  -214.57939813128152  -200.67396816958083  -175.9912521098391  42.981280192293184  -69.73921668825852  -207.0556715269315  -242.9700875986792  -326.80810247342185  77.58207177162933  69.68950579294952  56.05485323737494  -84.06622567898793  -114.74030077565257  -289.54274996372146  -263.47560999940106  -90.39553088369362  -3.8482265473647885  29.255612077600915  8.537534241611041  -92.08956683021384  -247.8805766436238  -517.7658297765662  -190.6124374975088  23.390785565238943  -2.0939933870867833  -40.66362809626236  -223.97095813946785  -17.352766777021316  
-293.52153370470756  -108.00472907179449  -3.3868065941389887  -56.595685453492344  -168.53223090643806  -74.55086544322074  0.0  -72.25365270343917  -234.58312555874974  -57.47049696394375  -117.90663791924257  -62.7872546601893  -352.41984580757554  -239.08635342099862  -269.6762012541192  -200.7535267793128  -139.2244493312928  -134.20270577585543  -590.22782018821  -125.79561145879853  -38.16092373742054  -176.93857037525464  -94.75124564346115  -289.1302635745023  -275.2248336128016  -250.54211755305985  -31.569585250927567  -144.29008213147927  -281.60653697015226  -317.5209530419  -401.35896791664265  3.0312063284085795  -4.861359650271233  -18.49601220584581  -158.61709112220868  -189.29116621887331  -364.09361540694226  -338.02647544262186  -164.94639632691437  -78.39909199058553  -45.295253365619836  -66.0133312016097  -166.64043227343458  -322.4314420868446  -592.3166952197869  -265.1633029407296  -51.16007987798181  -76.64485883030753  -115.2144935394831  -298.5218235826886  -91.90363222024206  
-221.26788100126836  -35.751076368355314  68.86684610930018  15.657967249946836  -96.27857820299889  -2.297212739781571  72.25365270343917  0.0  -162.32947285531057  14.783155739495427  -45.6529852158034  9.466398043249882  -280.16619310413637  -166.83270071755945  -197.42254855067998  -128.49987407587363  -66.97079662785362  -61.94905307241626  -517.9741674847709  -53.54195875535936  34.09272896601864  -104.68491767181547  -22.497592940021974  -216.8766108710631  -202.9711809093624  -178.28846484962068  40.68406745251161  -72.0364294280401  -209.35288426671306  -245.26730033846079  -329.1053152132034  75.28485903184776  67.39229305316795  53.75764049759337  -86.3634384187695  -117.03751351543414  -291.83996270350303  -265.77282273918263  -92.6927436234752  -6.14543928714636  26.958399337819344  6.24032150182947  -94.38677956999541  -250.17778938340538  -520.0630425163478  -192.90965023729038  21.093572825457372  -4.391206126868354  -42.96084083604393  -226.26817087924942  -19.649979516802887  
-58.938408145957794  126.57839648695526  231.19631896461075  177.9874401052574  66.05089465231168  160.032260115529  234.58312555874974  162.32947285531057  0.0  177.11262859480598  116.67648763950717  171.79587089856045  -117.83672024882577  -4.5032278622488775  -35.09307569536941  33.829598779436935  95.35867622745695  100.38041978289431  -355.6446946294603  108.78751409995121  196.42220182132922  57.6445551834951  139.8318799152886  -54.54713801575252  -40.64170805405183  -15.95899199431011  203.01354030782218  90.29304342727048  -47.02341141140249  -82.93782748315022  -166.77584235789288  237.61433188715833  229.72176590847852  216.08711335290394  75.96603443654107  45.29195933987643  -129.5104898481925  -103.44334988387209  69.63672923183537  156.1840335681642  189.2878721931299  168.56979435714004  67.94269328531516  -87.84831652809481  -357.73356966103717  -30.58017738197981  183.42304568076793  157.93826672844222  119.36863201926664  -63.938698023938855  142.67949333850768  
-236.05103674076378  -50.53423210785074  54.08369036980476  0.8748115104514085  -111.06173394249431  -17.080368479277  57.47049696394375  -14.783155739495427  -177.11262859480598  0.0  -60.436140955298825  -5.316757696245546  -294.94934884363175  -181.61585645705486  -212.2057042901754  -143.28302981536905  -81.75395236734904  -76.73220881191169  -532.7573232242663  -68.32511449485479  19.309573226523213  -119.4680734113109  -37.2807486795174  -231.6597666105585  -217.75433664885782  -193.0716205891161  25.900911713016185  -86.81958516753552  -224.13604000620848  -260.0504560779562  -343.88847095269887  60.50170329235233  52.60913731367252  38.974484758097944  -101.14659415826493  -131.82066925492956  -306.6231184429985  -280.55597847867807  -107.47589936297062  -20.928595026641787  12.175243598323917  -8.542834237665957  -109.16993530949084  -264.9609451229008  -534.8461982558432  -207.6928059767858  6.310417085961944  -19.174361866363782  -57.743996575539356  -241.05132661874484  -34.433135256298314  
-175.61489578546497  9.901908847448084  114.51983132510358  61.31095246575023  -50.62559298719549  43.355772476021826  117.90663791924257  45.6529852158034  -116.67648763950717  60.436140955298825  0.0  55.11938325905328  -234.51320788833294  -121.17971550175605  -151.76956333487658  -82.84688886007024  -21.31781141205022  -16.296067856612865  -472.32118226896745  -7.888973539555963  79.74571418182204  -59.03193245601207  23.155392275781423  -171.2236256552597  -157.318195693559  -132.63547963381728  86.33705266831501  -26.383444212236697  -163.69989905090966  -199.6143151226574  -283.45232999740006  120.93784424765116  113.04527826897134  99.41062571339677  -40.71045320296611  -71.38452829963074  -246.18697748769966  -220.11983752337926  -47.0397584076718  39.50754592865704  72.61138455362274  51.89330671763287  -48.733794354192014  -204.52480416760199  -474.41005730054434  -147.25666502148698  66.74655804126077  41.26177908893504  2.692144379759469  -180.61518566344603  26.00300569900051  
-230.73427904451825  -45.217474411605195  59.40044806605031  6.191569206696954  -105.74497624624877  -11.763610783031453  62.7872546601893  -9.466398043249882  -171.79587089856045  5.316757696245546  -55.11938325905328  0.0  -289.6325911473862  -176.29909876080933  -206.88894659392986  -137.96627211912352  -76.4371946711035  -71.41545111566614  -527.4405655280207  -63.00835679860924  24.62633092276876  -114.15131571506535  -31.963990983271856  -226.34300891431297  -212.43757895261228  -187.75486289287056  31.21766940926173  -81.50282747128998  -218.81928230996294  -254.73369838171067  -338.57171325645334  65.81846098859788  57.925895009918065  44.29124245434349  -95.82983646201939  -126.50391155868402  -301.30636074675294  -275.23922078243254  -102.15914166672508  -15.611837330396241  17.492001294569462  -3.2260765414204116  -103.8531776132453  -259.64418742665526  -529.5294405595976  -202.37604828054026  11.62717478220749  -13.857604170118236  -52.42723887929381  -235.7345689224993  -29.11637756005277  
58.898312102867976  244.41511673578103  349.03303921343655  295.8241603540832  183.88761490113745  277.8689803643548  352.41984580757554  280.16619310413637  117.83672024882577  294.94934884363175  234.51320788833294  289.6325911473862  0.0  113.33349238657689  82.74364455345636  151.6663190282627  213.19539647628272  218.21714003172008  -237.8079743806345  226.62423434877698  314.258922070155  175.48127543232087  257.66860016411437  63.28958223307325  77.19501219477394  101.87772825451566  320.850260556648  208.12976367609625  70.81330883742328  34.898892765675555  -48.939122109067114  355.4510521359841  347.5584861573043  333.9238336017297  193.80275468536684  163.1286795887022  -11.673769599366722  14.393370364953682  187.47344948066115  274.02075381699  307.12459244195566  286.4065146059658  185.77941353414093  29.988403720730958  -239.8968494122114  87.25654286684596  301.2597659295937  275.774986977268  237.2053522680924  53.898022224886915  260.5162135873335  
-54.43518028370892  131.08162434920413  235.69954682685963  182.49066796750628  70.55412251456056  164.53548797777788  239.08635342099862  166.83270071755945  4.5032278622488775  181.61585645705486  121.17971550175605  176.29909876080933  -113.33349238657689  0.0  -30.58984783312053  38.33282664168581  99.86190408970583  104.88364764514318  -351.1414667672114  113.29074196220009  200.9254296835781  62.14778304574398  144.33510777753747  -50.043910153503646  -36.138480191802955  -11.455764132061233  207.51676817007106  94.79627128951935  -42.520183549153614  -78.43459962090134  -162.272614495644  242.1175597494072  234.2249937707274  220.59034121515282  80.46926229878994  49.795187202125305  -125.00726198594361  -98.94012202162321  74.13995709408425  160.6872614304131  193.7911000553788  173.07302221938892  72.44592114756404  -83.34508866584594  -353.2303417987883  -26.07694951973093  187.9262735430168  162.4414945906911  123.87185988151552  -59.43547016168998  147.18272120075656  
-23.845332450588387  161.67147218232466  266.2893946599802  213.0805158006268  101.14397034768109  195.1253358108984  269.6762012541192  197.42254855067998  35.09307569536941  212.2057042901754  151.76956333487658  206.88894659392986  -82.74364455345636  30.58984783312053  0.0  68.92267447480634  130.45175192282636  135.47349547826371  -320.55161893409087  143.88058979532062  231.51527751669863  92.73763087886451  174.924955610658  -19.454062320383116  -5.5486323586824255  19.134083701059296  238.1066160031916  125.38611912263988  -11.930335716033085  -47.84475178778081  -131.68276666252348  272.7074075825277  264.8148416038479  251.18018904827335  111.05911013191047  80.38503503524583  -94.41741415282308  -68.35027418850268  104.72980492720478  191.27710926353362  224.38094788849932  203.66287005250945  103.03576898068457  -52.755240832725406  -322.64049396566776  4.512898313389599  218.51612137613733  193.03134242381162  154.46170771463605  -28.845622328569448  177.7725690338771  
-92.76800692539473  92.74879770751832  197.36672018517382  144.15784132582047  32.22129587287475  126.20266133609206  200.7535267793128  128.49987407587363  -33.829598779436935  143.28302981536905  82.84688886007024  137.96627211912352  -151.6663190282627  -38.33282664168581  -68.92267447480634  0.0  61.52907744802002  66.55082100345737  -389.4742934088972  74.95791532051427  162.5926030418923  23.814956404058165  106.00228113585166  -88.37673679518946  -74.47130683348877  -49.788590773747046  169.18394152838525  56.46344464783354  -80.85301019083943  -116.76742626258715  -200.60544113732982  203.7847331077214  195.89216712904158  182.257514573467  42.13643565710413  11.462360560439492  -163.34008862762943  -137.27294866330902  35.80713045239844  122.35443478872727  155.45827341369298  134.7401955777031  34.11309450587822  -121.67791530753175  -391.5631684404741  -64.40977616141674  149.593446901331  124.10866794900528  85.5390332398297  -97.76829680337579  108.84989455907075  
-154.29708437341475  31.219720259498303  135.8376427371538  82.62876387780045  -29.30778157514527  64.67358388807205  139.2244493312928  66.97079662785362  -95.35867622745695  81.75395236734904  21.31781141205022  76.4371946711035  -213.19539647628272  -99.86190408970583  -130.45175192282636  -61.52907744802002  0.0  5.021743555437354  -451.00337085691723  13.428837872494256  101.06352559387226  -37.71412104396185  44.47320368783164  -149.90581424320948  -136.0003842815088  -111.31766822176706  107.65486408036523  -5.065632800186478  -142.38208763885945  -178.29650371060717  -262.13451858534984  142.25565565970138  134.36308968102156  120.72843712544699  -19.39264179091589  -50.066716887580526  -224.86916607564945  -198.80202611132904  -25.72194699562158  60.82535734070726  93.92919596567296  73.21111812968309  -27.415982942141795  -183.20699275555177  -453.0922458884941  -125.93885360943676  88.06436945331099  62.57959050098526  24.009955791809688  -159.2973742513958  47.32081711105073  
-159.3188279288521  26.19797670406095  130.81589918171645  77.6070203223631  -34.329525130582624  59.65184033263469  134.20270577585543  61.94905307241626  -100.38041978289431  76.73220881191169  16.296067856612865  71.41545111566614  -218.21714003172008  -104.88364764514318  -135.47349547826371  -66.55082100345737  -5.021743555437354  0.0  -456.0251144123546  8.407094317056902  96.0417820384349  -42.73586459939921  39.45146013239429  -154.92755779864683  -141.02212783694614  -116.33941177720442  102.63312052492788  -10.087376355623832  -147.4038311942968  -183.31824726604452  -267.1562621407872  137.23391210426402  129.3413461255842  115.70669357000963  -24.414385346353242  -55.08846044301788  -229.8909096310868  -203.8237696667664  -30.743690551058933  55.8036137852699  88.9074524102356  68.18937457424573  -32.43772649757915  -188.22873631098912  -458.1139894439315  -130.96059716487412  83.04262589787363  57.55784694554791  18.988212236372334  -164.31911780683316  42.299073555613376  
296.7062864835025  482.2230911164155  586.841013594071  533.6321347347177  421.69558928177196  515.6769547449893  590.22782018821  517.9741674847709  355.6446946294603  532.7573232242663  472.32118226896745  527.4405655280207  237.8079743806345  351.1414667672114  320.55161893409087  389.4742934088972  451.00337085691723  456.0251144123546  0.0  464.4322087294115  552.0668964507895  413.2892498129554  495.47657454474887  301.09755661370775  315.00298657540844  339.68570263515016  558.6582349372825  445.9377380567307  308.6212832180578  272.70686714631006  188.8688522715674  593.2590265166186  585.3664605379388  571.7318079823642  431.61072906600134  400.9366539693367  226.13420478126778  252.2013447455882  425.28142386129565  511.8287281976245  544.9325668225902  524.2144889866004  423.58738791477543  267.79637810136546  -2.0888750315768903  325.06451724748047  539.0677403102283  513.5829613579025  475.0133266487269  291.7059966055214  498.324187967968  
-167.725922245909  17.790882387004046  122.40880486465954  69.1999260053062  -42.73661944763953  51.24474601557779  125.79561145879853  53.54195875535936  -108.78751409995121  68.32511449485479  7.888973539555963  63.00835679860924  -226.62423434877698  -113.29074196220009  -143.88058979532062  -74.95791532051427  -13.428837872494256  -8.407094317056902  -464.4322087294115  0.0  87.634687721378  -51.14295891645611  31.044365815337386  -163.33465211570373  -149.42922215400304  -124.74650609426132  94.22602620787097  -18.494470672680734  -155.8109255113537  -191.72534158310143  -275.56335645784407  128.82681778720712  120.9342518085273  107.29959925295273  -32.821479663410145  -63.49555476007478  -238.2980039481437  -212.2308639838233  -39.150784868115835  47.396519468213  80.5003580931787  59.78228025718883  -40.84482081463605  -196.63583062804602  -466.5210837609884  -139.36769148193102  74.63553158081673  49.150752628491006  10.581117919315432  -172.72621212389006  33.89197923855647  
-255.36060996728702  -69.84380533437395  34.77411714328155  -18.434761716071804  -130.37130716901754  -36.38994170580021  38.16092373742054  -34.09272896601864  -196.42220182132922  -19.309573226523213  -79.74571418182204  -24.62633092276876  -314.258922070155  -200.9254296835781  -231.51527751669863  -162.5926030418923  -101.06352559387226  -96.0417820384349  -552.0668964507895  -87.634687721378  0.0  -138.7776466378341  -56.590321906040614  -250.96933983708175  -237.06390987538106  -212.38119381563934  6.5913384864929725  -106.12915839405873  -243.44561323273172  -279.36002930447944  -363.1980441792221  41.19213006582912  33.29956408714931  19.66491153157473  -120.45616738478815  -151.1302424814528  -325.9326916695217  -299.8655517052013  -126.78547258949384  -40.238168253165  -7.134329628199296  -27.85240746418917  -128.47950853601407  -284.27051834942404  -554.1557714823664  -227.00237920330903  -12.999156140561269  -38.483935092886995  -77.05356980206257  -260.3608998452681  -53.74270848282153  
-116.5829633294529  68.93384130346016  173.55176378111565  120.3428849217623  8.406339468816583  102.3877049320339  176.93857037525464  104.68491767181547  -57.6445551834951  119.4680734113109  59.03193245601207  114.15131571506535  -175.48127543232087  -62.14778304574398  -92.73763087886451  -23.814956404058165  37.71412104396185  42.73586459939921  -413.2892498129554  51.14295891645611  138.7776466378341  0.0  82.1873247317935  -112.19169319924762  -98.28626323754693  -73.60354717780521  145.36898512432708  32.648488243775375  -104.66796659489759  -140.58238266664532  -224.42039754138798  179.96977670366323  172.07721072498342  158.44255816940884  18.321479253045965  -12.352595843618673  -187.1550450316876  -161.0879050673672  11.992174048340274  98.53947838466911  131.6433170096348  110.92523917364494  10.298138101820058  -145.4928717115899  -415.3781248445323  -88.22473256547491  125.77849049727284  100.29371154494712  61.72407683577154  -121.58325320743396  85.03493815501258  
-198.7702880612464  -13.25348342833334  91.36443904932216  38.15556018996881  -73.78098526297691  20.200380200240403  94.75124564346115  22.497592940021974  -139.8318799152886  37.2807486795174  -23.155392275781423  31.963990983271856  -257.66860016411437  -144.33510777753747  -174.924955610658  -106.00228113585166  -44.47320368783164  -39.45146013239429  -495.47657454474887  -31.044365815337386  56.590321906040614  -82.1873247317935  0.0  -194.37901793104112  -180.47358796934043  -155.7908719095987  63.18166039253359  -49.53883648801812  -186.8552913266911  -222.7697073984388  -306.6077222731815  97.78245197186973  89.88988599318992  76.25523343761535  -63.86584547874753  -94.53992057541217  -269.3423697634811  -243.27522979916068  -70.19515068345322  16.352153652875614  49.45599227784132  28.737914441851444  -71.88918662997344  -227.6801964433834  -497.56544957632576  -170.4120572972684  43.591165765479346  18.10638681315362  -20.463247896021954  -203.77057793922745  2.8476134232190873  
-4.391270130205271  181.12553450270778  285.7434569803633  232.53457812100993  120.5980326680642  214.57939813128152  289.1302635745023  216.8766108710631  54.54713801575252  231.6597666105585  171.2236256552597  226.34300891431297  -63.28958223307325  50.043910153503646  19.454062320383116  88.37673679518946  149.90581424320948  154.92755779864683  -301.09755661370775  163.33465211570373  250.96933983708175  112.19169319924762  194.37901793104112  0.0  13.90542996170069  38.58814602144241  257.56067832357473  144.840181443023  7.523726604350031  -28.390689467397692  -112.22870434214036  292.1614699029109  284.26890392423104  270.63425136865646  130.5131724522936  99.83909735562895  -74.96335183243997  -48.896211868119565  124.1838672475879  210.73117158391673  243.83501020888244  223.11693237289256  122.48983130106768  -33.30117851234229  -303.18643164528464  23.966960633772715  237.97018369652045  212.48540474419474  173.91577003501916  -9.391560008186332  197.2266313542602  
-18.29670009190596  167.2201045410071  271.8380270186626  218.62914815930924  106.69260270636352  200.67396816958083  275.2248336128016  202.9711809093624  40.64170805405183  217.75433664885782  157.318195693559  212.43757895261228  -77.19501219477394  36.138480191802955  5.5486323586824255  74.47130683348877  136.0003842815088  141.02212783694614  -315.00298657540844  149.42922215400304  237.06390987538106  98.28626323754693  180.47358796934043  -13.90542996170069  0.0  24.682716059741722  243.65524836187402  130.9347514813223  -6.381703357350659  -42.29611942909838  -126.13413430384105  278.25603994121013  270.36347396253035  256.7288214069558  116.6077424905929  85.93366739392826  -88.86878179414066  -62.801641829820255  110.27843728588721  196.82574162221604  229.92958024718175  209.21150241119187  108.58440133936699  -47.20660847404298  -317.09186160698533  10.061530672072024  224.06475373481976  198.57997478249405  160.01034007331847  -23.296989969887022  183.32120139255952  
-42.97941615164768  142.53738848126537  247.15531095892086  193.94643209956752  82.0098866466218  175.9912521098391  250.54211755305985  178.28846484962068  15.95899199431011  193.0716205891161  132.63547963381728  187.75486289287056  -101.87772825451566  11.455764132061233  -19.134083701059296  49.788590773747046  111.31766822176706  116.33941177720442  -339.68570263515016  124.74650609426132  212.38119381563934  73.60354717780521  155.7908719095987  -38.58814602144241  -24.682716059741722  0.0  218.9725323021323  106.25203542158059  -31.06441941709238  -66.9788354888401  -150.81685036358277  253.57332388146844  245.68075790278863  232.04610534721405  91.92502643085118  61.25095133418654  -113.55149785388238  -87.48435788956198  85.59572122614549  172.14302556247432  205.24686418744002  184.52878635145015  83.90168527962527  -71.8893245337847  -341.77457766672705  -14.621185387669698  199.38203767507804  173.89725872275233  135.32762401357675  -47.979706029628744  158.6384853328178  
-261.95194845378  -76.43514382086693  28.182778656788578  -25.026100202564777  -136.9626456555105  -42.981280192293184  31.569585250927567  -40.68406745251161  -203.01354030782218  -25.900911713016185  -86.33705266831501  -31.21766940926173  -320.850260556648  -207.51676817007106  -238.1066160031916  -169.18394152838525  -107.65486408036523  -102.63312052492788  -558.6582349372825  -94.22602620787097  -6.5913384864929725  -145.36898512432708  -63.18166039253359  -257.56067832357473  -243.65524836187402  -218.9725323021323  0.0  -112.7204968805517  -250.03695171922467  -285.9513677909724  -369.78938266571504  34.600791579336146  26.708225600656334  13.073573045081758  -127.04750587128112  -157.72158096794575  -332.52403015601465  -306.45689019169424  -133.3768110759868  -46.82950673965797  -13.725668114692269  -34.44374595068214  -135.07084702250702  -290.861856835917  -560.7471099688594  -233.593717689802  -19.59049462705424  -45.07527357937997  -83.64490828855554  -266.952238331761  -60.3340469693145  
-149.23145157322827  36.28535305968478  140.90327553734028  87.69439667798693  -24.242148774958793  69.73921668825852  144.29008213147927  72.0364294280401  -90.29304342727048  86.81958516753552  26.383444212236697  81.50282747128998  -208.12976367609625  -94.79627128951935  -125.38611912263988  -56.46344464783354  5.065632800186478  10.087376355623832  -445.9377380567307  18.494470672680734  106.12915839405873  -32.648488243775375  49.53883648801812  -144.840181443023  -130.9347514813223  -106.25203542158059  112.7204968805517  0.0  -137.31645483867297  -173.2308709104207  -257.0688857851634  147.32128845988785  139.42872248120804  125.79406992563347  -14.32700899072941  -45.00108408739405  -219.80353327546297  -193.73639331114256  -20.6563141954351  65.89099014089373  98.99482876585944  78.27675092986956  -22.350350141955317  -178.1413599553653  -448.0266130883076  -120.87322080925028  93.13000225349747  67.64522330117174  29.075588591996166  -154.23174145120933  52.38644991123721  
-11.914996734555302  173.60180789835775  278.2197303760133  225.0108515166599  113.07430606371418  207.0556715269315  281.60653697015226  209.35288426671306  47.02341141140249  224.13604000620848  163.69989905090966  218.81928230996294  -70.81330883742328  42.520183549153614  11.930335716033085  80.85301019083943  142.38208763885945  147.4038311942968  -308.6212832180578  155.8109255113537  243.44561323273172  104.66796659489759  186.8552913266911  -7.523726604350031  6.381703357350659  31.06441941709238  250.03695171922467  137.31645483867297  0.0  -35.91441607174772  -119.75243094649039  284.63774329856085  276.745177319881  263.11052476430643  122.98944584794356  92.31537075127892  -82.48707843679  -56.419938472469596  116.66014064323787  203.2074449795667  236.3112836045324  215.59320576854253  114.96610469671765  -40.82490511669232  -310.7101582496347  16.443234029422683  230.44645709217042  204.9616781398447  166.39204343066913  -16.915286612536363  189.70290474991018  
23.99941933719242  209.51622397010547  314.134146447761  260.9252675884076  148.9887221354619  242.9700875986792  317.5209530419  245.26730033846079  82.93782748315022  260.0504560779562  199.6143151226574  254.73369838171067  -34.898892765675555  78.43459962090134  47.84475178778081  116.76742626258715  178.29650371060717  183.31824726604452  -272.70686714631006  191.72534158310143  279.36002930447944  140.58238266664532  222.7697073984388  28.390689467397692  42.29611942909838  66.9788354888401  285.9513677909724  173.2308709104207  35.91441607174772  0.0  -83.83801487474267  320.5521593703086  312.65959339162873  299.02494083605416  158.90386191969128  128.22978682302664  -46.57266236504228  -20.505522400721873  152.5745567149856  239.12186105131443  272.2256996762801  251.50762184029026  150.88052076846537  -4.9104890449445975  -274.79574217788695  52.35765010117041  266.36087316391814  240.87609421159243  202.30645950241686  18.99912945921136  225.6173208216579  
107.83743421193509  293.35423884484817  397.97216132250367  344.7632824631503  232.82673701020457  326.80810247342185  401.35896791664265  329.1053152132034  166.77584235789288  343.88847095269887  283.45232999740006  338.57171325645334  48.939122109067114  162.272614495644  131.68276666252348  200.60544113732982  262.13451858534984  267.1562621407872  -188.8688522715674  275.56335645784407  363.1980441792221  224.42039754138798  306.6077222731815  112.22870434214036  126.13413430384105  150.81685036358277  369.78938266571504  257.0688857851634  119.75243094649039  83.83801487474267  0.0  404.3901742450512  396.4976082663714  382.8629557107968  242.74187679443395  212.0678016977693  37.26535250970039  63.332492474020796  236.41257158972826  322.95987592605707  356.0637145510228  335.3456367150329  234.71853564320804  78.92752582979807  -190.95772730314428  136.19566497591308  350.1988880386608  324.7141090863351  286.14447437715955  102.83714433395403  309.45533569640054  
-296.55274003311615  -111.03593540020307  -6.418012922547568  -59.62689178190092  -171.56343723484665  -77.58207177162933  -3.0312063284085795  -75.28485903184776  -237.61433188715833  -60.50170329235233  -120.93784424765116  -65.81846098859788  -355.4510521359841  -242.1175597494072  -272.7074075825277  -203.7847331077214  -142.25565565970138  -137.23391210426402  -593.2590265166186  -128.82681778720712  -41.19213006582912  -179.96977670366323  -97.78245197186973  -292.1614699029109  -278.25603994121013  -253.57332388146844  -34.600791579336146  -147.32128845988785  -284.63774329856085  -320.5521593703086  -404.3901742450512  0.0  -7.892565978679812  -21.527218534254388  -161.64829745061726  -192.3223725472819  -367.1248217353508  -341.0576817710304  -167.97760265532295  -81.43029831899412  -48.326459694028415  -69.04453753001829  -169.67163860184317  -325.46264841525317  -595.3479015481955  -268.19450926913817  -54.19128620639039  -79.67606515871611  -118.24569986789169  -301.55302991109716  -94.93483854865065  
-288.6601740544363  -103.14336942152326  1.474553056132244  -51.73432580322111  -163.67087125616683  -69.68950579294952  4.861359650271233  -67.39229305316795  -229.72176590847852  -52.60913731367252  -113.04527826897134  -57.925895009918065  -347.5584861573043  -234.2249937707274  -264.8148416038479  -195.89216712904158  -134.36308968102156  -129.3413461255842  -585.3664605379388  -120.9342518085273  -33.29956408714931  -172.07721072498342  -89.88988599318992  -284.26890392423104  -270.36347396253035  -245.68075790278863  -26.708225600656334  -139.42872248120804  -276.745177319881  -312.65959339162873  -396.4976082663714  7.892565978679812  0.0  -13.634652555574576  -153.75573147193745  -184.4298065686021  -359.232255756671  -333.1651157923506  -160.08503667664314  -73.5377323403143  -40.4338937153486  -61.15197155133848  -161.77907262316336  -317.57008243657333  -587.4553355695157  -260.3019432904583  -46.298720227710575  -71.7834991800363  -110.35313388921188  -293.6604639324174  -87.04227256997083  
-275.02552149886174  -89.50871686594868  15.10920561170682  -38.099673247646535  -150.03621870059226  -56.05485323737494  18.49601220584581  -53.75764049759337  -216.08711335290394  -38.974484758097944  -99.41062571339677  -44.29124245434349  -333.9238336017297  -220.59034121515282  -251.18018904827335  -182.257514573467  -120.72843712544699  -115.70669357000963  -571.7318079823642  -107.29959925295273  -19.66491153157473  -158.44255816940884  -76.25523343761535  -270.63425136865646  -256.7288214069558  -232.04610534721405  -13.073573045081758  -125.79406992563347  -263.11052476430643  -299.02494083605416  -382.8629557107968  21.527218534254388  13.634652555574576  0.0  -140.12107891636288  -170.7951540130275  -345.59760320109643  -319.53046323677603  -146.45038412106857  -59.90307978473973  -26.799241159774027  -47.5173189957639  -148.14442006758878  -303.93542988099875  -573.8206830139411  -246.66729073488375  -32.664067672136  -58.148846624461726  -96.7184813336373  -280.0258113768428  -73.40762001439626  
-134.90444258249886  50.61236205041419  155.2302845280697  102.02140566871634  -9.915139784229382  84.06622567898793  158.61709112220868  86.3634384187695  -75.96603443654107  101.14659415826493  40.71045320296611  95.82983646201939  -193.80275468536684  -80.46926229878994  -111.05911013191047  -42.13643565710413  19.39264179091589  24.414385346353242  -431.61072906600134  32.821479663410145  120.45616738478815  -18.321479253045965  63.86584547874753  -130.5131724522936  -116.6077424905929  -91.92502643085118  127.04750587128112  14.32700899072941  -122.98944584794356  -158.90386191969128  -242.74187679443395  161.64829745061726  153.75573147193745  140.12107891636288  0.0  -30.674075096664637  -205.47652428473356  -179.40938432041315  -6.32930520470569  80.21799913162315  113.32183775658885  92.60375992059897  -8.023341151225907  -163.81435096463588  -433.69960409757823  -106.54621181852087  107.45701124422688  81.97223229190115  43.402597582725576  -139.90473246047992  66.71345890196662  
-104.23036748583422  81.28643714707883  185.90435962473433  132.69548076538098  20.758935312435256  114.74030077565257  189.29116621887331  117.03751351543414  -45.29195933987643  131.82066925492956  71.38452829963074  126.50391155868402  -163.1286795887022  -49.795187202125305  -80.38503503524583  -11.462360560439492  50.066716887580526  55.08846044301788  -400.9366539693367  63.49555476007478  151.1302424814528  12.352595843618673  94.53992057541217  -99.83909735562895  -85.93366739392826  -61.25095133418654  157.72158096794575  45.00108408739405  -92.31537075127892  -128.22978682302664  -212.0678016977693  192.3223725472819  184.4298065686021  170.7951540130275  30.674075096664637  0.0  -174.80244918806892  -148.73530922374852  24.344769891958947  110.89207422828778  143.9959128532535  123.27783501726361  22.65073394543873  -133.14027586797124  -403.0255290009136  -75.87213672185624  138.1310863408915  112.64630738856579  74.07667267939021  -109.23065736381528  97.38753399863126  
70.5720817022347  256.0888863351478  360.7068088128033  307.4979299534499  195.56138450050418  289.54274996372146  364.09361540694226  291.83996270350303  129.5104898481925  306.6231184429985  246.18697748769966  301.30636074675294  11.673769599366722  125.00726198594361  94.41741415282308  163.34008862762943  224.86916607564945  229.8909096310868  -226.13420478126778  238.2980039481437  325.9326916695217  187.1550450316876  269.3423697634811  74.96335183243997  88.86878179414066  113.55149785388238  332.52403015601465  219.80353327546297  82.48707843679  46.57266236504228  -37.26535250970039  367.1248217353508  359.232255756671  345.59760320109643  205.47652428473356  174.80244918806892  0.0  26.067139964320404  199.14721908002787  285.6945234163567  318.79836204132243  298.08028420533253  197.45318313350765  41.66217332009768  -228.22307981284467  98.93031246621268  312.9335355289604  287.4487565766347  248.87912186745913  65.57179182425364  272.18998318670015  
44.504941737914294  230.02174637082734  334.63966884848287  281.4307899891295  169.49424453618377  263.47560999940106  338.02647544262186  265.77282273918263  103.44334988387209  280.55597847867807  220.11983752337926  275.23922078243254  -14.393370364953682  98.94012202162321  68.35027418850268  137.27294866330902  198.80202611132904  203.8237696667664  -252.2013447455882  212.2308639838233  299.8655517052013  161.0879050673672  243.27522979916068  48.896211868119565  62.801641829820255  87.48435788956198  306.45689019169424  193.73639331114256  56.419938472469596  20.505522400721873  -63.332492474020796  341.0576817710304  333.1651157923506  319.53046323677603  179.40938432041315  148.73530922374852  -26.067139964320404  0.0  173.08007911570746  259.62738345203627  292.73122207700203  272.0131442410121  171.38604316918725  15.595033355777275  -254.29021977716508  72.86317250189228  286.86639556464  261.3816166123143  222.81198190313873  39.50465185993323  246.12284322237977  
