Height_Data

node	height
0	73.46050354003413
1	165.74168475119265
2	39.60947640687752
3	190.85258552493545
4	21.16945511179029
5	82.44193701144314
6	86.75467885171442
7	60.137414599119445
8	86.73511705798983
9	63.23811600523152
10	117.07378913732994
11	70.39142895356515
12	106.81496578764026
13	84.4428557882508
14	31.29068001786117
15	19.873034586159072
16	222.5743809350724
17	36.179255441661375
18	66.85840930885453
19	85.52649529848745
20	94.56257412511152
21	122.05867826077073
22	67.33342047954041
23	79.91772264770039
24	111.41682698507601
25	80.60676999642816
26	192.70242959185057
27	57.02710453200812
28	178.96035384074602
29	77.14260518802651
30	265.8661530876391
31	97.6470770526912
32	83.94954324910432
33	137.1110086837697
34	71.42267754196719
35	425.5909900960366
36	30.96023920092744
37	88.83677712129682
38	163.440137300371
39	23.14038202128731
40	37.71292740250861
41	71.48281314713856
42	419.1458347059142
43	58.69950556527456
44	42.901867653628294
45	196.005186534077
46	102.27507831103907
47	241.25582466481788
48	68.56498540392786
49	66.9909823554396
50	193.51823514882108



height_matrix
0.0  -92.28118121115853  33.851027133156606  -117.39208198490132  52.29104842824384  -8.98143347140902  -13.294175311680291  13.32308894091468  -13.2746135179557  10.222387534802607  -43.613285597295814  3.0690745864689717  -33.354462247606136  -10.98235224821667  42.169823522172955  53.58746895387505  -149.1138773950383  37.28124809837275  6.602094231179592  -12.065991758453322  -21.1020705850774  -48.59817472073661  6.127083060493717  -6.457219107666262  -37.95632344504189  -7.146266456394031  -119.24192605181645  16.433399008026008  -105.4998503007119  -3.6821016479923827  -192.40564954760495  -24.186573512657077  -10.489039709070198  -63.650505143735586  2.0378259980669355  -352.13048655600244  42.500264339106685  -15.376273581262694  -89.97963376033687  50.32012151874682  35.74757613752551  1.9776903928955676  -345.68533116588003  14.760997974759562  30.55863588640583  -122.54468299404289  -28.814574771004942  -167.79532112478375  4.895518136106261  6.469521184594527  -120.05773160878695  
92.28118121115853  0.0  126.13220834431513  -25.1109007737428  144.57222963940237  83.2997477397495  78.98700589947823  105.60427015207321  79.00656769320283  102.50356874596113  48.66789561386271  95.3502557976275  58.92671896355239  81.29882896294185  134.45100473333147  145.86865016503359  -56.83269618387976  129.56242930953127  98.88327544233812  80.2151894527052  71.17911062608113  43.68300649042192  98.40826427165224  85.82396210349226  54.32485776611664  85.1349147547645  -26.960744840657924  108.71458021918454  -13.218669089553373  88.59907956316614  -100.12446833644643  68.09460769850145  81.79214150208833  28.63067606742294  94.31900720922546  -259.84930534484397  134.7814455502652  76.90490762989583  2.3015474508216585  142.60130272990534  128.02875734868405  94.2588716040541  -253.40414995472153  107.04217918591809  122.83981709756435  -30.26350178288436  63.46660644015358  -75.51413991362523  97.17669934726479  98.75070239575305  -27.776550397628426  
-33.851027133156606  -126.13220834431513  0.0  -151.24310911805793  18.44002129508723  -42.832460604565625  -47.1452024448369  -20.527938192241926  -47.125640651112306  -23.628639598354  -77.46431273045242  -30.781952546687634  -67.20548938076274  -44.83337938137328  8.318796389016349  19.736441820718447  -182.9649045281949  3.4302209652161437  -27.248932901977014  -45.91701889160993  -54.953097718234005  -82.44920185389321  -27.72394407266289  -40.30824624082287  -71.8073505781985  -40.99729358955064  -153.09295318497306  -17.417628125130598  -139.3508774338685  -37.53312878114899  -226.25667668076156  -58.03760064581368  -44.340066842226804  -97.50153227689219  -31.81320113508967  -385.9815136891591  8.64923720595008  -49.2273007144193  -123.83066089349347  16.46909438559021  1.8965490043689073  -31.87333674026104  -379.5363582990367  -19.090029158397044  -3.2923912467507748  -156.3957101271995  -62.66560190416155  -201.64634825794036  -28.955508997050345  -27.38150594856208  -153.90875874194356  
117.39208198490132  25.1109007737428  151.24310911805793  0.0  169.68313041314516  108.4106485134923  104.09790667322103  130.715170925816  104.11746846694562  127.61446951970393  73.77879638760551  120.4611565713703  84.03761973729519  106.40972973668465  159.56190550707427  170.97955093877638  -31.721795410136963  154.67333008327407  123.99417621608092  105.326090226448  96.29001139982392  68.79390726416472  123.51916504539504  110.93486287723506  79.43575853985944  110.2458155285073  -1.849844066915125  133.82548099292734  11.892231684189426  113.70998033690894  -75.01356756270363  93.20550847224425  106.90304227583113  53.74157684116574  119.42990798296826  -234.73840457110114  159.892346324008  102.01580840363863  27.412448224564457  167.71220350364814  153.13965812242685  119.36977237779689  -228.29324918097873  132.1530799596609  147.95071787130715  -5.152601009141563  88.57750721389638  -50.40323913988243  122.28760012100759  123.86160316949585  -2.6656496238856278  
-52.29104842824384  -144.57222963940237  -18.44002129508723  -169.68313041314516  0.0  -61.27248189965286  -65.58522373992413  -38.96795948732915  -65.56566194619954  -42.06866089344123  -95.90433402553965  -49.22197384177487  -85.64551067584998  -63.27340067646051  -10.121224906070882  1.2964205256312162  -201.40492582328213  -15.009800329871087  -45.68895419706425  -64.35704018669716  -73.39311901332124  -100.88922314898045  -46.16396536775012  -58.7482675359101  -90.24737187328573  -59.43731488463787  -171.5329744800603  -35.857649420217825  -157.79089872895574  -55.97315007623622  -244.6966979758488  -76.47762194090092  -62.78008813731404  -115.94155357197943  -50.253222430176905  -404.4215349842463  -9.790784089137151  -67.66732200950653  -142.2706821885807  -1.9709269094970203  -16.543472290718324  -50.31335803534827  -397.9763795941239  -37.53005045348428  -21.732412541838006  -174.83573142228673  -81.10562319924878  -220.0863695530276  -47.39553029213758  -45.821527243649314  -172.3487800370308  
8.98143347140902  -83.2997477397495  42.832460604565625  -108.4106485134923  61.27248189965286  0.0  -4.312741840271272  22.3045224123237  -4.293180046546681  19.203821006211626  -34.631852125886795  12.050508057877991  -24.373028776197117  -2.0009187768076515  51.151256993581974  62.56890242528407  -140.13244392362927  46.26268156978177  15.583527702588611  -3.0845582870443025  -12.12063711366838  -39.61674124932759  15.108516531902737  2.5242143637427574  -28.97488997363287  1.8351670150149886  -110.26049258040743  25.414832479435027  -96.51841682930288  5.299331823416637  -183.42421607619593  -15.205140041248058  -1.5076062376611787  -54.66907167232657  11.019259469475955  -343.14905308459345  51.481697810515705  -6.394840109853675  -80.99820028892785  59.301554990155836  44.72900960893453  10.959123864304587  -336.70389769447104  23.74243144616858  39.54006935781485  -113.56324952263387  -19.833141299595923  -158.81388765337474  13.87695160751528  15.450954656003546  -111.07629813737793  
13.294175311680291  -78.98700589947823  47.1452024448369  -104.09790667322103  65.58522373992413  4.312741840271272  0.0  26.61726425259497  0.019561793724591325  23.5165628464829  -30.319110285615523  16.363249898149263  -20.060286935925845  2.3118230634636205  55.463998833853246  66.88164426555534  -135.81970208335798  50.57542341005304  19.896269542859883  1.2281835532269696  -7.807895273397108  -35.30399940905632  19.42125837217401  6.8369562040140295  -24.662148133361598  6.147908855286261  -105.94775074013616  29.7275743197063  -92.2056749890316  9.612073663687909  -179.11147423592467  -10.892398200976785  2.8051356026100933  -50.356329832055295  15.332001309747227  -338.8363112443222  55.79443965078698  -2.082098269582403  -76.68545844865658  63.61429683042711  49.041751449205805  15.271865704575859  -332.3911558541998  28.055173286439853  43.85281119808612  -109.2505076823626  -15.52039945932465  -154.50114581310345  18.189693447786553  19.763696496274818  -106.76355629710666  
-13.32308894091468  -105.60427015207321  20.527938192241926  -130.715170925816  38.96795948732915  -22.3045224123237  -26.61726425259497  0.0  -26.59770245887038  -3.100701406112073  -56.936374538210494  -10.254014354445708  -46.677551188520816  -24.30544118913135  28.846734581258275  40.26438001296037  -162.43696633595297  23.95815915745807  -6.720994709735088  -25.389080699368  -34.42515952599208  -61.92126366165129  -7.196005880420962  -19.78030804858094  -51.27941238595657  -20.46935539730871  -132.56501499273114  3.110310067111328  -118.82293924162659  -17.005190588907062  -205.72873848851964  -37.50966245357176  -23.812128649984878  -76.97359408465027  -11.285262942847744  -365.45357549691715  29.177175398192006  -28.699362522177374  -103.30272270125155  36.99703257783214  22.424487196610833  -11.345398548019112  -359.00842010679474  1.437909033844882  17.23554694549115  -135.86777193495757  -42.13766371191962  -181.11841006569844  -8.427570804808418  -6.853567756320153  -133.38082054970164  
13.2746135179557  -79.00656769320283  47.125640651112306  -104.11746846694562  65.56566194619954  4.293180046546681  -0.019561793724591325  26.59770245887038  0.0  23.497001052758307  -30.338672079340114  16.343688104424672  -20.079848729650436  2.292261269739029  55.444437040128655  66.86208247183075  -135.8392638770826  50.55586161632845  19.876707749135292  1.2086217595023783  -7.827457067121699  -35.32356120278091  19.401696578449418  6.817394410289438  -24.68170992708619  6.128347061561669  -105.96731253386075  29.708012525981708  -92.2252367827562  9.592511869963317  -179.13103602964924  -10.911959994701377  2.785573808885502  -50.375891625779886  15.312439516022636  -338.85587303804675  55.774877857062386  -2.101660063306994  -76.70502024238117  63.59473503670252  49.02218965548121  15.252303910851268  -332.41071764792434  28.03561149271526  43.83324940436153  -109.27006947608719  -15.539961253049242  -154.52070760682807  18.17013165406196  19.744134702550227  -106.78311809083125  
-10.222387534802607  -102.50356874596113  23.628639598354  -127.61446951970393  42.06866089344123  -19.203821006211626  -23.5165628464829  3.100701406112073  -23.497001052758307  0.0  -53.83567313209842  -7.153312948333635  -43.57684978240874  -21.204739783019278  31.947435987370348  43.365081419072446  -159.3362649298409  27.058860563570143  -3.620293303623015  -22.28837929325593  -31.324458119880006  -58.820562255539215  -4.0953044743088896  -16.67960664246887  -48.178710979844496  -17.368653991196638  -129.46431358661906  6.211011473223401  -115.7222378355145  -13.90448918279499  -202.62803708240756  -34.408961047459684  -20.711427243872805  -73.8728926785382  -8.184561536735671  -362.3528740908051  32.27787680430408  -25.5986611160653  -100.20202129513947  40.09773398394421  25.525188602722906  -8.24469714190704  -355.90771870068266  4.538610439956955  20.336248351603224  -132.7670705288455  -39.03696230580755  -178.01770865958636  -5.326869398696346  -3.7528663502080803  -130.28011914358956  
43.613285597295814  -48.66789561386271  77.46431273045242  -73.77879638760551  95.90433402553965  34.631852125886795  30.319110285615523  56.936374538210494  30.338672079340114  53.83567313209842  0.0  46.682360183764786  10.258823349689678  32.63093334907914  85.78310911946878  97.20075455117086  -105.50059179774247  80.89453369566857  50.215379828475406  31.547293838842492  22.511215012218415  -4.984889123440794  49.74036865778953  37.15606648962955  5.656962152253925  36.46701914090178  -75.62864045452064  60.04668460532182  -61.886564703416084  39.93118394930343  -148.79236395030915  19.426712084638737  33.124245888225616  -20.037219546439772  45.65111159536275  -308.51720095870667  86.1135499364025  28.23701201603312  -46.36634816304105  93.93340711604263  79.36086173482133  45.59097599019138  -302.07204556858426  58.374283572055376  74.17192148370165  -78.93139739674707  14.798710826290872  -124.18203552748794  48.508803733402075  50.08280678189034  -76.44444601149114  
-3.0690745864689717  -95.3502557976275  30.781952546687634  -120.4611565713703  49.22197384177487  -12.050508057877991  -16.363249898149263  10.254014354445708  -16.343688104424672  7.153312948333635  -46.682360183764786  0.0  -36.42353683407511  -14.051426834685643  39.10074893570398  50.51839436740608  -152.18295198150724  34.21217351190378  3.5330196447106204  -15.135066344922294  -24.17114517154637  -51.66724930720558  3.0580084740247457  -9.526293694135234  -41.02539803151086  -10.215341042863002  -122.31100063828542  13.364324421557036  -108.56892488718087  -6.751176234461354  -195.47472413407394  -27.25564809912605  -13.55811429553917  -66.71957973020456  -1.0312485884020361  -355.19956114247145  39.431189752637714  -18.445348167731666  -93.04870834680584  47.251046932277845  32.67850155105654  -1.091384193573404  -348.75440575234904  11.69192338829059  27.48956129993686  -125.61375758051186  -31.883649357473914  -170.8643957112527  1.8264435496372897  3.400446598125555  -123.12680619525592  
33.354462247606136  -58.92671896355239  67.20548938076274  -84.03761973729519  85.64551067584998  24.373028776197117  20.060286935925845  46.677551188520816  20.079848729650436  43.57684978240874  -10.258823349689678  36.42353683407511  0.0  22.372109999389465  75.52428576977908  86.9419312014812  -115.75941514743215  70.63571034597888  39.95655647878573  21.288470489152814  12.252391662528737  -15.243712473130472  39.481545308099854  26.897243139939874  -4.601861197435753  26.208195791212106  -85.88746380421031  49.787861255632144  -72.14538805310576  29.672360599613754  -159.05118729999882  9.16788873494906  22.865422538535938  -30.29604289612945  35.39228824567307  -318.77602430839636  75.85472658671281  17.978188666343442  -56.62517151273073  83.67458376635295  69.10203838513165  35.332152640501704  -312.33086891827395  48.1154602223657  63.91309813401197  -89.19022074643675  4.539887476601194  -134.44085887717762  38.2499803837124  39.82398343220066  -86.70326936118082  
10.98235224821667  -81.29882896294185  44.83337938137328  -106.40972973668465  63.27340067646051  2.0009187768076515  -2.3118230634636205  24.30544118913135  -2.292261269739029  21.204739783019278  -32.63093334907914  14.051426834685643  -22.372109999389465  0.0  53.152175770389626  64.56982120209173  -138.13152514682162  48.26360034658942  17.584446479396263  -1.083639510236651  -10.119718336860728  -37.61582247251994  17.10943530871039  4.525133140550409  -26.973971196825218  3.83608579182264  -108.25957380359978  27.41575125624268  -94.51749805249523  7.300250600224288  -181.42329729938828  -13.204221264440406  0.4933125391464728  -52.668152895518915  13.020178246283606  -341.14813430778577  53.482616587323356  -4.393921333046023  -78.9972815121202  61.30247376696349  46.729928385742184  12.960042641112238  -334.70297891766336  25.743350222976233  41.5409881346225  -111.56233074582622  -17.83222252278827  -156.81296887656708  15.877870384322932  17.451873432811198  -109.07537936057028  
-42.169823522172955  -134.45100473333147  -8.318796389016349  -159.56190550707427  10.121224906070882  -51.151256993581974  -55.463998833853246  -28.846734581258275  -55.444437040128655  -31.947435987370348  -85.78310911946878  -39.10074893570398  -75.52428576977908  -53.152175770389626  0.0  11.417645431702098  -191.28370091721123  -4.888575423800205  -35.56772929099336  -54.23581528062628  -63.271894107250354  -90.76799824290956  -36.04274046167924  -48.62704262983922  -80.12614696721485  -49.316089978566986  -161.4117495739894  -25.736424514146947  -147.66967382288485  -45.85192517016534  -234.5754730697779  -66.35639703483002  -52.65886323124315  -105.82032866590853  -40.13199752410602  -394.3003100781754  0.33044081693373073  -57.54609710343565  -132.14945728250981  8.150297996573862  -6.4222473846474415  -40.19213312927739  -387.855154688053  -27.408825547413393  -11.611187635767124  -164.71450651621583  -70.98439829317789  -209.9651446469567  -37.27430538606669  -35.70030233757843  -162.2275551309599  
-53.58746895387505  -145.86865016503359  -19.736441820718447  -170.97955093877638  -1.2964205256312162  -62.56890242528407  -66.88164426555534  -40.26438001296037  -66.86208247183075  -43.365081419072446  -97.20075455117086  -50.51839436740608  -86.9419312014812  -64.56982120209173  -11.417645431702098  0.0  -202.70134634891335  -16.306220855502303  -46.98537472269546  -65.65346071232838  -74.68953953895246  -102.18564367461167  -47.460385893381336  -60.044688061541315  -91.54379239891693  -60.733735410269084  -172.8293950056915  -37.154069945849045  -159.08731925458696  -57.269570601867436  -245.99311850148  -77.77404246653214  -64.07650866294526  -117.23797409761065  -51.54964295580812  -405.7179555098775  -11.087204614768368  -68.96374253513775  -143.56710271421193  -3.2673474351282366  -17.83989281634954  -51.609778560979485  -399.2728001197551  -38.82647097911549  -23.028833067469222  -176.13215194791795  -82.40204372488  -221.38279007865881  -48.69195081776879  -47.117947769280526  -173.645200562662  
149.1138773950383  56.83269618387976  182.9649045281949  31.721795410136963  201.40492582328213  140.13244392362927  135.81970208335798  162.43696633595297  135.8392638770826  159.3362649298409  105.50059179774247  152.18295198150724  115.75941514743215  138.13152514682162  191.28370091721123  202.70134634891335  0.0  186.39512549341103  155.71597162621788  137.04788563658497  128.0118068099609  100.51570267430168  155.240960455532  142.656658287372  111.1575539499964  141.96761093864427  29.871951343221838  165.5472764030643  43.61402709432639  145.4317757470459  -43.291772152566665  124.92730388238121  138.6248376859681  85.4633722513027  151.1517033931052  -203.01660916096418  191.61414173414497  133.7376038137756  59.13424363470142  199.4339989137851  184.86145353256381  151.09156778793385  -196.57145377084177  163.87487536979785  179.6725132814441  26.5691944009954  120.29930262403334  -18.681443729745467  154.00939553114455  155.5833985796328  29.056145786251335  
-37.28124809837275  -129.56242930953127  -3.4302209652161437  -154.67333008327407  15.009800329871087  -46.26268156978177  -50.57542341005304  -23.95815915745807  -50.55586161632845  -27.058860563570143  -80.89453369566857  -34.21217351190378  -70.63571034597888  -48.26360034658942  4.888575423800205  16.306220855502303  -186.39512549341103  0.0  -30.679153867193158  -49.34723985682607  -58.38331868345015  -85.87942281910935  -31.154165037879032  -43.73846720603901  -75.23757154341465  -44.42751455476678  -156.5231741501892  -20.84784909034674  -142.78109839908464  -40.96334974636513  -229.6868976459777  -61.46782161102983  -47.77028780744295  -100.93175324210833  -35.243422100305814  -389.4117346543752  5.219016240733936  -52.657521679635444  -127.26088185870961  13.038873420374067  -1.5336719608472364  -35.30355770547718  -382.9665792642528  -22.520250123613188  -6.7226122119669185  -159.82593109241563  -66.09582286937768  -205.0765692231565  -32.38572996226649  -30.811726913778223  -157.3389797071597  
-6.602094231179592  -98.88327544233812  27.248932901977014  -123.99417621608092  45.68895419706425  -15.583527702588611  -19.896269542859883  6.720994709735088  -19.876707749135292  3.620293303623015  -50.215379828475406  -3.5330196447106204  -39.95655647878573  -17.584446479396263  35.56772929099336  46.98537472269546  -155.71597162621788  30.679153867193158  0.0  -18.668085989632914  -27.70416481625699  -55.2002689519162  -0.4750111706858746  -13.059313338845854  -44.55841767622148  -13.748360687573623  -125.84402028299604  9.831304776846416  -112.10194453189149  -10.284195879171975  -199.00774377878454  -30.78866774383667  -17.09113394024979  -70.25259937491518  -4.5642682331126565  -358.7325807871821  35.89817010792709  -21.978367812442286  -96.58172799151646  43.718027287567224  29.14548190634592  -4.6244038382840245  -352.2874253970597  8.15890374357997  23.95654165522624  -129.14677722522248  -35.416669002184534  -174.39741535596335  -1.7065760950733306  -0.1325730465850654  -126.65982583996654  
12.065991758453322  -80.2151894527052  45.91701889160993  -105.326090226448  64.35704018669716  3.0845582870443025  -1.2281835532269696  25.389080699368  -1.2086217595023783  22.28837929325593  -31.547293838842492  15.135066344922294  -21.288470489152814  1.083639510236651  54.23581528062628  65.65346071232838  -137.04788563658497  49.34723985682607  18.668085989632914  0.0  -9.036078826624077  -36.53218296228329  18.19307481894704  5.60877265078706  -25.890331686588567  4.919725302059291  -107.17593429336313  28.49939076647933  -93.43385854225858  8.38389011046094  -180.33965778915163  -12.120581754203755  1.5769520493831237  -51.584513385282264  14.103817756520257  -340.0644947975492  54.56625609756001  -3.3102818228093724  -77.91364200188355  62.38611327720014  47.813567895978835  14.04368215134889  -333.61933940742676  26.826989733212883  42.62462764485915  -110.47869123558957  -16.74858301255162  -155.72932936633043  16.961509894559583  18.53551294304785  -107.99173985033363  
21.1020705850774  -71.17911062608113  54.953097718234005  -96.29001139982392  73.39311901332124  12.12063711366838  7.807895273397108  34.42515952599208  7.827457067121699  31.324458119880006  -22.511215012218415  24.17114517154637  -12.252391662528737  10.119718336860728  63.271894107250354  74.68953953895246  -128.0118068099609  58.38331868345015  27.70416481625699  9.036078826624077  0.0  -27.49610413565921  27.229153645571117  14.644851477411137  -16.85425285996449  13.955804128683369  -98.13985546673905  37.53546959310341  -84.3977797156345  17.419968937085017  -171.30357896252755  -3.0845029275796776  10.613030876007201  -42.54843455865819  23.139896583144335  -331.02841597092504  63.602334924184085  5.725797003814705  -68.87756317525947  71.42219210382422  56.84964672260291  23.079760977972967  -324.58326058080263  35.86306855983696  51.66070647148323  -101.44261240896549  -7.712504185927543  -146.69325053970636  25.99758872118366  27.571591769671926  -98.95566102370955  
48.59817472073661  -43.68300649042192  82.44920185389321  -68.79390726416472  100.88922314898045  39.61674124932759  35.30399940905632  61.92126366165129  35.32356120278091  58.820562255539215  4.984889123440794  51.66724930720558  15.243712473130472  37.61582247251994  90.76799824290956  102.18564367461167  -100.51570267430168  85.87942281910935  55.2002689519162  36.53218296228329  27.49610413565921  0.0  54.725257781230326  42.140955613070346  10.64185127569472  41.45190826434258  -70.64375133107984  65.03157372876262  -56.90167557997529  44.916073072744226  -143.80747482686834  24.41160120807953  38.10913501166641  -15.052330422998978  50.636000718803544  -303.5323118352659  91.09843905984329  33.221901139473914  -41.38145903960026  98.91829623948342  84.34575085826212  50.575865113632176  -297.0871564451435  63.35917269549617  79.15681060714243  -73.94650827330628  19.783599949731666  -119.19714640404715  53.49369285684287  55.067695905331135  -71.45955688805034  
-6.127083060493717  -98.40826427165224  27.72394407266289  -123.51916504539504  46.16396536775012  -15.108516531902737  -19.42125837217401  7.196005880420962  -19.401696578449418  4.0953044743088896  -49.74036865778953  -3.0580084740247457  -39.481545308099854  -17.10943530871039  36.04274046167924  47.460385893381336  -155.240960455532  31.154165037879032  0.4750111706858746  -18.19307481894704  -27.229153645571117  -54.725257781230326  0.0  -12.58430216815998  -44.083406505535606  -13.273349516887748  -125.36900911231017  10.30631594753229  -111.62693336120562  -9.8091847084861  -198.53273260809868  -30.313656573150794  -16.616122769563916  -69.7775882042293  -4.089257062426782  -358.2575696164962  36.37318127861297  -21.50335664175641  -96.10671682083058  44.1930384582531  29.620493077031796  -4.14939266759815  -351.8124142263738  8.633914914265844  24.431552825912114  -128.6717660545366  -34.94165783149866  -173.92240418527746  -1.231564924387456  0.3424381241008092  -126.18481466928067  
6.457219107666262  -85.82396210349226  40.30824624082287  -110.93486287723506  58.7482675359101  -2.5242143637427574  -6.8369562040140295  19.78030804858094  -6.817394410289438  16.67960664246887  -37.15606648962955  9.526293694135234  -26.897243139939874  -4.525133140550409  48.62704262983922  60.044688061541315  -142.656658287372  43.73846720603901  13.059313338845854  -5.60877265078706  -14.644851477411137  -42.140955613070346  12.58430216815998  0.0  -31.499104337375627  -0.6890473487277688  -112.78470694415019  22.89061811569227  -99.04263119304564  2.7751174596738792  -185.9484304399387  -17.729354404990815  -4.031820601403936  -57.193286036069324  8.495045105733197  -345.6732674483362  48.95748344677295  -8.919054473596432  -83.5224146526706  56.77734062641308  42.204795245191775  8.43490950056183  -339.2281120582138  21.218217082425824  37.01585499407209  -116.08746388637663  -22.35735566333868  -161.33810201711748  11.352737243772523  12.926740292260789  -113.60051250112069  
37.95632344504189  -54.32485776611664  71.8073505781985  -79.43575853985944  90.24737187328573  28.97488997363287  24.662148133361598  51.27941238595657  24.68170992708619  48.178710979844496  -5.656962152253925  41.02539803151086  4.601861197435753  26.973971196825218  80.12614696721485  91.54379239891693  -111.1575539499964  75.23757154341465  44.55841767622148  25.890331686588567  16.85425285996449  -10.64185127569472  44.083406505535606  31.499104337375627  0.0  30.810056988647858  -81.28560260677456  54.3897224530679  -67.54352685567001  34.274221797049506  -154.44932610256308  13.769749932384812  27.46728373597169  -25.694181698693697  39.994149443108824  -314.1741631109606  80.45658778414858  22.580049863779195  -52.02331031529498  88.2764449637887  73.7038995825674  39.93401383793746  -307.7290077208382  52.71732141980145  68.51495933144773  -84.588359549001  9.141748674036947  -129.83899767974185  42.85184158114815  44.425844629636416  -82.10140816374506  
7.146266456394031  -85.1349147547645  40.99729358955064  -110.2458155285073  59.43731488463787  -1.8351670150149886  -6.147908855286261  20.46935539730871  -6.128347061561669  17.368653991196638  -36.46701914090178  10.215341042863002  -26.208195791212106  -3.83608579182264  49.316089978566986  60.733735410269084  -141.96761093864427  44.42751455476678  13.748360687573623  -4.919725302059291  -13.955804128683369  -41.45190826434258  13.273349516887748  0.6890473487277688  -30.810056988647858  0.0  -112.09565959542242  23.57966546442004  -98.35358384431787  3.464164808401648  -185.2593830912109  -17.040307056263046  -3.3427732526761673  -56.504238687341555  9.184092454460966  -344.9842200996084  49.646530795500716  -8.230007124868663  -82.83336730394284  57.46638797514085  42.893842593919544  9.123956849289598  -338.539064709486  21.907264431153592  37.70490234279986  -115.39841653764886  -21.66830831461091  -160.64905466838974  12.041784592500292  13.615787640988557  -112.91146515239292  
119.24192605181645  26.960744840657924  153.09295318497306  1.849844066915125  171.5329744800603  110.26049258040743  105.94775074013616  132.56501499273114  105.96731253386075  129.46431358661906  75.62864045452064  122.31100063828542  85.88746380421031  108.25957380359978  161.4117495739894  172.8293950056915  -29.871951343221838  156.5231741501892  125.84402028299604  107.17593429336313  98.13985546673905  70.64375133107984  125.36900911231017  112.78470694415019  81.28560260677456  112.09565959542242  0.0  135.67532505984246  13.74207575110455  115.55982440382407  -73.1637234957885  95.05535253915937  108.75288634274625  55.59142090808086  121.27975204988338  -232.88856050418602  161.74219039092313  103.86565247055375  29.262292291479582  169.56204757056327  154.98950218934198  121.21961644471202  -226.4434051140636  134.002924026576  149.80056193822227  -3.302756942226438  90.42735128081151  -48.553395072967305  124.13744418792271  125.71144723641098  -0.8158055569705027  
-16.433399008026008  -108.71458021918454  17.417628125130598  -133.82548099292734  35.857649420217825  -25.414832479435027  -29.7275743197063  -3.110310067111328  -29.708012525981708  -6.211011473223401  -60.04668460532182  -13.364324421557036  -49.787861255632144  -27.41575125624268  25.736424514146947  37.154069945849045  -165.5472764030643  20.84784909034674  -9.831304776846416  -28.49939076647933  -37.53546959310341  -65.03157372876262  -10.30631594753229  -22.89061811569227  -54.3897224530679  -23.57966546442004  -135.67532505984246  0.0  -121.93324930873791  -20.11550065601839  -208.83904855563097  -40.619972520683085  -26.922438717096206  -80.0839041517616  -14.395573009959072  -368.56388556402845  26.066865331080677  -31.809672589288702  -106.41303276836288  33.88672251072081  19.314177129499505  -14.45570861513044  -362.11873017390604  -1.6724010332664463  14.125236878379823  -138.9780820020689  -45.24797377903095  -184.22872013280977  -11.537880871919747  -9.963877823431481  -136.49113061681297  
105.4998503007119  13.218669089553373  139.3508774338685  -11.892231684189426  157.79089872895574  96.51841682930288  92.2056749890316  118.82293924162659  92.2252367827562  115.7222378355145  61.886564703416084  108.56892488718087  72.14538805310576  94.51749805249523  147.66967382288485  159.08731925458696  -43.61402709432639  142.78109839908464  112.10194453189149  93.43385854225858  84.3977797156345  56.90167557997529  111.62693336120562  99.04263119304564  67.54352685567001  98.35358384431787  -13.74207575110455  121.93324930873791  0.0  101.81774865271952  -86.90579924689305  81.31327678805482  95.0108105916417  41.84934515697631  107.53767629877883  -246.63063625529057  148.00011463981858  90.1235767194492  15.520216540375031  155.81997181945871  141.24742643823743  107.47754069360747  -240.18548086516816  120.26084827547146  136.05848618711772  -17.04483269333099  76.68527552970696  -62.295470824071856  110.39536843681816  111.96937148530643  -14.557881308075054  
3.6821016479923827  -88.59907956316614  37.53312878114899  -113.70998033690894  55.97315007623622  -5.299331823416637  -9.612073663687909  17.005190588907062  -9.592511869963317  13.90448918279499  -39.93118394930343  6.751176234461354  -29.672360599613754  -7.300250600224288  45.85192517016534  57.269570601867436  -145.4317757470459  40.96334974636513  10.284195879171975  -8.38389011046094  -17.419968937085017  -44.916073072744226  9.8091847084861  -2.7751174596738792  -34.274221797049506  -3.464164808401648  -115.55982440382407  20.11550065601839  -101.81774865271952  0.0  -188.72354789961258  -20.504471864664694  -6.806938061077815  -59.9684034957432  5.719927646059318  -348.4483849080101  46.18236598709907  -11.694171933270312  -86.29753211234448  54.0022231667392  39.429677785517896  5.65979204088795  -342.0032295178877  18.443099622751944  34.240737534398214  -118.8625813460505  -25.13247312301256  -164.11321947679136  8.577619784098644  10.15162283258691  -116.37562996079457  
192.40564954760495  100.12446833644643  226.25667668076156  75.01356756270363  244.6966979758488  183.42421607619593  179.11147423592467  205.72873848851964  179.13103602964924  202.62803708240756  148.79236395030915  195.47472413407394  159.05118729999882  181.42329729938828  234.5754730697779  245.99311850148  43.291772152566665  229.6868976459777  199.00774377878454  180.33965778915163  171.30357896252755  143.80747482686834  198.53273260809868  185.9484304399387  154.44932610256308  185.2593830912109  73.1637234957885  208.83904855563097  86.90579924689305  188.72354789961258  0.0  168.21907603494788  181.91660983853475  128.75514440386937  194.4434755456719  -159.72483700839751  234.90591388671163  177.02937596634226  102.42601578726808  242.72577106635177  228.15322568513045  194.38333994050052  -153.2796816182751  207.1666475223645  222.96428543401078  69.86096655356206  163.5910747766  24.610328422821198  197.3011676837112  198.87517073219948  72.347917938818  
24.186573512657077  -68.09460769850145  58.03760064581368  -93.20550847224425  76.47762194090092  15.205140041248058  10.892398200976785  37.50966245357176  10.911959994701377  34.408961047459684  -19.426712084638737  27.25564809912605  -9.16788873494906  13.204221264440406  66.35639703483002  77.77404246653214  -124.92730388238121  61.46782161102983  30.78866774383667  12.120581754203755  3.0845029275796776  -24.41160120807953  30.313656573150794  17.729354404990815  -13.769749932384812  17.040307056263046  -95.05535253915937  40.619972520683085  -81.31327678805482  20.504471864664694  -168.21907603494788  0.0  13.697533803586879  -39.46393163107851  26.224399510724012  -327.9439130433454  66.68683785176376  8.810299931394383  -65.79306024767979  74.5066950314039  59.93414965018259  26.164263905552644  -321.498757653223  38.94757148741664  54.74520939906291  -98.35810948138581  -4.628001258347865  -143.60874761212668  29.08209164876334  30.656094697251604  -95.87115809612988  
10.489039709070198  -81.79214150208833  44.340066842226804  -106.90304227583113  62.78008813731404  1.5076062376611787  -2.8051356026100933  23.812128649984878  -2.785573808885502  20.711427243872805  -33.124245888225616  13.55811429553917  -22.865422538535938  -0.4933125391464728  52.65886323124315  64.07650866294526  -138.6248376859681  47.77028780744295  17.09113394024979  -1.5769520493831237  -10.613030876007201  -38.10913501166641  16.616122769563916  4.031820601403936  -27.46728373597169  3.3427732526761673  -108.75288634274625  26.922438717096206  -95.0108105916417  6.806938061077815  -181.91660983853475  -13.697533803586879  0.0  -53.16146543466539  12.526865707137134  -341.64144684693224  52.989304048176884  -4.887233872192496  -79.49059405126667  60.809161227817015  46.23661584659571  12.466730101965766  -335.19629145680983  25.25003768382976  41.04767559547603  -112.05564328497269  -18.325535061934744  -157.30628141571356  15.38455784517646  16.958560893664725  -109.56869189971675  
63.650505143735586  -28.63067606742294  97.50153227689219  -53.74157684116574  115.94155357197943  54.66907167232657  50.356329832055295  76.97359408465027  50.375891625779886  73.8728926785382  20.037219546439772  66.71957973020456  30.29604289612945  52.668152895518915  105.82032866590853  117.23797409761065  -85.4633722513027  100.93175324210833  70.25259937491518  51.584513385282264  42.54843455865819  15.052330422998978  69.7775882042293  57.193286036069324  25.694181698693697  56.504238687341555  -55.59142090808086  80.0839041517616  -41.84934515697631  59.9684034957432  -128.75514440386937  39.46393163107851  53.16146543466539  0.0  65.68833114180252  -288.47998141226685  106.15076948284226  48.27423156247289  -26.32912861660128  113.9706266624824  99.3980812812611  65.62819553663115  -282.03482602214444  78.41150311849515  94.20914103014141  -58.8941778503073  34.835930372730644  -104.14481598104817  68.54602327984185  70.12002632833011  -56.407226465051366  
-2.0378259980669355  -94.31900720922546  31.81320113508967  -119.42990798296826  50.253222430176905  -11.019259469475955  -15.332001309747227  11.285262942847744  -15.312439516022636  8.184561536735671  -45.65111159536275  1.0312485884020361  -35.39228824567307  -13.020178246283606  40.13199752410602  51.54964295580812  -151.1517033931052  35.243422100305814  4.5642682331126565  -14.103817756520257  -23.139896583144335  -50.636000718803544  4.089257062426782  -8.495045105733197  -39.994149443108824  -9.184092454460966  -121.27975204988338  14.395573009959072  -107.53767629877883  -5.719927646059318  -194.4434755456719  -26.224399510724012  -12.526865707137134  -65.68833114180252  0.0  -354.1683125540694  40.46243834103975  -17.41409957932963  -92.0174597584038  48.28229552067988  33.70975013945858  -0.060135605171367956  -347.723157163947  12.723171976692626  28.520809888338896  -124.58250899210982  -30.852400769071878  -169.83314712285068  2.857692138039326  4.431695186527591  -122.09555760685389  
352.13048655600244  259.84930534484397  385.9815136891591  234.73840457110114  404.4215349842463  343.14905308459345  338.8363112443222  365.45357549691715  338.85587303804675  362.3528740908051  308.51720095870667  355.19956114247145  318.77602430839636  341.14813430778577  394.3003100781754  405.7179555098775  203.01660916096418  389.4117346543752  358.7325807871821  340.0644947975492  331.02841597092504  303.5323118352659  358.2575696164962  345.6732674483362  314.1741631109606  344.9842200996084  232.88856050418602  368.56388556402845  246.63063625529057  348.4483849080101  159.72483700839751  327.9439130433454  341.64144684693224  288.47998141226685  354.1683125540694  0.0  394.63075089510914  336.75421297473974  262.1508527956656  402.4506080747493  387.87806269352797  354.10817694889806  6.445155390122409  366.891484530762  382.6891224424083  229.58580356195958  323.3159117849975  184.3351654312187  357.0260046921087  358.600007740597  232.07275494721551  
-42.500264339106685  -134.7814455502652  -8.64923720595008  -159.892346324008  9.790784089137151  -51.481697810515705  -55.79443965078698  -29.177175398192006  -55.774877857062386  -32.27787680430408  -86.1135499364025  -39.431189752637714  -75.85472658671281  -53.482616587323356  -0.33044081693373073  11.087204614768368  -191.61414173414497  -5.219016240733936  -35.89817010792709  -54.56625609756001  -63.602334924184085  -91.09843905984329  -36.37318127861297  -48.95748344677295  -80.45658778414858  -49.646530795500716  -161.74219039092313  -26.066865331080677  -148.00011463981858  -46.18236598709907  -234.90591388671163  -66.68683785176376  -52.989304048176884  -106.15076948284226  -40.46243834103975  -394.63075089510914  0.0  -57.87653792036938  -132.47989809944355  7.819857179640131  -6.752688201581172  -40.52257394621112  -388.18559550498674  -27.739266364347124  -11.941628452700854  -165.04494733314957  -71.31483911011162  -210.29558546389043  -37.604746203000424  -36.03074315451216  -162.55799594789363  
15.376273581262694  -76.90490762989583  49.2273007144193  -102.01580840363863  67.66732200950653  6.394840109853675  2.082098269582403  28.699362522177374  2.101660063306994  25.5986611160653  -28.23701201603312  18.445348167731666  -17.978188666343442  4.393921333046023  57.54609710343565  68.96374253513775  -133.7376038137756  52.657521679635444  21.978367812442286  3.3102818228093724  -5.725797003814705  -33.221901139473914  21.50335664175641  8.919054473596432  -22.580049863779195  8.230007124868663  -103.86565247055375  31.809672589288702  -90.1235767194492  11.694171933270312  -177.02937596634226  -8.810299931394383  4.887233872192496  -48.27423156247289  17.41409957932963  -336.75421297473974  57.87653792036938  0.0  -74.60336017907417  65.69639510000951  51.12384971878821  17.353963974158262  -330.30905758461734  30.137271556022256  45.934909467668525  -107.16840941278019  -13.438301189742248  -152.41904754352106  20.271791717368956  21.84579476585722  -104.68145802752426  
