Height_Data

node	height
0	85.8594413558262
1	67.35035758025089
2	31.573026999478937
3	159.157532293071
4	138.12666435318107
5	59.364215572796155
6	46.52369541148285
7	126.71553842340978
8	69.73482766625915
9	101.87992584145408
10	217.30672869673825
11	41.34523379043209
12	86.36973055793938
13	24.472655508754425
14	164.462242397358
15	62.86358551425087
16	69.08588734370852
17	26.37875415674413
18	277.44107649011335
19	142.15594009362133
20	34.99486697535722
21	96.11571900320247
22	88.66762732606543
23	324.518797035826
24	150.2732882000569
25	70.43933521791774
26	206.08736720119325
27	131.50820481269636
28	77.56670573755575
29	49.6598449023319
30	15.806300151825459
31	24.14693248013246
32	228.20767841990033
33	47.02764799491211
34	146.7188059487445
35	62.43287596671108
36	76.6552224842722
37	160.6486453977935
38	55.98616347789204
39	21.717156523077463
40	323.24920464043737
41	226.16300028264345
42	83.60277203708429
43	42.1653711687594
44	215.94284568992094
45	38.06420762632902
46	88.34858759667785
47	125.88529444773577
48	100.52401820839601
49	16.461027721732215
50	262.1967633842286



height_matrix
0.0  37.01816755115064  108.57282871269453  -146.5961818744896  -104.53444599470973  52.9904515660601  78.67149188868672  -81.71219413516715  32.24922737913411  -32.04096897125575  -262.8945746818241  89.02841513078823  -1.0205784042263417  122.77357169414356  -157.2056020830636  45.99171168315067  33.54710802423537  118.96137439816415  -383.16327026857425  -112.59299747559024  101.72914876093797  -20.51255529475253  -5.6163719404784445  -477.3187113599996  -128.82769368846138  30.840212275816924  -240.45585169073408  -91.29752691374031  16.58547123654091  72.39919290698862  140.1062824080015  123.42501775138749  -284.6964741281482  77.6635867218282  -121.71872918583657  46.85313077823025  18.40843774310801  -149.5784080839346  59.74655575586833  128.2845696654975  -474.7795265692223  -280.60711785363446  4.513338637483827  87.38814037413361  -260.16680866818945  95.59046745899437  -4.978292481703278  -80.05170618381914  -29.329153705139618  138.796827268188  -352.6746440568047  
-37.01816755115064  0.0  71.55466116154389  -183.61434942564023  -141.55261354586037  15.972284014909462  41.65332433753608  -118.73036168631779  -4.768940172016528  -69.05913652240639  -299.9127422329747  52.01024757963759  -38.03874595537698  85.75540414299292  -194.22376963421425  8.973544132000029  -3.471059526915269  81.94320684701351  -420.1814378197249  -149.61116502674088  64.71098120978733  -57.53072284590317  -42.634539491629084  -514.3368789111503  -165.84586123961202  -6.177955275333716  -277.4740192418847  -128.31569446489095  -20.43269631460973  35.38102535583798  103.08811485685085  86.40685020023685  -321.7146416792989  40.645419170677556  -158.7368967369872  9.834963227079612  -18.60972980804263  -186.59657563508523  22.72838820471769  91.26640211434685  -511.79769412037297  -317.62528540478513  -32.50482891366681  50.36997282298297  -297.1849762193401  58.57229990784373  -41.99646003285392  -117.06987373496978  -66.34732125629026  101.77865971703734  -389.6928116079554  
-108.57282871269453  -71.55466116154389  0.0  -255.16901058718412  -213.10727470740426  -55.582377146634435  -29.90133682400782  -190.28502284786168  -76.32360133356042  -140.61379768395028  -371.4674033945186  -19.544413581906305  -109.59340711692087  14.200742981449025  -265.77843079575814  -62.58111702954387  -75.02572068845916  10.388545685469616  -491.7360989812688  -221.16582618828477  -6.843679951756563  -129.08538400744706  -114.18920065317297  -585.8915400726942  -237.4005224011559  -77.7326164368776  -349.0286804034286  -199.87035562643484  -91.98735747615362  -36.17363580570592  31.533453695306957  14.852189038692956  -393.2693028408428  -30.90924199086634  -230.2915578985311  -61.719697934464286  -90.16439096958652  -258.1512367966291  -48.82627295682621  19.71174095280295  -583.3523552819169  -389.179946566329  -104.0594900752107  -21.184688338560925  -368.739637380884  -12.98236125370017  -113.55112119439781  -188.62453489651367  -137.90198241783415  30.223998555493445  -461.24747276949927  
146.5961818744896  183.61434942564023  255.16901058718412  0.0  42.06173587977986  199.5866334405497  225.2676737631763  64.88398773932244  178.8454092536237  114.55521290323384  -116.2983928073345  235.62459700527782  145.57560347026325  269.36975356863314  -10.609420208574022  192.58789355764026  180.14328989872496  265.55755627265376  -236.5670883940847  34.00318439889935  248.32533063542758  126.08362657973706  140.97980993401114  -330.72252948551005  17.768488186028208  177.4363941503065  -93.85966981624449  55.298654960749275  163.1816531110305  218.9953747814782  286.70246428249106  270.0211996258771  -138.10029225365867  224.25976859631777  24.877452688653023  193.44931265271984  165.0046196175976  -2.9822262094450025  206.34273763035793  274.88075153998705  -328.18334469473274  -134.0109359791449  151.10952051197341  233.9843222486232  -113.57062679369989  242.18664933348396  141.6178893927863  66.54447569067045  117.26702816934997  285.39300914267756  -206.07846218231515  
104.53444599470973  141.55261354586037  213.10727470740426  -42.06173587977986  0.0  157.52489756076983  183.20593788339644  22.822251859542575  136.78367337384384  72.49347702345398  -158.36012868711435  193.56286112549796  103.51386759048339  227.30801768885328  -52.67115608835388  150.5261576778604  138.0815540189451  223.4958203928739  -278.62882427386455  -8.05855148088051  206.26359475564772  84.0218906999572  98.91807405423128  -372.7842653652899  -24.293247693751653  135.37465827052665  -135.92140569602435  13.236919080969415  121.11991723125064  176.93363890169834  244.64072840271123  227.9594637460972  -180.16202813343853  182.1980327165379  -17.184283191126838  151.38757677293998  122.94288373781774  -45.04396208922486  164.28100175057807  232.8190156602072  -370.2450805745126  -176.07267185892476  109.04778463219355  191.92258636884333  -155.63236267347975  200.1249134537041  99.55615351300645  24.482739810890592  75.20529228957011  243.3312732628977  -248.140198062095  
-52.9904515660601  -15.972284014909462  55.582377146634435  -199.5866334405497  -157.52489756076983  0.0  25.681040322626615  -134.70264570122725  -20.74122418692599  -85.03142053731585  -315.8850262478842  36.03796356472813  -54.011029970286444  69.78312012808345  -210.1960536491237  -6.998739882909433  -19.44334354182473  65.97092283210405  -436.1537218346344  -165.58344904165034  48.73869719487787  -73.50300686081263  -58.60682350653855  -530.3091629260598  -181.81814525452148  -22.150239290243178  -293.4463032567942  -144.28797847980042  -36.40498032951919  19.408741340928515  87.11583084194139  70.43456618532738  -337.68692569420836  24.673135155768094  -174.70918075189667  -6.13732078782985  -34.58201382295209  -202.5688596499947  6.756104189808227  75.29411809943738  -527.7699781352824  -333.5975694196946  -48.477112928576275  34.39768880807351  -313.1572602342496  42.600015892934266  -57.96874404776338  -133.04215774987924  -82.31960527119972  85.80637570212788  -405.66509562286484  
-78.67149188868672  -41.65332433753608  29.90133682400782  -225.2676737631763  -183.20593788339644  -25.681040322626615  0.0  -160.38368602385387  -46.422264509552605  -110.71246085994247  -341.56606657051077  10.356923242101516  -79.69207029291306  44.102079805456846  -235.87709397175033  -32.67978020553605  -45.124383864451346  40.28988250947744  -461.834762157261  -191.26448936427695  23.057656872251258  -99.18404718343925  -84.28786382916516  -555.9902032486864  -207.4991855771481  -47.83127961286979  -319.12734357942077  -169.96901880242703  -62.086020652145805  -6.2722989816981  61.434790519314774  44.753525862700776  -363.367966016835  -1.0079051668585208  -200.39022107452328  -31.818361110456465  -60.26305414557871  -228.2498999726213  -18.924936132818388  49.61307777681077  -553.4510184579091  -359.27860974232124  -74.15815325120289  8.716648485446896  -338.8383005568762  16.91897557030765  -83.64978437039  -158.72319807250585  -108.00064559382633  60.125335379501266  -431.3461359454915  
81.71219413516715  118.73036168631779  190.28502284786168  -64.88398773932244  -22.822251859542575  134.70264570122725  160.38368602385387  0.0  113.96142151430126  49.6712251639114  -181.18238054665693  170.74060926595538  80.69161573094081  204.4857658293107  -75.49340794789646  127.70390581831782  115.25930215940252  200.67356853333132  -301.4510761334071  -30.880803340423086  183.44134289610514  61.19963884041462  76.09582219468871  -395.6065172248325  -47.11549955329423  112.55240641098408  -158.74365755556693  -9.58533277857316  98.29766537170806  154.11138704215577  221.81847654316866  205.13721188655464  -202.9842799929811  159.37578085699533  -40.00653505066941  128.5653249133974  100.12063187827516  -67.86621394876744  141.4587498910355  209.99676380066464  -393.0673324340552  -198.89492371846734  86.22553277265098  169.10033450930075  -178.45461453302232  177.30266159416152  76.73390165346387  1.660487951348017  52.383040430027535  220.50902140335512  -270.9624499216376  
-32.24922737913411  4.768940172016528  76.32360133356042  -178.8454092536237  -136.78367337384384  20.74122418692599  46.422264509552605  -113.96142151430126  0.0  -64.29019635038986  -295.1438020609582  56.77918775165412  -33.269805783360454  90.52434431500944  -189.45482946219772  13.742484304016557  1.2978806451012588  86.71214701903004  -415.4124976477084  -144.84222485472435  69.47992138180386  -52.76178267388664  -37.865599319612556  -509.56793873913375  -161.0769210675955  -1.4090151033171878  -272.7050790698682  -123.54675429287443  -15.6637561425932  40.149965527854505  107.85705502886738  91.17579037225337  -316.94570150728237  45.414359342694084  -153.96795656497068  14.60390339909614  -13.840789636026102  -181.8276354630687  27.497328376734217  96.03534228636337  -507.02875394835644  -312.8563452327686  -27.735888741650285  55.1389129949995  -292.4160360473236  63.341240079860256  -37.22751986083739  -112.30093356295325  -61.57838108427373  106.54759988905387  -384.92387143593885  
32.04096897125575  69.05913652240639  140.61379768395028  -114.55521290323384  -72.49347702345398  85.03142053731585  110.71246085994247  -49.6712251639114  64.29019635038986  0.0  -230.85360571056833  121.06938410204398  31.02039056702941  154.8145406653993  -125.16463311180786  78.03268065440642  65.58807699549112  151.00234336941992  -351.12230129731853  -80.55202850433449  133.77011773219374  11.52841367650322  26.424597030777306  -445.2777423887439  -96.78672471720563  62.881181247072675  -208.41488271947833  -59.25655794248456  48.62644020779666  104.44016187824437  172.14725137925726  155.46598672264324  -252.6555051568925  109.70455569308395  -89.67776021458081  78.894099749486  50.44940671436376  -117.53743911267884  91.78752472712408  160.32553863675324  -442.7385575979666  -248.56614888237874  36.55430760873958  119.42910934538936  -228.12583969693372  127.63143643025012  27.062676489552473  -48.010737212563384  2.711815266116133  170.83779623944372  -320.633675085549  
262.8945746818241  299.9127422329747  371.4674033945186  116.2983928073345  158.36012868711435  315.8850262478842  341.56606657051077  181.18238054665693  295.1438020609582  230.85360571056833  0.0  351.9229898126123  261.8739962775977  385.66814637596764  105.68897259876047  308.88628636497475  296.44168270605945  381.85594907998825  -120.2686955867502  150.30157720623384  364.62372344276207  242.38201938707155  257.27820274134564  -214.42413667817556  134.0668809933627  293.734786957641  22.438722991090003  171.59704776808377  279.480045918365  335.29376758881267  403.00085708982556  386.3195924332116  -21.80189944632417  340.55816140365226  141.17584549598752  309.74770546005436  281.3030124249321  113.31616659788949  322.6411304376924  391.17914434732154  -211.88495188739824  -17.71254317181041  267.4079133193079  350.2827150559577  2.727766013634607  358.48504214081845  257.9162822001208  182.84286849800495  233.56542097668446  401.69140195001205  -89.78006937498066  
-89.02841513078823  -52.01024757963759  19.544413581906305  -235.62459700527782  -193.56286112549796  -36.03796356472813  -10.356923242101516  -170.74060926595538  -56.77918775165412  -121.06938410204398  -351.9229898126123  0.0  -90.04899353501457  33.74515656335533  -246.23401721385184  -43.036703447637564  -55.48130710655286  29.93295926737592  -472.19168539936254  -201.62141260637847  12.700733630149742  -109.54097042554076  -94.64478707126668  -566.3471264907879  -217.8561088192496  -58.18820285497131  -329.4842668215223  -180.32594204452855  -72.44294389424732  -16.629222223799616  51.07786727721326  34.39660262059926  -373.7248892589365  -11.364828408960037  -210.7471443166248  -42.17528435255798  -70.61997738768022  -238.60682321472282  -29.281859374919904  39.25615453470925  -563.8079417000106  -369.63553298442275  -84.5150764933044  -1.6402747566546196  -349.19522379897774  6.562052328206136  -94.00670761249151  -169.08012131460737  -118.35756883592785  49.76841213739975  -441.703059187593  
1.0205784042263417  38.03874595537698  109.59340711692087  -145.57560347026325  -103.51386759048339  54.011029970286444  79.69207029291306  -80.69161573094081  33.269805783360454  -31.02039056702941  -261.8739962775977  90.04899353501457  0.0  123.7941500983699  -156.18502367883727  47.01229008737701  34.56768642846171  119.9819528023905  -382.14269186434797  -111.5724190713639  102.74972716516432  -19.49197689052619  -4.595793536252103  -476.2981329557733  -127.80711528423504  31.860790680043266  -239.43527328650774  -90.27694850951397  17.606049640767253  73.41977131121496  141.12686081222785  124.44559615561383  -283.67589572392194  78.68416512605454  -120.69815078161022  47.873709182456594  19.42901614733435  -148.55782967970825  60.76713416009467  129.30514806972383  -473.758948164996  -279.5865394494082  5.533917041710168  88.40871877835995  -259.14623026396316  96.61104586322071  -3.957714077476936  -79.0311277795928  -28.308575300913276  139.81740567241434  -351.6540656525784  
-122.77357169414356  -85.75540414299292  -14.200742981449025  -269.36975356863314  -227.30801768885328  -69.78312012808345  -44.102079805456846  -204.4857658293107  -90.52434431500944  -154.8145406653993  -385.66814637596764  -33.74515656335533  -123.7941500983699  0.0  -279.97917377720717  -76.78186001099289  -89.22646366990818  -3.8121972959794093  -505.93684196271784  -235.3665691697338  -21.04442293320559  -143.2861269888961  -128.389943634622  -600.0922830541432  -251.60126538260494  -91.93335941832663  -363.22942338487763  -214.07109860788387  -106.18810045760264  -50.374378787154946  17.33271071385793  0.6514460572439305  -407.4700458222918  -45.10998497231537  -244.49230087998012  -75.9204409159133  -104.36513395103555  -272.35197977807815  -63.027015938275234  5.510997971353923  -597.5530982633659  -403.38068954777805  -118.26023305665973  -35.38543132000995  -382.94038036233303  -27.183104235149194  -127.75186417584683  -202.8252778779627  -152.10272539928317  16.02325557404442  -475.4482157509483  
157.2056020830636  194.22376963421425  265.77843079575814  10.609420208574022  52.67115608835388  210.1960536491237  235.87709397175033  75.49340794789646  189.45482946219772  125.16463311180786  -105.68897259876047  246.23401721385184  156.18502367883727  279.97917377720717  0.0  203.19731376621428  190.75271010729898  276.1669764812278  -225.95766818551067  44.61260460747337  258.9347508440016  136.69304678831108  151.58923014258517  -320.11310927693603  28.37790839460223  188.04581435888053  -83.25024960767047  65.9080751693233  173.79107331960452  229.60479499005223  297.3118844910651  280.6306198344511  -127.49087204508464  234.8691888048918  35.486872897227045  204.05873286129386  175.61403982617162  7.62719399912902  216.95215783893195  285.4901717485611  -317.5739244861587  -123.40151577057088  161.71894072054744  244.5937424571972  -102.96120658512586  252.79606954205798  152.22730960136033  77.15389589924447  127.87644837792399  296.0024293512516  -195.46904197374113  
-45.99171168315067  -8.973544132000029  62.58111702954387  -192.58789355764026  -150.5261576778604  6.998739882909433  32.67978020553605  -127.70390581831782  -13.742484304016557  -78.03268065440642  -308.88628636497475  43.036703447637564  -47.01229008737701  76.78186001099289  -203.19731376621428  0.0  -12.444603658915298  72.96966271501348  -429.15498195172495  -158.5847091587409  55.737437077787305  -66.5042669779032  -51.60808362362911  -523.3104230431503  -174.81940537161205  -15.151499407333745  -286.44756337388475  -137.28923859689098  -29.406240446609758  26.407481223837948  94.11457072485082  77.43330606823682  -330.6881858112989  31.671875038677527  -167.71044086898723  0.861419095079583  -27.58327394004266  -195.57011976708526  13.75484407271766  82.29285798234682  -520.771238252373  -326.59882953678516  -41.47837304566684  41.396428690982944  -306.15852035134014  49.5987557758437  -50.97000416485395  -126.0434178669698  -75.32086538829029  92.80511558503731  -398.6663557399554  
-33.54710802423537  3.471059526915269  75.02572068845916  -180.14328989872496  -138.0815540189451  19.44334354182473  45.124383864451346  -115.25930215940252  -1.2978806451012588  -65.58807699549112  -296.44168270605945  55.48130710655286  -34.56768642846171  89.22646366990818  -190.75271010729898  12.444603658915298  0.0  85.41426637392878  -416.71037829280965  -146.1401054998256  68.1820407367026  -54.0596633189879  -39.163479964713815  -510.865819384235  -162.37480171269675  -2.7068957484184466  -274.00295971496945  -124.84463493797568  -16.96163678769446  38.852084882753246  106.55917438376612  89.87790972715212  -318.2435821523836  44.116478697592825  -155.26583721007194  13.306022753994881  -15.13867028112736  -183.12551610816996  26.199447731632958  94.73746164126212  -508.3266345934577  -314.15422587786986  -29.033769386751544  53.84103234989824  -293.71391669242485  62.043359434759  -38.52540050593865  -113.5988142080545  -62.87626172937499  105.24971924395261  -386.2217520810401  
-118.96137439816415  -81.94320684701351  -10.388545685469616  -265.55755627265376  -223.4958203928739  -65.97092283210405  -40.28988250947744  -200.67356853333132  -86.71214701903004  -151.00234336941992  -381.85594907998825  -29.93295926737592  -119.9819528023905  3.8121972959794093  -276.1669764812278  -72.96966271501348  -85.41426637392878  0.0  -502.12464466673845  -231.5543718737544  -17.23222563722618  -139.47392969291667  -124.5777463386426  -596.2800857581638  -247.78906808662555  -88.12116212234723  -359.41722608889825  -210.25890131190448  -102.37590316162324  -46.56218149117554  21.14490800983734  4.46364335322334  -403.6578485263124  -41.29778767633596  -240.68010358400073  -72.1082436199339  -100.55293665505614  -268.53978248209876  -59.214818642295825  9.323195267333332  -593.7409009673864  -399.56849225179866  -114.44803576068033  -31.57323402403054  -379.12818306635364  -23.370906939169785  -123.93966687986743  -199.01308058198327  -148.29052810330376  19.83545287002383  -471.6360184549689  
383.16327026857425  420.1814378197249  491.7360989812688  236.5670883940847  278.62882427386455  436.1537218346344  461.834762157261  301.4510761334071  415.4124976477084  351.12230129731853  120.2686955867502  472.19168539936254  382.14269186434797  505.93684196271784  225.95766818551067  429.15498195172495  416.71037829280965  502.12464466673845  0.0  270.57027279298404  484.89241902951227  362.6507149738218  377.54689832809584  -94.15544109142536  254.3355765801129  414.0034825443912  142.7074185778402  291.86574335483397  399.74874150511516  455.5624631755629  523.2695526765758  506.5882880199618  98.46679614042603  460.82685699040246  261.4445410827377  430.0164010468045  401.5717080116823  233.5848621846397  442.9098260244426  511.4478399340718  -91.61625630064805  102.55615241493979  387.6766089060581  470.5514106427079  122.9964616003848  478.75373772756865  378.184977786871  303.1115640847552  353.8341165634347  521.9600975367623  30.488626211769542  
112.59299747559024  149.61116502674088  221.16582618828477  -34.00318439889935  8.05855148088051  165.58344904165034  191.26448936427695  30.880803340423086  144.84222485472435  80.55202850433449  -150.30157720623384  201.62141260637847  111.5724190713639  235.3665691697338  -44.61260460747337  158.5847091587409  146.1401054998256  231.5543718737544  -270.57027279298404  0.0  214.32214623652823  92.08044218083771  106.9766255351118  -364.7257138844094  -16.234696212871143  143.43320975140716  -127.86285421514384  21.295470561849925  129.17846871213115  184.99219038257885  252.69927988359174  236.01801522697772  -172.10347665255802  190.25658419741842  -9.125731710246328  159.4461282538205  131.00143521869825  -36.98541060834435  172.33955323145858  240.87756714108772  -362.1865290936321  -168.01412037804425  117.10633611307406  199.98113784972384  -147.57381119259924  208.1834649345846  107.61470499388696  32.5412912917711  83.26384377045062  251.3898247437782  -240.0816465812145  
-101.72914876093797  -64.71098120978733  6.843679951756563  -248.32533063542758  -206.26359475564772  -48.73869719487787  -23.057656872251258  -183.44134289610514  -69.47992138180386  -133.77011773219374  -364.62372344276207  -12.700733630149742  -102.74972716516432  21.04442293320559  -258.9347508440016  -55.737437077787305  -68.1820407367026  17.23222563722618  -484.89241902951227  -214.32214623652823  0.0  -122.2417040556905  -107.34552070141642  -579.0478601209376  -230.55684244939937  -70.88893648512105  -342.18500045167207  -193.0266756746783  -85.14367752439706  -29.329955853949357  38.377133647063516  21.69586899044952  -386.42562288908624  -24.06556203910978  -223.44787794677455  -54.87601798270772  -83.32071101782996  -251.30755684487258  -41.982593005069646  26.55542090455951  -576.5086753301603  -382.3362666145725  -97.21581012345415  -14.341008386804361  -361.89595742912746  -6.138681301943606  -106.70744124264125  -181.7808549447571  -131.05830246607758  37.06767850725001  -454.4037928177427  
20.51255529475253  57.53072284590317  129.08538400744706  -126.08362657973706  -84.0218906999572  73.50300686081263  99.18404718343925  -61.19963884041462  52.76178267388664  -11.52841367650322  -242.38201938707155  109.54097042554076  19.49197689052619  143.2861269888961  -136.69304678831108  66.5042669779032  54.0596633189879  139.47392969291667  -362.6507149738218  -92.08044218083771  122.2417040556905  0.0  14.896183354274086  -456.80615606524714  -108.31513839370885  51.352767570569455  -219.94329639598155  -70.78497161898778  37.09802653129344  92.91174820174115  160.61883770275404  143.93757304614002  -264.18391883339575  98.17614201658073  -101.20617389108403  67.36568607298278  38.92099303786054  -129.06585278918206  80.25911105062086  148.79712496025002  -454.2669712744698  -260.094562558882  25.025893932236357  107.90069566888614  -239.65425337343694  116.1030227537469  15.534262813049253  -59.539150889066605  -8.816598410387087  159.30938256294053  -332.16208876205224  
5.6163719404784445  42.634539491629084  114.18920065317297  -140.97980993401114  -98.91807405423128  58.60682350653855  84.28786382916516  -76.09582219468871  37.865599319612556  -26.424597030777306  -257.27820274134564  94.64478707126668  4.595793536252103  128.389943634622  -151.58923014258517  51.60808362362911  39.163479964713815  124.5777463386426  -377.54689832809584  -106.9766255351118  107.34552070141642  -14.896183354274086  0.0  -471.7023394195212  -123.21132174798294  36.45658421629537  -234.83947975025563  -85.68115497326187  22.201843177019356  78.01556484746706  145.72265434847995  129.04138969186593  -279.0801021876698  83.27995866230664  -116.10235724535812  52.469502718708696  24.024809683586454  -143.96203614345615  65.36292769634677  133.90094160597593  -469.1631546287439  -274.99074591315605  10.129710577962271  93.00451231461206  -254.55043672771103  101.20683939947281  0.6380794587751666  -74.43533424334069  -23.712781764661173  144.4131992086664  -347.0582721163263  
477.3187113599996  514.3368789111503  585.8915400726942  330.72252948551005  372.7842653652899  530.3091629260598  555.9902032486864  395.6065172248325  509.56793873913375  445.2777423887439  214.42413667817556  566.3471264907879  476.2981329557733  600.0922830541432  320.11310927693603  523.3104230431503  510.865819384235  596.2800857581638  94.15544109142536  364.7257138844094  579.0478601209376  456.80615606524714  471.7023394195212  0.0  348.49101767153826  508.15892363581656  236.86285966926556  386.0211844462593  493.9041825965405  549.7179042669883  617.4249937680012  600.7437291113871  192.6222372318514  554.9822980818278  355.5999821741631  524.1718421382299  495.72714910310765  327.74030327606505  537.065267115868  605.6032810254972  2.5391847907773126  196.71159350636515  481.83204999748347  564.7068517341332  217.15190269181016  572.909178818994  472.34041887829636  397.26700517618053  447.98955765486005  616.1155386281877  124.6440673031949  
128.82769368846138  165.84586123961202  237.4005224011559  -17.768488186028208  24.293247693751653  181.81814525452148  207.4991855771481  47.11549955329423  161.0769210675955  96.78672471720563  -134.0668809933627  217.8561088192496  127.80711528423504  251.60126538260494  -28.37790839460223  174.81940537161205  162.37480171269675  247.78906808662555  -254.3355765801129  16.234696212871143  230.55684244939937  108.31513839370885  123.21132174798294  -348.49101767153826  0.0  159.6679059642783  -111.6281580022727  37.53016677472107  145.4131649250023  201.22688659545  268.93397609646286  252.25271143984887  -155.86878043968687  206.49128041028956  7.108964502624815  175.68082446669163  147.2361314315694  -20.75071439547321  188.57424944432972  257.11226335395884  -345.95183288076095  -151.7794241651731  133.3410323259452  216.21583406259498  -131.3391149797281  224.41816114745575  123.8494012067581  48.775987504642245  99.49853998332176  267.62452095664935  -223.84695036834336  
-30.840212275816924  6.177955275333716  77.7326164368776  -177.4363941503065  -135.37465827052665  22.150239290243178  47.83127961286979  -112.55240641098408  1.4090151033171878  -62.881181247072675  -293.734786957641  58.18820285497131  -31.860790680043266  91.93335941832663  -188.04581435888053  15.151499407333745  2.7068957484184466  88.12116212234723  -414.0034825443912  -143.43320975140716  70.88893648512105  -51.352767570569455  -36.45658421629537  -508.15892363581656  -159.6679059642783  0.0  -271.296063966551  -122.13773918955724  -14.254741039276013  41.55898063117169  109.26607013218457  92.58480547557056  -315.5366864039652  46.82337444601127  -152.5589414616535  16.012918502413328  -12.431774532708914  -180.41862035975151  28.906343480051405  97.44435738968056  -505.61973884503925  -311.4473301294514  -26.326873638333097  56.54792809831669  -291.0070209440064  64.75025518317744  -35.8185047575202  -110.89191845963606  -60.16936598095654  107.95661499237106  -383.51485633262166  
240.45585169073408  277.4740192418847  349.0286804034286  93.85966981624449  135.92140569602435  293.4463032567942  319.12734357942077  158.74365755556693  272.7050790698682  208.41488271947833  -22.438722991090003  329.4842668215223  239.43527328650774  363.22942338487763  83.25024960767047  286.44756337388475  274.00295971496945  359.41722608889825  -142.7074185778402  127.86285421514384  342.18500045167207  219.94329639598155  234.83947975025563  -236.86285966926556  111.6281580022727  271.296063966551  0.0  149.15832477699377  257.041322927275  312.85504459772267  380.56213409873556  363.8808694421216  -44.240622437414174  318.11943841256226  118.73712250489751  287.30898246896436  258.8642894338421  90.87744360679949  300.2024074466024  368.74042135623154  -234.32367487848825  -40.15126616290041  244.9691903282179  327.8439920648677  -19.710956977455396  336.04631914972845  235.4775592090308  160.40414550691494  211.12669798559446  379.25267895892205  -112.21879236607066  
91.29752691374031  128.31569446489095  199.87035562643484  -55.298654960749275  -13.236919080969415  144.28797847980042  169.96901880242703  9.58533277857316  123.54675429287443  59.25655794248456  -171.59704776808377  180.32594204452855  90.27694850951397  214.07109860788387  -65.9080751693233  137.28923859689098  124.84463493797568  210.25890131190448  -291.86574335483397  -21.295470561849925  193.0266756746783  70.78497161898778  85.68115497326187  -386.0211844462593  -37.53016677472107  122.13773918955724  -149.15832477699377  0.0  107.88299815028122  163.69671982072893  231.40380932174182  214.7225446651278  -193.39894721440794  168.9611136355685  -30.421202272096252  138.15065769197057  109.70596465684832  -58.28088117019428  151.04408266960866  219.5820965792378  -383.481999655482  -189.30959093989418  95.81086555122414  178.6856672878739  -168.86928175444916  186.88799437273468  86.31923443203704  11.245820729921178  61.968373208600696  230.09435418192828  -261.3771171430644  
-16.58547123654091  20.43269631460973  91.98735747615362  -163.1816531110305  -121.11991723125064  36.40498032951919  62.086020652145805  -98.29766537170806  15.6637561425932  -48.62644020779666  -279.480045918365  72.44294389424732  -17.606049640767253  106.18810045760264  -173.79107331960452  29.406240446609758  16.96163678769446  102.37590316162324  -399.74874150511516  -129.17846871213115  85.14367752439706  -37.09802653129344  -22.201843177019356  -493.9041825965405  -145.4131649250023  14.254741039276013  -257.041322927275  -107.88299815028122  0.0  55.813721670447705  123.52081117146058  106.83954651484657  -301.28194536468914  61.078115485287285  -138.30420042237748  30.26765954168934  1.8229665065670986  -166.1638793204755  43.16108451932742  111.69909842895657  -491.3649978057632  -297.1925890901754  -12.072132599057085  70.8026691375927  -276.75227990473036  79.00499622245346  -21.56376371824419  -96.63717742036005  -45.91462494168053  122.21135603164707  -369.2601152933456  
-72.39919290698862  -35.38102535583798  36.17363580570592  -218.9953747814782  -176.93363890169834  -19.408741340928515  6.2722989816981  -154.11138704215577  -40.149965527854505  -104.44016187824437  -335.29376758881267  16.629222223799616  -73.41977131121496  50.374378787154946  -229.60479499005223  -26.407481223837948  -38.852084882753246  46.56218149117554  -455.5624631755629  -184.99219038257885  29.329955853949357  -92.91174820174115  -78.01556484746706  -549.7179042669883  -201.22688659545  -41.55898063117169  -312.85504459772267  -163.69671982072893  -55.813721670447705  0.0  67.70708950101287  51.025824844398876  -357.0956670351369  5.264393814839579  -194.11792209282518  -25.546062128758365  -53.99075516388061  -221.9776009909232  -12.652637151120288  55.88537675850887  -547.178719476211  -353.00631076062314  -67.88585426950479  14.988947467144996  -332.5660015751781  23.19127455200575  -77.3774853886919  -152.45089909080775  -101.72834661212823  66.39763436119937  -425.0738369637934  
-140.1062824080015  -103.08811485685085  -31.533453695306957  -286.70246428249106  -244.64072840271123  -87.11583084194139  -61.434790519314774  -221.81847654316866  -107.85705502886738  -172.14725137925726  -403.00085708982556  -51.07786727721326  -141.12686081222785  -17.33271071385793  -297.3118844910651  -94.11457072485082  -106.55917438376612  -21.14490800983734  -523.2695526765758  -252.69927988359174  -38.377133647063516  -160.61883770275404  -145.72265434847995  -617.4249937680012  -268.93397609646286  -109.26607013218457  -380.56213409873556  -231.40380932174182  -123.52081117146058  -67.70708950101287  0.0  -16.681264656614  -424.80275653614973  -62.442695686173295  -261.82501159383804  -93.25315162977124  -121.69784466489348  -289.68469049193607  -80.35972665213316  -11.821712742504008  -614.8858089772239  -420.71340026163597  -135.59294377051768  -52.71814203386788  -400.27309107619095  -44.51581494900712  -145.08457488970478  -220.15798859182064  -169.43543611314112  -1.3094551398135117  -492.7809264648062  
-123.42501775138749  -86.40685020023685  -14.852189038692956  -270.0211996258771  -227.9594637460972  -70.43456618532738  -44.753525862700776  -205.13721188655464  -91.17579037225337  -155.46598672264324  -386.3195924332116  -34.39660262059926  -124.44559615561383  -0.6514460572439305  -280.6306198344511  -77.43330606823682  -89.87790972715212  -4.46364335322334  -506.5882880199618  -236.01801522697772  -21.69586899044952  -143.93757304614002  -129.04138969186593  -600.7437291113871  -252.25271143984887  -92.58480547557056  -363.8808694421216  -214.7225446651278  -106.83954651484657  -51.025824844398876  16.681264656614  0.0  -408.12149187953577  -45.7614310295593  -245.14374693722405  -76.57188697315723  -105.01658000827948  -273.0034258353221  -63.678461995519164  4.859551914109993  -598.2045443206098  -404.032135605022  -118.91167911390366  -36.03687737725388  -383.591826419577  -27.834550292393125  -128.40331023309076  -203.47672393520662  -152.7541714565271  15.37180951680049  -476.09966180819225  
284.6964741281482  321.7146416792989  393.2693028408428  138.10029225365867  180.16202813343853  337.68692569420836  363.367966016835  202.9842799929811  316.94570150728237  252.6555051568925  21.80189944632417  373.7248892589365  283.67589572392194  407.4700458222918  127.49087204508464  330.6881858112989  318.2435821523836  403.6578485263124  -98.46679614042603  172.10347665255802  386.42562288908624  264.18391883339575  279.0801021876698  -192.6222372318514  155.86878043968687  315.5366864039652  44.240622437414174  193.39894721440794  301.28194536468914  357.0956670351369  424.80275653614973  408.12149187953577  0.0  362.36006084997643  162.9777449423117  331.5496049063785  303.10491187125626  135.11806604421366  344.4430298840166  412.98104379364577  -190.08305244107407  4.0893562745137615  289.2098127656321  372.08461450228185  24.52966545995878  380.2869415871426  279.718181646445  204.64476794432912  255.36732042300864  423.4933013963362  -67.97816992865648  
-77.6635867218282  -40.645419170677556  30.90924199086634  -224.25976859631777  -182.1980327165379  -24.673135155768094  1.0079051668585208  -159.37578085699533  -45.414359342694084  -109.70455569308395  -340.55816140365226  11.364828408960037  -78.68416512605454  45.10998497231537  -234.8691888048918  -31.671875038677527  -44.116478697592825  41.29778767633596  -460.82685699040246  -190.25658419741842  24.06556203910978  -98.17614201658073  -83.27995866230664  -554.9822980818278  -206.49128041028956  -46.82337444601127  -318.11943841256226  -168.9611136355685  -61.078115485287285  -5.264393814839579  62.442695686173295  45.7614310295593  -362.36006084997643  0.0  -199.38231590766475  -30.810455943597944  -59.255148978720186  -227.24199480576277  -17.917030965959867  50.62098294366929  -552.4431132910505  -358.2707045754627  -73.15024808434437  9.724553652305417  -337.83039539001766  17.926880737166172  -82.64187920353147  -157.71529290564735  -106.99274042696781  61.13324054635979  -430.3382307786329  
121.71872918583657  158.7368967369872  230.2915578985311  -24.877452688653023  17.184283191126838  174.70918075189667  200.39022107452328  40.00653505066941  153.96795656497068  89.67776021458081  -141.17584549598752  210.7471443166248  120.69815078161022  244.49230087998012  -35.486872897227045  167.71044086898723  155.26583721007194  240.68010358400073  -261.4445410827377  9.125731710246328  223.44787794677455  101.20617389108403  116.10235724535812  -355.5999821741631  -7.108964502624815  152.5589414616535  -118.73712250489751  30.421202272096252  138.30420042237748  194.11792209282518  261.82501159383804  245.14374693722405  -162.9777449423117  199.38231590766475  0.0  168.57185996406682  140.12716692894458  -27.859678898098025  181.4652849417049  250.00329885133405  -353.06079738338576  -158.88838866779793  126.23206782332039  209.10686955997016  -138.4480794823529  217.30919664483093  116.74043670413329  41.66702300201743  92.38957548069695  260.51555645402453  -230.95591487096817  
-46.85313077823025  -9.834963227079612  61.719697934464286  -193.44931265271984  -151.38757677293998  6.13732078782985  31.818361110456465  -128.5653249133974  -14.60390339909614  -78.894099749486  -309.74770546005436  42.17528435255798  -47.873709182456594  75.9204409159133  -204.05873286129386  -0.861419095079583  -13.306022753994881  72.1082436199339  -430.0164010468045  -159.4461282538205  54.87601798270772  -67.36568607298278  -52.469502718708696  -524.1718421382299  -175.68082446669163  -16.012918502413328  -287.30898246896436  -138.15065769197057  -30.26765954168934  25.546062128758365  93.25315162977124  76.57188697315723  -331.5496049063785  30.810455943597944  -168.57185996406682  0.0  -28.444693035122242  -196.43153886216484  12.893424977638077  81.43143888726723  -521.6326573474526  -327.4602486318647  -42.339792140746425  40.53500959590336  -307.0199394464197  48.737336680764116  -51.83142325993353  -126.90483696204939  -76.18228448336987  91.94369648995773  -399.52777483503496  
-18.40843774310801  18.60972980804263  90.16439096958652  -165.0046196175976  -122.94288373781774  34.58201382295209  60.26305414557871  -100.12063187827516  13.840789636026102  -50.44940671436376  -281.3030124249321  70.61997738768022  -19.42901614733435  104.36513395103555  -175.61403982617162  27.58327394004266  15.13867028112736  100.55293665505614  -401.5717080116823  -131.00143521869825  83.32071101782996  -38.92099303786054  -24.024809683586454  -495.72714910310765  -147.2361314315694  12.431774532708914  -258.8642894338421  -109.70596465684832  -1.8229665065670986  53.99075516388061  121.69784466489348  105.01658000827948  -303.10491187125626  59.255148978720186  -140.12716692894458  28.444693035122242  0.0  -167.9868458270426  41.33811801276032  109.87613192238948  -493.18796431233034  -299.0155555967425  -13.895099105624183  68.9797026310256  -278.5752464112975  77.18202971588636  -23.386730224811288  -98.46014392692715  -47.73759144824763  120.38838952507997  -371.08308179991275  
149.5784080839346  186.59657563508523  258.1512367966291  2.9822262094450025  45.04396208922486  202.5688596499947  228.2498999726213  67.86621394876744  181.8276354630687  117.53743911267884  -113.31616659788949  238.60682321472282  148.55782967970825  272.35197977807815  -7.62719399912902  195.57011976708526  183.12551610816996  268.53978248209876  -233.5848621846397  36.98541060834435  251.30755684487258  129.06585278918206  143.96203614345615  -327.74030327606505  20.75071439547321  180.41862035975151  -90.87744360679949  58.28088117019428  166.1638793204755  221.9776009909232  289.68469049193607  273.0034258353221  -135.11806604421366  227.24199480576277  27.859678898098025  196.43153886216484  167.9868458270426  0.0  209.32496383980293  277.86297774943205  -325.20111848528774  -131.0287097696999  154.09174672141842  236.9665484580682  -110.58840058425488  245.16887554292896  144.6001156022313  69.52670190011546  120.24925437879497  288.37523535212256  -203.09623597287015  
