Height_Data

node	height
0	62.837553703292045
1	50.510345868341254
2	80.54225600306127
3	82.7694692625542
4	74.36334861196528
5	50.03337376994854
6	90.34753686732124
7	53.86748543315385
8	159.33031665326607
9	72.65687518596893
10	55.46770100277865
11	48.51314526297799
12	57.65291979016432
13	117.841113680576
14	130.31532475340498
15	57.56720146753665
16	184.62968792056708
17	49.81063359442946
18	82.26605467263862
19	137.51223915936492
20	79.57347401632553
21	72.36955972754873
22	78.64198915670346
23	61.840009925029946
24	204.26019686132284
25	61.786908236723924
26	110.49271913064585
27	190.24753172803955
28	69.0190359834254
29	71.28193763252968
30	170.27297956168755
31	91.10176373482862
32	72.77497768387242
33	189.39714739637446
34	124.59606990185392
35	28.010788308950357
36	79.07945408688106
37	139.72812112907246
38	149.7481983847143
39	75.83111904913045
40	80.39564234791389
41	92.21907268507594
42	75.96082723824178
43	86.69174981162482
44	59.316658783245806
45	59.59967957448953
46	134.959815131098
47	65.30404192626459
48	109.0275474893959
49	85.20538031619635
50	109.62789849466702



height_matrix
0.0  43.145227422327764  -61.966458049192255  -69.76170445741755  -40.3402821803563  44.81462976670227  -96.28494107410219  31.39523894548367  -337.7246703249091  -34.36762518936908  25.794484451796905  50.1354295410992  18.146218695947056  -192.51245992049385  -236.17219867539526  18.44623282514388  -426.2724697604626  45.594220381019056  -67.99975339271302  -261.361399096255  -58.57572109561718  -33.3620210848984  -55.31552408693997  3.4914032239173594  -494.97925105310776  3.677259132988439  -166.79307899573834  -445.9349230866162  -21.635187980466725  -29.55534375233171  -376.0239905043842  -98.92473511037801  -34.78098393203132  -442.9585779257884  -216.15480669496654  121.89367888019592  -56.84665134256156  -269.11698599023146  -304.1872563849779  -45.47747871043444  -61.45331025617648  -102.83531643624363  -45.93145737232405  -83.48968637916468  12.323132220161853  11.332559450808816  -252.4279149973208  -8.632708780403902  -161.66497825136346  -78.28739314516505  -163.76620676981238  
-43.145227422327764  0.0  -105.11168547152002  -112.90693187974531  -83.48550960268406  1.6694023443745039  -139.43016849642996  -11.749988476844095  -380.8698977472369  -77.51285261169684  -17.35074297053086  6.990202118771435  -24.99900872638071  -235.65768734282162  -279.317426097723  -24.698994597183884  -469.41769718279045  2.448992958691292  -111.14498081504078  -304.50662651858283  -101.72094851794495  -76.50724850722617  -98.46075150926774  -39.653824198410405  -538.1244784754356  -39.467968289339325  -209.9383064180661  -489.08015050894403  -64.78041540279449  -72.70057117465947  -419.169217926712  -142.06996253270577  -77.92621135435908  -486.1038053481162  -259.30003411729433  78.74845145786816  -99.99187876488932  -312.2622134125593  -347.3324838073057  -88.6227061327622  -104.59853767850424  -145.9805438585714  -89.07668479465181  -126.63491380149244  -30.82209520216591  -31.812667971518948  -295.57314241964855  -51.77793620273167  -204.81020567369123  -121.43262056749282  -206.91143419214015  
61.966458049192255  105.11168547152002  0.0  -7.795246408225296  21.626175868835958  106.78108781589452  -34.31848302490994  93.36169699467592  -275.75821227571686  27.598832859823176  87.76094250098916  112.10188759029145  80.11267674513931  -130.5460018713016  -174.205740626203  80.41269087433614  -364.3060117112704  107.56067843021131  -6.033295343520763  -199.3949410470628  3.3907369535750718  28.604436964293853  6.650933962252282  65.45786127310961  -433.01279300391553  65.6437171821807  -104.82662094654609  -383.968465037424  40.33127006872553  32.411114296860546  -314.05753245519196  -36.958277061185754  27.185474117160936  -380.9921198765962  -154.18834864577428  183.86013692938818  5.119806706630698  -207.15052794103923  -242.22079833578567  16.488979338757815  0.5131477930157757  -40.868858387051375  16.035000676868208  -21.523228329972426  74.28959026935411  73.29901750000107  -190.46145694812856  53.33374926878835  -99.69852020217121  -16.3209350959728  -101.79974872062013  
69.76170445741755  112.90693187974531  7.795246408225296  0.0  29.421422277061254  114.57633422411982  -26.523236616684642  101.15694340290122  -267.96296586749156  35.39407926804847  95.55618890921446  119.89713399851675  87.9079231533646  -122.7507554630763  -166.4104942179777  88.20793728256143  -356.5107653030451  115.35592483843661  1.761951064704533  -191.5996946388375  11.185983361800368  36.39968337251915  14.446180370477578  73.25310768133491  -425.21754659569024  73.43896359040599  -97.03137453832079  -376.1732186291987  48.126516476950826  40.20636070508584  -306.26228604696666  -29.163030652960458  34.98072052538623  -373.1968734683709  -146.393102237549  191.65538333761347  12.915053114855993  -199.35528153281393  -234.42555192756038  24.28422574698311  8.308394201241072  -33.07361197882608  23.830247085093504  -13.72798192174713  82.0848366775794  81.09426390822637  -182.66621053990326  61.12899567701365  -91.90327379394591  -8.525688687747504  -94.00450231239483  
40.3402821803563  83.48550960268406  -21.626175868835958  -29.421422277061254  0.0  85.15491194705857  -55.944658893745896  71.73552112583997  -297.3843881445528  5.972656990987218  66.1347666321532  90.4757117214555  58.48650087630335  -152.17217774013756  -195.83191649503897  58.78651500550018  -385.93218758010636  85.93450256137535  -27.65947121235672  -221.02111691589874  -18.235438915260886  6.978261095457896  -14.975241906583676  43.83168540427366  -454.6389688727515  44.017541313344736  -126.45279681538204  -405.59464090625994  18.705094199889572  10.784938428024589  -335.6837083240279  -58.58445293002171  5.559298248324978  -402.61829574543214  -175.81452451461024  162.23396106055222  -16.50636916220526  -228.7767038098752  -263.84697420462163  -5.137196530078143  -21.113028075820182  -62.49503425588733  -5.59117519196775  -43.149404198808384  52.66341440051815  51.67284163116511  -212.08763281696451  31.707573399952395  -121.32469607100717  -37.94711096480876  -123.42592458945609  
-44.81462976670227  -1.6694023443745039  -106.78108781589452  -114.57633422411982  -85.15491194705857  0.0  -141.09957084080446  -13.419390821218599  -382.5393000916114  -79.18225495607135  -19.020145314905363  5.3207997743969315  -26.668411070755212  -237.32708968719612  -280.98682844209753  -26.368396941558387  -471.0870995271649  0.7795906143167883  -112.81438315941529  -306.1760288629573  -103.39035086231945  -78.17665085160067  -100.13015385364224  -41.32322654278491  -539.79388081981  -41.13737063371383  -211.6077087624406  -490.7495528533185  -66.44981774716899  -74.36997351903398  -420.8386202710865  -143.73936487708028  -79.59561369873359  -487.7732076924907  -260.9694364616688  77.07904911349365  -101.66128110926383  -313.93161575693375  -349.0018861516802  -90.29210847713671  -106.26794002287875  -147.6499462029459  -90.74608713902632  -128.30431614586695  -32.491497546540415  -33.48207031589345  -297.2425447640231  -53.44733854710617  -206.47960801806573  -123.10202291186732  -208.58083653651465  
96.28494107410219  139.43016849642996  34.31848302490994  26.523236616684642  55.944658893745896  141.09957084080446  0.0  127.68018001958586  -241.43972925080692  61.917315884733114  122.0794255258991  146.4203706152014  114.43115977004925  -96.22751884639166  -139.88725760129307  114.73117389924607  -329.98752868636046  141.87916145512125  28.285187681389175  -165.07645802215285  37.70921997848501  62.92291998920379  40.96941698716222  99.77634429801955  -398.6943099790056  99.96220020709063  -70.50813792163615  -349.64998201251404  74.64975309363547  66.72959732177048  -279.739049430282  -2.6397940362758163  61.503957142070874  -346.67363685168624  -119.86986562086435  218.1786199542981  39.438289731540635  -172.8320449161293  -207.90231531087574  50.80746236366775  34.83163081792571  -6.550375362141438  50.353483701778146  12.795254694937512  108.60807329426405  107.61750052491101  -156.14297392321862  87.65223229369829  -65.38003717726127  17.997547928937138  -67.48126569571019  
-31.39523894548367  11.749988476844095  -93.36169699467592  -101.15694340290122  -71.73552112583997  13.419390821218599  -127.68018001958586  0.0  -369.1199092703928  -65.76286413485275  -5.600754493686765  18.74019059561553  -13.249020249536613  -223.90769886597752  -267.56743762087893  -12.949006120339789  -457.6677087059463  14.198981435535387  -99.39499233819669  -292.7566380417387  -89.97096004110085  -64.75726003038207  -86.71076303242364  -27.90383572156631  -526.3744899985915  -27.71797981249523  -198.188317941222  -477.3301620320999  -53.030426925950394  -60.95058269781538  -407.4192294498679  -130.31997405586168  -66.17622287751499  -474.3538168712721  -247.5500456404502  90.49843993471225  -88.24189028804523  -300.51222493571515  -335.5824953304616  -76.87271765591811  -92.84854920166015  -134.2305553817273  -77.32669631780772  -114.88492532464835  -19.072106725321817  -20.062679494674853  -283.8231539428045  -40.02794772588757  -193.06021719684713  -109.68263209064872  -195.16144571529605  
337.7246703249091  380.8698977472369  275.75821227571686  267.96296586749156  297.3843881445528  382.5393000916114  241.43972925080692  369.1199092703928  0.0  303.35704513554003  363.51915477670605  387.86009986600834  355.87088902085617  145.21221040441526  101.55247164951385  356.170903150053  -88.54779943555354  383.3188907059282  269.7249169321961  76.36327122865407  279.14894922929193  304.3626492400107  282.40914623796914  341.21607354882644  -157.25458072819868  341.40192945789755  170.93159132917077  -108.21025276170712  316.0894823444424  308.1693265725774  -38.2993201794751  238.7999352145311  302.9436863928778  -105.23390760087932  121.56986362994257  459.618349205105  280.87801898234756  68.60768433467763  33.537413939931184  292.2471916144747  276.27136006873263  234.88935388866548  291.79321295258507  254.23498394574443  350.04780254507097  349.05722977571793  85.2967553275883  329.09196154450524  176.05969207354565  259.43727717974406  173.95846355509673  
34.36762518936908  77.51285261169684  -27.598832859823176  -35.39407926804847  -5.972656990987218  79.18225495607135  -61.917315884733114  65.76286413485275  -303.35704513554003  0.0  60.16210964116598  84.50305473046828  52.513843885316135  -158.14483473112477  -201.8045734860262  52.81385801451296  -391.9048445710936  79.96184557038814  -33.63212820334394  -226.99377390688596  -24.208095906248104  1.0056041044706774  -20.947898897570894  37.85902841328644  -460.6116258637387  38.04488432235752  -132.42545380636926  -411.56729789724716  12.732437208902354  4.81228143703737  -341.65636531501514  -64.55710992100893  -0.4133587426622398  -408.59095273641935  -181.78718150559746  156.261304069565  -22.47902615319248  -234.7493608008624  -269.81963119560885  -11.10985352106536  -27.0856850668074  -68.46769124687455  -11.563832182954968  -49.1220611897956  46.69075740953093  45.700184640177895  -218.06028980795173  25.734916408965177  -127.29735306199439  -43.919767955795976  -129.3985815804433  
-25.794484451796905  17.35074297053086  -87.76094250098916  -95.55618890921446  -66.1347666321532  19.020145314905363  -122.0794255258991  5.600754493686765  -363.51915477670605  -60.16210964116598  0.0  24.340945089302295  -7.648265755849849  -218.30694437229076  -261.96668312719214  -7.348251626653024  -452.0669542122596  19.79973592922215  -93.79423784450992  -287.155883548052  -84.37020554741409  -59.156505536695306  -81.11000853873688  -22.303081227879545  -520.7737355049047  -22.117225318808465  -192.58756344753525  -471.72940753841317  -47.42967243226363  -55.34982820412861  -401.81847495618115  -124.71921956217491  -60.57546838382822  -468.75306237758537  -241.94929114676344  96.09919442839902  -82.64113579435846  -294.9114704420284  -329.98174083677486  -71.27196316223134  -87.24779470797338  -128.62980088804053  -71.72594182412095  -109.28417083096159  -13.471352231635052  -14.461925000988089  -278.2223994491177  -34.42719323220081  -187.45946270316037  -104.08187759696196  -189.5606912216093  
-50.1354295410992  -6.990202118771435  -112.10188759029145  -119.89713399851675  -90.4757117214555  -5.3207997743969315  -146.4203706152014  -18.74019059561553  -387.86009986600834  -84.50305473046828  -24.340945089302295  0.0  -31.989210845152144  -242.64788946159305  -286.30762821649444  -31.68919671595532  -476.4078993015619  -4.541209160080143  -118.13518293381222  -311.49682863735427  -108.71115063671638  -83.4974506259976  -105.45095362803917  -46.64402631718184  -545.114680594207  -46.45817040811076  -216.92850853683754  -496.07035262771547  -71.77061752156592  -79.69077329343091  -426.15942004548344  -149.0601646514772  -84.91641347313052  -493.09400746688766  -266.29023623606577  71.75824933909672  -106.98208088366076  -319.2524155313307  -354.32268592607716  -95.61290825153364  -111.58873979727568  -152.97074597734283  -96.06688691342325  -133.62511592026388  -37.81229732093735  -38.802870090290384  -302.56334453842  -58.7681383215031  -211.80040779246266  -128.42282268626425  -213.90163631091158  
-18.146218695947056  24.99900872638071  -80.11267674513931  -87.9079231533646  -58.48650087630335  26.668411070755212  -114.43115977004925  13.249020249536613  -355.87088902085617  -52.513843885316135  7.648265755849849  31.989210845152144  0.0  -210.6586786164409  -254.31841737134232  0.3000141291968248  -444.4186884564097  27.448001685072  -86.14597208866007  -279.5076177922021  -76.72193979156424  -51.50823978084546  -73.46174278288703  -14.654815472029696  -513.1254697490549  -14.468959562958617  -184.9392976916854  -464.0811417825633  -39.78140667641378  -47.701562448278764  -394.17020920033127  -117.07095380632506  -52.927202627978374  -461.1047966217355  -234.3010253909136  103.74746018424887  -74.99287003850861  -287.26320468617854  -322.333475080925  -63.623697406381496  -79.59952895212353  -120.98153513219069  -64.0776760682711  -101.63590507511174  -5.823086475785203  -6.81365924513824  -270.57413369326787  -26.778927476350958  -179.81119694731052  -96.43361184111211  -181.91242546575944  
192.51245992049385  235.65768734282162  130.5460018713016  122.7507554630763  152.17217774013756  237.32708968719612  96.22751884639166  223.90769886597752  -145.21221040441526  158.14483473112477  218.30694437229076  242.64788946159305  210.6586786164409  0.0  -43.65973875490141  210.95869274563773  -233.7600098399688  238.1066803015129  124.51270652778084  -68.84893917576119  133.93673882487667  159.15043883559545  137.19693583355388  196.0038631444112  -302.46679113261393  196.1897190534823  25.719380924755512  -253.42246316612238  170.87727194002713  162.95711616816214  -183.51153058389036  93.58772481011584  157.73147598846253  -250.44611800529458  -23.642346774472685  314.40613880068975  135.6658085779323  -76.60452606973763  -111.67479646448407  147.0349812100594  131.05914966431737  89.67714348425022  146.5810025481698  109.02277354132917  204.8355921406557  203.84501937130267  -59.91545507682696  183.87975114008995  30.84748166913039  114.2250667753288  28.74625315068147  
236.17219867539526  279.317426097723  174.205740626203  166.4104942179777  195.83191649503897  280.98682844209753  139.88725760129307  267.56743762087893  -101.55247164951385  201.8045734860262  261.96668312719214  286.30762821649444  254.31841737134232  43.65973875490141  0.0  254.61843150053915  -190.1002710850674  281.7664190564143  168.17244528268225  -25.189200420859777  177.59647757977808  202.81017759049686  180.8566745884553  239.66360189931262  -258.8070523777125  239.8494578083837  69.37911967965692  -209.76272441122097  214.53701069492854  206.61685492306356  -139.85179182898895  137.24746356501726  201.39121474336395  -206.78637925039317  20.017391980428727  358.0658775555912  179.3255473328337  -32.94478731483622  -68.01505770958266  190.69471996496083  174.71888841921879  133.33688223915163  190.24074130307122  152.68251229623058  248.49533089555712  247.50475812620408  -16.255716321925547  227.53948989499136  74.5072204240318  157.8848055302302  72.40599190558288  
-18.44623282514388  24.698994597183884  -80.41269087433614  -88.20793728256143  -58.78651500550018  26.368396941558387  -114.73117389924607  12.949006120339789  -356.170903150053  -52.81385801451296  7.348251626653024  31.68919671595532  -0.3000141291968248  -210.95869274563773  -254.61843150053915  0.0  -444.71870258560654  27.147987555875176  -86.4459862178569  -279.8076319213989  -77.02195392076106  -51.80825391004228  -73.76175691208385  -14.954829601226521  -513.4254838782517  -14.768973692155441  -185.23931182088222  -464.3811559117601  -40.081420805610605  -48.00157657747559  -394.4702233295281  -117.37096793552189  -53.2272167571752  -461.4048107509323  -234.60103952011042  103.44744605505204  -75.29288416770544  -287.56321881537536  -322.6334892101218  -63.92371153557832  -79.89954308132036  -121.28154926138751  -64.37769019746793  -101.93591920430856  -6.123100604982028  -7.113673374335065  -270.8741478224647  -27.078941605547783  -180.11121107650735  -96.73362597030894  -182.21243959495627  
426.2724697604626  469.41769718279045  364.3060117112704  356.5107653030451  385.93218758010636  471.0870995271649  329.98752868636046  457.6677087059463  88.54779943555354  391.9048445710936  452.0669542122596  476.4078993015619  444.4186884564097  233.7600098399688  190.1002710850674  444.71870258560654  0.0  471.86669014148174  358.27271636774964  164.9110706642076  367.6967486648455  392.9104486755642  370.9569456735227  429.76387298438  -68.70678129264513  429.9497288934511  259.4793907647243  -19.66245332615358  404.63728177999593  396.71712600813095  50.24847925607844  327.34773465008465  391.49148582843134  -16.686108165325777  210.11766306549612  548.1661486406585  369.4258184179011  157.15548377023117  122.08521337548473  380.7949910500282  364.8191595042862  323.437153324219  380.3410123881386  342.782783381298  438.5956019806245  437.60502921127147  173.84455476314184  417.6397609800588  264.6074915090992  347.9850766152976  262.50626299065027  
-45.594220381019056  -2.448992958691292  -107.56067843021131  -115.35592483843661  -85.93450256137535  -0.7795906143167883  -141.87916145512125  -14.198981435535387  -383.3188907059282  -79.96184557038814  -19.79973592922215  4.541209160080143  -27.448001685072  -238.1066803015129  -281.7664190564143  -27.147987555875176  -471.86669014148174  0.0  -113.59397377373207  -306.9556194772741  -104.16994147663624  -78.95624146591746  -100.90974446795903  -42.1028171571017  -540.5734714341269  -41.91696124803062  -212.3872993767574  -491.5291434676353  -67.22940836148578  -75.14956413335076  -421.6182108854033  -144.51895549139707  -80.37520431305038  -488.5527983068075  -261.7490270759856  76.29945849917686  -102.44087172358061  -314.71120637125057  -349.781476765997  -91.0716990914535  -107.04753063719554  -148.4295368172627  -91.5256777533431  -129.08390676018374  -33.271088160857204  -34.26166093021024  -298.02213537833984  -54.22692916142296  -207.25919863238252  -123.88161352618411  -209.36042715083144  
67.99975339271302  111.14498081504078  6.033295343520763  -1.761951064704533  27.65947121235672  112.81438315941529  -28.285187681389175  99.39499233819669  -269.7249169321961  33.63212820334394  93.79423784450992  118.13518293381222  86.14597208866007  -124.51270652778084  -168.17244528268225  86.4459862178569  -358.27271636774964  113.59397377373207  0.0  -193.36164570354202  9.424032297095835  34.637732307814616  12.684229305773044  71.49115661663038  -426.97949766039477  71.67701252570146  -98.79332560302532  -377.9351696939032  46.36456541224629  38.44440964038131  -308.0242371116712  -30.92498171766499  33.2187694606817  -374.9588245330754  -148.15505330225352  189.89343227290894  11.15310205015146  -201.11723259751847  -236.1875029922649  22.522274682278578  6.5464431365365385  -34.83556304353061  22.06829602038897  -15.489932986451663  80.32288561287487  79.33231284352183  -184.4281616046078  59.367044612309115  -93.66522485865045  -10.287639752452037  -95.76645337709937  
261.361399096255  304.50662651858283  199.3949410470628  191.5996946388375  221.02111691589874  306.1760288629573  165.07645802215285  292.7566380417387  -76.36327122865407  226.99377390688596  287.155883548052  311.49682863735427  279.5076177922021  68.84893917576119  25.189200420859777  279.8076319213989  -164.9110706642076  306.9556194772741  193.36164570354202  0.0  202.78567800063786  227.99937801135664  206.04587500931507  264.8528023201724  -233.61785195685275  265.0386582292435  94.5683201005167  -184.5735239903612  239.72621111578832  231.80605534392333  -114.66259140812917  162.43666398587703  226.58041516422372  -181.5971788295334  45.2065924012885  383.25507797645093  204.51474775369348  -7.755586893976442  -42.82585728872289  215.8839203858206  199.90808884007856  158.5260826600114  215.429941723931  177.87171271709036  273.6845313164169  272.69395854706386  8.93348409893423  252.72869031585114  99.69642084489158  183.07400595109  97.59519232644266  
58.57572109561718  101.72094851794495  -3.3907369535750718  -11.185983361800368  18.235438915260886  103.39035086231945  -37.70921997848501  89.97096004110085  -279.14894922929193  24.208095906248104  84.37020554741409  108.71115063671638  76.72193979156424  -133.93673882487667  -177.59647757977808  77.02195392076106  -367.6967486648455  104.16994147663624  -9.424032297095835  -202.78567800063786  0.0  25.21370001071878  3.26019700867721  62.06712431953454  -436.4035299574906  62.25298022860562  -108.21735790012116  -387.35920199099905  36.94053311515046  29.020377343285475  -317.44826940876703  -40.349014014760826  23.794737163585864  -384.38285683017125  -157.57908559934936  180.4693999758131  1.7290697530556258  -210.5412648946143  -245.61153528936075  13.098242385182743  -2.877589160559296  -44.25959534062645  12.644263723293136  -24.913965283547498  70.89885331577904  69.908280546426  -193.85219390170363  49.94301231521328  -103.08925715574628  -19.71167204954787  -105.1904856741952  
33.3620210848984  76.50724850722617  -28.604436964293853  -36.39968337251915  -6.978261095457896  78.17665085160067  -62.92291998920379  64.75726003038207  -304.3626492400107  -1.0056041044706774  59.156505536695306  83.4974506259976  51.50823978084546  -159.15043883559545  -202.81017759049686  51.80825391004228  -392.9104486755642  78.95624146591746  -34.637732307814616  -227.99937801135664  -25.21370001071878  0.0  -21.953503002041572  36.85342430881576  -461.61722996820936  37.03928021788684  -133.43105791083994  -412.5729020017178  11.726833104431677  3.806677332566693  -342.6619694194858  -65.56271402547961  -1.4189628471329172  -409.59655684089  -182.79278561006814  155.25569996509432  -23.484630257663156  -235.75496490533308  -270.8252353000795  -12.115457625536038  -28.091289171278078  -69.47329535134523  -12.569436287425646  -50.12766529426628  45.685153305060254  44.69458053570722  -219.0658939124224  24.7293123044945  -128.30295716646506  -44.92537206026665  -130.40418568491398  
55.31552408693997  98.46075150926774  -6.650933962252282  -14.446180370477578  14.975241906583676  100.13015385364224  -40.96941698716222  86.71076303242364  -282.40914623796914  20.947898897570894  81.11000853873688  105.45095362803917  73.46174278288703  -137.19693583355388  -180.8566745884553  73.76175691208385  -370.9569456735227  100.90974446795903  -12.684229305773044  -206.04587500931507  -3.26019700867721  21.953503002041572  0.0  58.80692731085733  -439.6637269661678  58.99278321992841  -111.47755490879837  -390.61939899967626  33.68033610647325  25.760180334608265  -320.70846641744424  -43.609211023438036  20.534540154908655  -387.64305383884846  -160.83928260802656  177.2092029671359  -1.531127255621584  -213.8014619032915  -248.87173229803795  9.838045376505534  -6.137786169236506  -47.51979234930366  9.384066714615926  -28.174162292224707  67.63865630710183  66.64808353774879  -197.11239091038084  46.68281530653607  -106.34945416442349  -22.97186905822508  -108.45068268287241  
-3.4914032239173594  39.653824198410405  -65.45786127310961  -73.25310768133491  -43.83168540427366  41.32322654278491  -99.77634429801955  27.90383572156631  -341.21607354882644  -37.85902841328644  22.303081227879545  46.64402631718184  14.654815472029696  -196.0038631444112  -239.66360189931262  14.954829601226521  -429.76387298438  42.1028171571017  -71.49115661663038  -264.8528023201724  -62.06712431953454  -36.85342430881576  -58.80692731085733  0.0  -498.4706542770251  0.18585590907107985  -170.2844822196557  -449.42632631053357  -25.126591204384084  -33.04674697624907  -379.51539372830155  -102.41613833429537  -38.27238715594868  -446.44998114970576  -219.6462099188839  118.40227565627856  -60.33805456647892  -272.6083892141488  -307.67865960889526  -48.9688819343518  -64.94471348009384  -106.32671966016099  -49.42286059624141  -86.98108960308204  8.831728996244493  7.8411562268914565  -255.91931822123817  -12.124112004321262  -165.15638147528082  -81.77879636908241  -167.25760999372974  
494.97925105310776  538.1244784754356  433.01279300391553  425.21754659569024  454.6389688727515  539.79388081981  398.6943099790056  526.3744899985915  157.25458072819868  460.6116258637387  520.7737355049047  545.114680594207  513.1254697490549  302.46679113261393  258.8070523777125  513.4254838782517  68.70678129264513  540.5734714341269  426.97949766039477  233.61785195685275  436.4035299574906  461.61722996820936  439.6637269661678  498.4706542770251  0.0  498.6565101860962  328.18617205736945  49.04432796649155  473.34406307264106  465.4239073007761  118.95526054872357  396.0545159427298  460.19826712107647  52.020673127319355  278.82444435814125  616.8729299333037  438.13259971054623  225.8622650628763  190.79199466812986  449.50177234267335  433.5259407969313  392.14393461686416  449.04779368078374  411.4895646739431  507.30238327326964  506.3118105039166  242.55133605578698  486.3465422727039  333.3142728017443  416.69185790794273  331.2130442832954  
-3.677259132988439  39.467968289339325  -65.6437171821807  -73.43896359040599  -44.017541313344736  41.13737063371383  -99.96220020709063  27.71797981249523  -341.40192945789755  -38.04488432235752  22.117225318808465  46.45817040811076  14.468959562958617  -196.1897190534823  -239.8494578083837  14.768973692155441  -429.9497288934511  41.91696124803062  -71.67701252570146  -265.0386582292435  -62.25298022860562  -37.03928021788684  -58.99278321992841  -0.18585590907107985  -498.6565101860962  0.0  -170.47033812872678  -449.6121822196047  -25.312447113455164  -33.23260288532015  -379.70124963737265  -102.60199424336645  -38.45824306501976  -446.6358370587769  -219.83206582795498  118.21641974720748  -60.52391047555  -272.7942451232199  -307.86451551796637  -49.15473784342288  -65.13056938916492  -106.51257556923207  -49.608716505312486  -87.16694551215312  8.645873087173413  7.655300317820377  -256.10517413030925  -12.309967913392342  -165.3422373843519  -81.9646522781535  -167.44346590280082  
166.79307899573834  209.9383064180661  104.82662094654609  97.03137453832079  126.45279681538204  211.6077087624406  70.50813792163615  198.188317941222  -170.93159132917077  132.42545380636926  192.58756344753525  216.92850853683754  184.9392976916854  -25.719380924755512  -69.37911967965692  185.23931182088222  -259.4793907647243  212.3872993767574  98.79332560302532  -94.5683201005167  108.21735790012116  133.43105791083994  111.47755490879837  170.2844822196557  -328.18617205736945  170.47033812872678  0.0  -279.1418440908779  145.15789101527162  137.23773524340663  -209.23091150864587  67.86834388536033  132.01209506370702  -276.1654989300501  -49.3617276992282  288.6867578759343  109.94642765317678  -102.32390699449314  -137.3941773892396  121.3156002853039  105.33976873956186  63.95776255949471  120.8616216234143  83.30339261657366  179.1162112159002  178.12563844654716  -85.63483600158247  158.16037021533444  5.128100744374876  88.50568585057329  3.026872225925956  
445.9349230866162  489.08015050894403  383.968465037424  376.1732186291987  405.59464090625994  490.7495528533185  349.64998201251404  477.3301620320999  108.21025276170712  411.56729789724716  471.72940753841317  496.07035262771547  464.0811417825633  253.42246316612238  209.76272441122097  464.3811559117601  19.66245332615358  491.5291434676353  377.9351696939032  184.5735239903612  387.35920199099905  412.5729020017178  390.61939899967626  449.42632631053357  -49.04432796649155  449.6121822196047  279.1418440908779  0.0  424.2997351061495  416.37957933428453  69.91093258223202  347.0101879762382  411.1539391545849  2.9763451608278046  229.7801163916497  567.8286019668121  389.0882717440547  176.81793709638475  141.7476667016383  400.4574443761818  384.48161283043976  343.0996066503726  400.0034657142922  362.44523670745156  458.2580553067781  457.26748253742505  193.50700808929543  437.30221430621236  284.2699448352528  367.6475299414512  282.16871631680385  
21.635187980466725  64.78041540279449  -40.33127006872553  -48.126516476950826  -18.705094199889572  66.44981774716899  -74.64975309363547  53.030426925950394  -316.0894823444424  -12.732437208902354  47.42967243226363  71.77061752156592  39.78140667641378  -170.87727194002713  -214.53701069492854  40.081420805610605  -404.63728177999593  67.22940836148578  -46.36456541224629  -239.72621111578832  -36.94053311515046  -11.726833104431677  -33.68033610647325  25.126591204384084  -473.34406307264106  25.312447113455164  -145.15789101527162  -424.2997351061495  0.0  -7.920155771864984  -354.3888025239175  -77.28954712991128  -13.145795951564594  -421.3233899453217  -194.5196187144998  143.52886686066265  -35.21146336209483  -247.48179800976476  -282.5520684045112  -23.842290729967715  -39.818122275709754  -81.2001284557769  -24.296269391857322  -61.854498398697956  33.95832020062858  32.96774743127554  -230.7927270168541  13.002479200062822  -140.02979027089674  -56.65220516469833  -142.13101878934566  
29.55534375233171  72.70057117465947  -32.411114296860546  -40.20636070508584  -10.784938428024589  74.36997351903398  -66.72959732177048  60.95058269781538  -308.1693265725774  -4.81228143703737  55.34982820412861  79.69077329343091  47.701562448278764  -162.95711616816214  -206.61685492306356  48.00157657747559  -396.71712600813095  75.14956413335076  -38.44440964038131  -231.80605534392333  -29.020377343285475  -3.806677332566693  -25.760180334608265  33.04674697624907  -465.4239073007761  33.23260288532015  -137.23773524340663  -416.37957933428453  7.920155771864984  0.0  -346.4686467520525  -69.3693913580463  -5.22564017969961  -413.4032341734567  -186.59946294263483  151.44902263252763  -27.29130759022985  -239.56164223789978  -274.6319126326462  -15.922134958102731  -31.89796650384477  -73.27997268391192  -16.37611361999234  -53.93434262683297  41.87847597249356  40.887903203140525  -222.8725712449891  20.922634971927806  -132.10963449903176  -48.732049392833346  -134.21086301748068  
376.0239905043842  419.169217926712  314.05753245519196  306.26228604696666  335.6837083240279  420.8386202710865  279.739049430282  407.4192294498679  38.2993201794751  341.65636531501514  401.81847495618115  426.15942004548344  394.17020920033127  183.51153058389036  139.85179182898895  394.4702233295281  -50.24847925607844  421.6182108854033  308.0242371116712  114.66259140812917  317.44826940876703  342.6619694194858  320.70846641744424  379.51539372830155  -118.95526054872357  379.70124963737265  209.23091150864587  -69.91093258223202  354.3888025239175  346.4686467520525  0.0  277.0992553940062  341.2430065723529  -66.93458742140422  159.86918380941768  497.9176693845801  319.17733916182266  106.90700451415273  71.83673411940629  330.5465117939498  314.57068024820774  273.1886740681406  330.09253313206017  292.53430412521953  388.34712272454607  387.35654995519303  123.5960755070634  367.39128172398034  214.35901225302075  297.73659735921916  212.25778373457183  
98.92473511037801  142.06996253270577  36.958277061185754  29.163030652960458  58.58445293002171  143.73936487708028  2.6397940362758163  130.31997405586168  -238.7999352145311  64.55710992100893  124.71921956217491  149.0601646514772  117.07095380632506  -93.58772481011584  -137.24746356501726  117.37096793552189  -327.34773465008465  144.51895549139707  30.92498171766499  -162.43666398587703  40.349014014760826  65.56271402547961  43.609211023438036  102.41613833429537  -396.0545159427298  102.60199424336645  -67.86834388536033  -347.0101879762382  77.28954712991128  69.3693913580463  -277.0992553940062  0.0  64.14375117834669  -344.0338428154104  -117.23007158458853  220.81841399057393  42.07808376781645  -170.19225087985347  -205.26252127459992  53.44725639994357  37.47142485420153  -3.9105813258656212  52.99327773805396  15.435048731213328  111.24786733053986  110.25729456118682  -153.5031798869428  90.2920263299741  -62.740243140985456  20.637341965212954  -64.84147165943438  
34.78098393203132  77.92621135435908  -27.185474117160936  -34.98072052538623  -5.559298248324978  79.59561369873359  -61.503957142070874  66.17622287751499  -302.9436863928778  0.4133587426622398  60.57546838382822  84.91641347313052  52.927202627978374  -157.73147598846253  -201.39121474336395  53.2272167571752  -391.49148582843134  80.37520431305038  -33.2187694606817  -226.58041516422372  -23.794737163585864  1.4189628471329172  -20.534540154908655  38.27238715594868  -460.19826712107647  38.45824306501976  -132.01209506370702  -411.1539391545849  13.145795951564594  5.22564017969961  -341.2430065723529  -64.14375117834669  0.0  -408.1775939937571  -181.37382276293522  156.67466281222724  -22.06566741053024  -234.33600205820017  -269.4062724529466  -10.696494778403121  -26.67232632414516  -68.05433250421231  -11.150473440292728  -48.70870244713336  47.10411615219317  46.113543382840135  -217.6469310652895  26.148275151627416  -126.88399431933215  -43.506409213133736  -128.98522283778107  
442.9585779257884  486.1038053481162  380.9921198765962  373.1968734683709  402.61829574543214  487.7732076924907  346.67363685168624  474.3538168712721  105.23390760087932  408.59095273641935  468.75306237758537  493.09400746688766  461.1047966217355  250.44611800529458  206.78637925039317  461.4048107509323  16.686108165325777  488.5527983068075  374.9588245330754  181.5971788295334  384.38285683017125  409.59655684089  387.64305383884846  446.44998114970576  -52.020673127319355  446.6358370587769  276.1654989300501  -2.9763451608278046  421.3233899453217  413.4032341734567  66.93458742140422  344.0338428154104  408.1775939937571  0.0  226.8037712308219  564.8522568059843  386.1119265832269  173.84159193555695  138.7713215408105  397.481099215354  381.50526766961195  340.1232614895448  397.0271205534644  359.46889154662375  455.2817101459503  454.29113737659725  190.53066292846762  434.32586914538456  281.29359967442497  364.6711847806234  279.19237115597605  
216.15480669496654  259.30003411729433  154.18834864577428  146.393102237549  175.81452451461024  260.9694364616688  119.86986562086435  247.5500456404502  -121.56986362994257  181.78718150559746  241.94929114676344  266.29023623606577  234.3010253909136  23.642346774472685  -20.017391980428727  234.60103952011042  -210.11766306549612  261.7490270759856  148.15505330225352  -45.2065924012885  157.57908559934936  182.79278561006814  160.83928260802656  219.6462099188839  -278.82444435814125  219.83206582795498  49.3617276992282  -229.7801163916497  194.5196187144998  186.59946294263483  -159.86918380941768  117.23007158458853  181.37382276293522  -226.8037712308219  0.0  338.04848557516243  159.30815535240498  -52.962179295264946  -88.03244969001139  170.6773279845321  154.70149643879006  113.31949025872291  170.2233493226425  132.66512031580186  228.4779389151284  227.48736614577535  -36.273108302354274  207.52209791456264  54.48982844360307  137.86741354980148  52.38859992515415  
-121.89367888019592  -78.74845145786816  -183.86013692938818  -191.65538333761347  -162.23396106055222  -77.07904911349365  -218.1786199542981  -90.49843993471225  -459.618349205105  -156.261304069565  -96.09919442839902  -71.75824933909672  -103.74746018424887  -314.40613880068975  -358.0658775555912  -103.44744605505204  -548.1661486406585  -76.29945849917686  -189.89343227290894  -383.25507797645093  -180.4693999758131  -155.25569996509432  -177.2092029671359  -118.40227565627856  -616.8729299333037  -118.21641974720748  -288.6867578759343  -567.8286019668121  -143.52886686066265  -151.44902263252763  -497.9176693845801  -220.81841399057393  -156.67466281222724  -564.8522568059843  -338.04848557516243  0.0  -178.74033022275748  -391.0106648704274  -426.0809352651738  -167.37115759063036  -183.3469891363724  -224.72899531643955  -167.82513625251997  -205.3833652593606  -109.57054666003407  -110.5611194293871  -374.32159387751676  -130.52638766059982  -283.55865713155936  -200.18107202536098  -285.6598856500083  
56.84665134256156  99.99187876488932  -5.119806706630698  -12.915053114855993  16.50636916220526  101.66128110926383  -39.438289731540635  88.24189028804523  -280.87801898234756  22.47902615319248  82.64113579435846  106.98208088366076  74.99287003850861  -135.6658085779323  -179.3255473328337  75.29288416770544  -369.4258184179011  102.44087172358061  -11.15310205015146  -204.51474775369348  -1.7290697530556258  23.484630257663156  1.531127255621584  60.33805456647892  -438.13259971054623  60.52391047555  -109.94642765317678  -389.0882717440547  35.21146336209483  27.29130759022985  -319.17733916182266  -42.07808376781645  22.06566741053024  -386.1119265832269  -159.30815535240498  178.74033022275748  0.0  -212.27033464766993  -247.34060504241637  11.369172632127118  -4.606658913614922  -45.98866509368207  10.91519397023751  -26.643035036603123  69.16978356272341  68.17921079337037  -195.58126365475925  48.213942562157655  -104.81832690880191  -21.440741802603497  -106.91955542725083  
269.11698599023146  312.2622134125593  207.15052794103923  199.35528153281393  228.7767038098752  313.93161575693375  172.8320449161293  300.51222493571515  -68.60768433467763  234.7493608008624  294.9114704420284  319.2524155313307  287.26320468617854  76.60452606973763  32.94478731483622  287.56321881537536  -157.15548377023117  314.71120637125057  201.11723259751847  7.755586893976442  210.5412648946143  235.75496490533308  213.8014619032915  272.6083892141488  -225.8622650628763  272.7942451232199  102.32390699449314  -176.81793709638475  247.48179800976476  239.56164223789978  -106.90700451415273  170.19225087985347  234.33600205820017  -173.84159193555695  52.962179295264946  391.0106648704274  212.27033464766993  0.0  -35.070270394746444  223.63950727979704  207.663675734055  166.28166955398785  223.18552861790744  185.6272996110668  281.44011821039334  280.4495454410403  16.689070992910672  260.4842772098276  107.45200773886802  190.82959284506643  105.3507792204191  
