Height_Data

node	height
0	63.378085784436095
1	86.08926246766913
2	78.02454044658214
3	63.98701615810077
4	111.09641451730255
5	68.49449948168264
6	81.69899560326371
7	251.28882526448285
8	142.9515689215388
9	48.812394726814766
10	20.122030111476587
11	16.633215369724216
12	55.895500890195784
13	103.53729544021508
14	174.31963753206753
15	165.50028574036
16	116.96593781895683
17	271.25611214167145
18	70.92280592387964
19	60.44441253538149
20	175.17921602639322
21	122.71524544677024
22	63.52288207728693
23	43.04380455383311
24	62.880771106855846
25	197.3764598481726
26	166.84616899058383
27	303.83813598565496
28	41.14277513161385
29	292.0454601238447
30	52.05281897493792
31	31.253114950607003
32	44.134796829875626
33	78.17055623242615
34	65.20442428244361
35	80.64571314737302
36	59.5400059299884
37	38.26496393842298
38	86.38416906685787
39	312.8729208426326
40	73.88283471080085
41	67.67866636411536
42	25.59443498794862
43	72.34248243304071
44	33.01909605813144
45	194.63622719806924
46	90.42110960025727
47	276.70669492043965
48	141.84225384369486
49	37.22166167391792
50	64.07163993388839



height_matrix
0.0  -45.42235336646607  -29.292909324292083  -1.217860747329354  -95.4366574657329  -10.232827394493086  -36.64181963765523  -375.8214789600935  -159.14696627420543  29.13138211524266  86.51211134591901  93.48974082942377  14.965169788480623  -80.31841931155796  -221.88310349526287  -204.2443999118478  -107.17570406904147  -415.7560527144707  -15.089440278887082  5.867346498109214  -223.60226048391425  -118.67431932466829  -0.28959258570166924  40.668562461205966  0.9946293551604981  -267.996748127473  -206.93616641229548  -480.9201004024377  44.470621305644485  -457.33474867881716  22.65053361899635  64.24994166765819  38.48657790912094  -29.58494089598011  -3.652676996015032  -34.53525472587384  7.6761597088953835  50.22624369202623  -46.01216656484354  -498.989670116393  -21.00949785272951  -8.601161159358526  75.56730159297496  -17.92879329720924  60.71797945260931  -262.5162828272663  -54.086047631642344  -426.65721827200707  -156.92833611851754  52.31284822103635  -1.387108298904593  
45.42235336646607  0.0  16.129444042173986  44.204492619136715  -50.01430409926684  35.189525971972984  8.780533728810838  -330.39912559362745  -113.72461290773936  74.55373548170873  131.93446471238508  138.91209419588984  60.38752315494669  -34.89606594509189  -176.4607501287968  -158.82204654538174  -61.7533507025754  -370.33369934800464  30.332913087578987  51.28969986457528  -178.17990711744818  -73.25196595820222  45.1327607807644  86.09091582767203  46.41698272162657  -222.57439476100694  -161.5138130458294  -435.49774703597166  89.89297467211055  -411.9123953123511  68.07288698546242  109.67229503412426  83.90893127558701  15.837412470485958  41.76967637045104  10.887098640592228  53.09851307536145  95.6485970584923  -0.5898131983774704  -453.56731674992693  24.41285551373656  36.82119220710754  120.98965495944103  27.49356006925683  106.14033281907538  -217.0939294608002  -8.663694265176275  -381.23486490554103  -111.50598275205147  97.73520158750242  44.035245067561476  
29.292909324292083  -16.129444042173986  0.0  28.07504857696273  -66.14374814144082  19.060081929798997  -7.348910313363149  -346.52856963580143  -129.85405694991334  58.42429143953474  115.80502067021109  122.78265015371585  44.258079112772705  -51.02550998726588  -192.5901941709708  -174.95149058755572  -77.88279474474939  -386.46314339017863  14.203469045405  35.1602558224013  -194.30935115962217  -89.3814100003762  29.003316738590414  69.96147178549805  30.28753867945258  -238.70383880318093  -177.6432570880034  -451.62719107814564  73.76353062993657  -428.0418393545251  51.94344294328843  93.54285099195027  67.77948723341302  -0.2920315716880282  25.64023232827705  -5.242345401581758  36.969069033187466  79.51915301631831  -16.719257240551457  -469.6967607921009  8.283411471562573  20.691748164933557  104.86021091726704  11.364116027082844  90.0108887769014  -233.2233735029742  -24.79313830735026  -397.364308947715  -127.63542679422545  81.60575754532843  27.90580102538749  
1.217860747329354  -44.204492619136715  -28.07504857696273  0.0  -94.21879671840355  -9.014966647163732  -35.42395889032588  -374.60361821276416  -157.92910552687607  30.349242862572012  87.72997209324836  94.70760157675312  16.183030535809976  -79.1005585642286  -220.66524274793352  -203.02653916451845  -105.95784332171212  -414.53819196714136  -13.871579531557728  7.085207245438568  -222.3843997365849  -117.45645857733894  0.9282681616276847  41.88642320853532  2.212490102489852  -266.77888738014366  -205.71830566496612  -479.7022396551084  45.68848205297384  -456.11688793148784  23.868394366325703  65.46780241498755  39.70443865645029  -28.367080148650757  -2.434816248685678  -33.31739397854449  8.894020456224737  51.444104439355584  -44.794305817514186  -497.77180936906365  -19.791637105400156  -7.383300412029172  76.78516234030431  -16.710932549879885  61.93584019993867  -261.2984220799369  -52.86818688431299  -425.43935752467775  -155.71047537118818  53.5307089683657  -0.16924755157523919  
95.4366574657329  50.01430409926684  66.14374814144082  94.21879671840355  0.0  85.20383007123982  58.794837828077675  -280.3848214943606  -63.71030880847252  124.56803958097557  181.94876881165192  188.92639829515667  110.40182725421353  15.118238154174946  -126.44644602952997  -108.8077424461149  -11.739046603308566  -320.3193952487378  80.34721718684582  101.30400396384212  -128.16560301818134  -23.237661858935382  95.14706488003124  136.10521992693887  96.4312868208934  -172.5600906617401  -111.49950894656257  -385.4834429367048  139.90727877137738  -361.8980912130843  118.08719108472926  159.6865991333911  133.92323537485385  65.8517165697528  91.78398046971787  60.901402739859066  103.11281717462829  145.66290115775914  49.42449090088937  -403.5530126506601  74.4271596130034  86.83549630637438  171.00395905870786  77.50786416852367  156.15463691834222  -167.07962536153337  41.35060983409056  -331.2205608062742  -61.49167865278463  147.74950568676925  94.04954916682831  
10.232827394493086  -35.189525971972984  -19.060081929798997  9.014966647163732  -85.20383007123982  0.0  -26.408992243162146  -365.58865156560046  -148.91413887971234  39.364209509735744  96.7449387404121  103.72256822391685  25.197997182973708  -70.08559191706487  -211.6502761007698  -194.01157251735472  -96.94287667454839  -405.52322531997766  -4.856612884393996  16.1001738926023  -213.36943308942116  -108.4414919301752  9.943234808791416  50.90138985569905  11.227456749653584  -257.76392073297995  -196.7033390178024  -470.68727300794467  54.70344870013757  -447.10192128432413  32.883361013489434  74.48276906215128  48.719405303614025  -19.352113501487025  6.580150398478054  -24.302427331380756  17.90898710338847  60.459071086519316  -35.779339170350454  -488.75684272189994  -10.776670458236424  1.6316662351345599  85.80012898746804  -7.6959659027161536  70.9508068471024  -252.2834554327732  -43.85322023714926  -416.42439087751404  -146.69550872402445  62.54567561552943  8.845719095588493  
36.64181963765523  -8.780533728810838  7.348910313363149  35.42395889032588  -58.794837828077675  26.408992243162146  0.0  -339.1796593224383  -122.5051466365502  65.77320175289789  123.15393098357424  130.131560467079  51.606989426135854  -43.67659967390273  -185.24128385760764  -167.60258027419258  -70.53388443138624  -379.1142330768155  21.55237935876815  42.509166135764445  -186.96044084625902  -82.03249968701306  36.35222705195356  77.3103820988612  37.63644899281573  -231.35492848981778  -170.29434677464025  -444.2782807647825  81.11244094329972  -420.69292904116196  59.29235325665158  100.89176130531342  75.12839754677617  7.056878741675121  32.9891426416402  2.1065649117813905  44.317979346550615  86.86806332968146  -9.370346927188308  -462.34785047873777  15.632321784925722  28.040658478296706  112.20912123063019  18.713026340445992  97.35979909026454  -225.87446318961105  -17.444227993987113  -390.01539863435187  -120.2865164808623  88.95466785869158  35.25471133875064  
375.8214789600935  330.39912559362745  346.52856963580143  374.60361821276416  280.3848214943606  365.58865156560046  339.1796593224383  0.0  216.6745126858881  404.95286107533616  462.3335903060125  469.3112197895173  390.7866487485741  295.50305964853555  153.93837546483064  171.5770790482457  268.64577489105204  -39.9345737543772  360.7320386812064  381.6888254582027  152.21921847617926  257.1471596354252  375.53188637439183  416.49004142129945  376.81610831525404  107.8247308326205  168.88531254779804  -105.09862144234421  420.292100265738  -81.51326971872368  398.4720125790899  440.0714206277517  414.30805686921445  346.2365380641134  372.1688019640785  341.2862242342197  383.4976386689889  426.0477226521198  329.80931239525  -123.16819115629949  354.811981107364  367.22031780073496  451.38878055306844  357.8926856628843  436.53945841270286  113.30519613282723  321.73543132845117  -50.835739311913585  218.89314284157598  428.13432718112983  374.43437066118895  
159.14696627420543  113.72461290773936  129.85405694991334  157.92910552687607  63.71030880847252  148.91413887971234  122.5051466365502  -216.6745126858881  0.0  188.27834838944807  245.65907762012444  252.6367071036292  174.11213606268603  78.82854696264747  -62.73613722105745  -45.09743363764238  51.97126220516395  -256.6090864402653  144.05752599531834  165.01431277231464  -64.45529420970882  40.472646949537136  158.85737368850374  199.8155287354114  160.14159562936592  -108.84978185326759  -47.78920013809005  -321.7731341282323  203.6175875798499  -298.18778240461177  181.79749989320177  223.39690794186362  197.63354418332636  129.56202537822531  155.4942892781904  124.61171154833158  166.8231259831008  209.37320996623166  113.13479970936189  -339.8427038421876  138.13746842147592  150.5458051148469  234.71426786718038  141.2181729769962  219.86494572681474  -103.36931655306086  105.06091864256308  -267.5102519978017  2.2186301556878902  211.45981449524177  157.75985797530083  
-29.13138211524266  -74.55373548170873  -58.42429143953474  -30.349242862572012  -124.56803958097557  -39.364209509735744  -65.77320175289789  -404.95286107533616  -188.27834838944807  0.0  57.38072923067636  64.3583587141811  -14.166212326762036  -109.44980142680062  -251.01448561050552  -233.37578202709045  -136.30708618428412  -444.88743482971336  -44.22082239412974  -23.264035617133445  -252.7336425991569  -147.80570143991093  -29.420974700944328  11.537180345963307  -28.13675276008216  -297.12813024271566  -236.06754852753812  -510.05148251768037  15.339239190401827  -486.46613079405984  -6.48084849624631  35.118559552415526  9.35519579387828  -58.71632301122277  -32.78405911125769  -63.6666368411165  -21.455222406347275  21.094861576783572  -75.1435486800862  -528.1210522316356  -50.14087996797217  -37.732543274601184  46.43591947773229  -47.0601754124519  31.586597337366655  -291.6476649425089  -83.217429746885  -455.78860038724974  -186.05971823376018  23.18146610579369  -30.51849041414725  
-86.51211134591901  -131.93446471238508  -115.80502067021109  -87.72997209324836  -181.94876881165192  -96.7449387404121  -123.15393098357424  -462.3335903060125  -245.65907762012444  -57.38072923067636  0.0  6.977629483504742  -71.5469415574384  -166.83053065747697  -308.3952148411819  -290.7565112577668  -193.68781541496048  -502.2681640603897  -101.60155162480609  -80.6447648478098  -310.11437182983326  -205.1864306705873  -86.8017039316207  -45.84354888471305  -85.51748199075851  -354.508859473392  -293.4482777582145  -567.4322117483567  -42.04149004027453  -543.8468600247362  -63.86157772692267  -22.262169678260832  -48.02553343679808  -116.09705224189912  -90.16478834193404  -121.04736607179285  -78.83595163702364  -36.28586765389279  -132.52427791076255  -585.501781462312  -107.52160919864852  -95.11327250527754  -10.944809752944067  -104.44090464312825  -25.794131893309704  -349.0283941731853  -140.59815897756135  -513.1693296179261  -243.44044746443655  -34.19926312488267  -87.8992196448236  
-93.48974082942377  -138.91209419588984  -122.78265015371585  -94.70760157675312  -188.92639829515667  -103.72256822391685  -130.131560467079  -469.3112197895173  -252.6367071036292  -64.3583587141811  -6.977629483504742  0.0  -78.52457104094313  -173.80816014098173  -315.37284432468664  -297.7341407412716  -200.66544489846524  -509.2457935438945  -108.57918110831085  -87.62239433131455  -317.092001313338  -212.16406015409206  -93.77933341512542  -52.821178368217794  -92.49511147426327  -361.4864889568968  -300.42590724171924  -574.4098412318615  -49.019119523779274  -550.824489508241  -70.83920721042742  -29.239799161765575  -55.00316292030282  -123.07468172540388  -97.1424178254388  -128.0249955552976  -85.81358112052837  -43.26349713739753  -139.5019073942673  -592.4794109458168  -114.49923868215328  -102.09090198878229  -17.92243923644881  -111.418534126633  -32.771761376814446  -356.00602365669005  -147.5757884610661  -520.1469591014309  -250.4180769479413  -41.17689260838741  -94.87684912832836  
-14.965169788480623  -60.38752315494669  -44.258079112772705  -16.183030535809976  -110.40182725421353  -25.197997182973708  -51.606989426135854  -390.7866487485741  -174.11213606268603  14.166212326762036  71.5469415574384  78.52457104094313  0.0  -95.28358910003858  -236.84827328374348  -219.20956970032842  -122.1408738575221  -430.7212225029513  -30.054610067367705  -9.097823290371409  -238.56743027239486  -133.6394891131489  -15.254762374182292  25.703392672725343  -13.970540433320124  -282.9619179159536  -221.9013362007761  -495.88527019091833  29.505451517163863  -472.2999184672978  7.685363830515726  49.28477187917756  23.521408120640316  -44.55011068446073  -18.617846784495654  -49.500424514354464  -7.289010079585239  35.26107390354561  -60.97733635332416  -513.9548399048737  -35.97466764121013  -23.56633094783915  60.60213180449433  -32.89396308568986  45.75280966412869  -277.4814526157469  -69.05121742012297  -441.6223880604877  -171.89350590699814  37.347678432555725  -16.352278087385216  
80.31841931155796  34.89606594509189  51.02550998726588  79.1005585642286  -15.118238154174946  70.08559191706487  43.67659967390273  -295.50305964853555  -78.82854696264747  109.44980142680062  166.83053065747697  173.80816014098173  95.28358910003858  0.0  -141.5646841837049  -123.92598060028985  -26.857284757483512  -335.43763340291275  65.22897903267088  86.18576580966717  -143.2838411723563  -38.35590001311033  80.02882672585629  120.98698177276393  81.31304866671846  -187.67832881591505  -126.61774710073752  -400.60168109087977  124.78904061720245  -377.01632936725923  102.96895293055431  144.56836097921615  118.8049972206789  50.73347841557785  76.66574231554293  45.78316458568412  87.99457902045334  130.5446630035842  34.30625274671442  -418.67125080483504  59.30892145882845  71.71725815219943  155.88572090453292  62.38962601434872  141.03639876416727  -182.19786351570832  26.232371679915616  -346.33879896044914  -76.60991680695957  132.6312675325943  78.93131101265337  
221.88310349526287  176.4607501287968  192.5901941709708  220.66524274793352  126.44644602952997  211.6502761007698  185.24128385760764  -153.93837546483064  62.73613722105745  251.01448561050552  308.3952148411819  315.37284432468664  236.84827328374348  141.5646841837049  0.0  17.638703583415065  114.7073994262214  -193.87294921920784  206.7936632163758  227.7504499933721  -1.7191569886513776  103.20878417059458  221.5935109095612  262.5516659564688  222.87773285042337  -46.11364463221014  14.946937082967395  -259.03699690717485  266.35372480090734  -235.45164518355432  244.53363711425922  286.13304516292106  260.3696814043838  192.29816259928276  218.23042649924784  187.34784876938903  229.55926320415824  272.10934718728913  175.87093693041933  -277.1065666211301  200.87360564253336  213.28194233590435  297.4504050882378  203.95431019805363  282.6010829478722  -40.63317933200341  167.79705586362053  -204.77411477674423  64.95476737674534  274.1959517162992  220.49599519635828  
204.2443999118478  158.82204654538174  174.95149058755572  203.02653916451845  108.8077424461149  194.01157251735472  167.60258027419258  -171.5770790482457  45.09743363764238  233.37578202709045  290.7565112577668  297.7341407412716  219.20956970032842  123.92598060028985  -17.638703583415065  0.0  97.06869584280633  -211.5116528026229  189.15495963296073  210.11174640995702  -19.357860572066443  85.57008058717952  203.95480732614612  244.91296237305377  205.2390292670083  -63.752348215625204  -2.6917665004476703  -276.6757004905899  248.71502121749228  -253.09034876696938  226.89493353084416  268.494341579506  242.73097782096875  174.6594590158677  200.59172291583278  169.70914518597397  211.92055962074318  254.47064360387404  158.23223334700427  -294.7452702045452  183.2349020591183  195.64323875248928  279.81170150482274  186.31560661463857  264.9623793644571  -58.27188291541847  150.15835228020546  -222.4128183601593  47.31606379333027  256.5572481328842  202.85729161294321  
107.17570406904147  61.7533507025754  77.88279474474939  105.95784332171212  11.739046603308566  96.94287667454839  70.53388443138624  -268.64577489105204  -51.97126220516395  136.30708618428412  193.68781541496048  200.66544489846524  122.1408738575221  26.857284757483512  -114.7073994262214  -97.06869584280633  0.0  -308.58034864542924  92.08626379015439  113.04305056715069  -116.42655641487278  -11.498615255626817  106.8861114833398  147.84426653024744  108.17033342420197  -160.82104405843154  -99.760462343254  -373.74439633339625  151.64632537468594  -350.1590446097757  129.82623768803782  171.42564573669966  145.6622819781624  77.59076317306136  103.52302707302644  72.64044934316763  114.85186377793686  157.4019477610677  61.16353750419793  -391.8139660473515  86.16620621631196  98.57454290968295  182.74300566201643  89.24691077183223  167.8936835216508  -155.3405787582248  53.08965643739913  -319.4815142029656  -49.75263204947606  159.48855229007782  105.78859577013688  
415.7560527144707  370.33369934800464  386.46314339017863  414.53819196714136  320.3193952487378  405.52322531997766  379.1142330768155  39.9345737543772  256.6090864402653  444.88743482971336  502.2681640603897  509.2457935438945  430.7212225029513  335.43763340291275  193.87294921920784  211.5116528026229  308.58034864542924  0.0  400.6666124355836  421.6233992125799  192.15379223055646  297.0817333898024  415.46646012876903  456.42461517567665  416.75068206963124  147.7593045869977  208.81988630217523  -65.16404768796701  460.2266740201152  -41.57869596434648  438.4065863334671  480.0059943821289  454.24263062359165  386.1711118184906  412.1033757184557  381.22079798859687  423.4322124233661  465.98229640649697  369.7438861496272  -83.23361740192229  394.7465548617412  407.15489155511216  491.32335430744564  397.8272594172615  476.47403216708005  153.23976988720443  361.67000508282837  -10.901165557536387  258.8277165959532  468.06890093550703  414.36894441556615  
15.089440278887082  -30.332913087578987  -14.203469045405  13.871579531557728  -80.34721718684582  4.856612884393996  -21.55237935876815  -360.7320386812064  -144.05752599531834  44.22082239412974  101.60155162480609  108.57918110831085  30.054610067367705  -65.22897903267088  -206.7936632163758  -189.15495963296073  -92.08626379015439  -400.6666124355836  0.0  20.956786776996296  -208.51282020502717  -103.58487904578121  14.799847693185413  55.75800274009305  16.08406963404758  -252.90730784858593  -191.8467261334084  -465.8306601235506  59.56006158453157  -442.2453083999301  37.73997389788343  79.33938194654527  53.57601818800802  -14.495500617093029  11.43676328287205  -19.44581444698676  22.765599987782466  65.31568397091331  -30.922726285956458  -483.9002298375059  -5.920057573842428  6.488279119528556  90.65674187186204  -2.839353018322157  75.8074197314964  -247.4268425483792  -38.99660735275526  -411.56777799312  -141.83889583963045  67.40228849992343  13.702331979982489  
-5.867346498109214  -51.28969986457528  -35.1602558224013  -7.085207245438568  -101.30400396384212  -16.1001738926023  -42.509166135764445  -381.6888254582027  -165.01431277231464  23.264035617133445  80.6447648478098  87.62239433131455  9.097823290371409  -86.18576580966717  -227.7504499933721  -210.11174640995702  -113.04305056715069  -421.6233992125799  -20.956786776996296  0.0  -229.46960698202346  -124.5416658227775  -6.156939083810883  34.80121596309675  -4.872717142948716  -273.8640946255822  -212.8035129104047  -486.7874469005469  38.60327480753527  -463.2020951769264  16.783187120887135  58.38259516954897  32.619231411011725  -35.452287394089325  -9.520023494124246  -40.402601223983055  1.8088132107861696  44.35889719391702  -51.87951306295275  -504.8570166145022  -26.876844350838724  -14.46850765746774  69.69995509486574  -23.796139795318453  54.8506329545001  -268.3836293253755  -59.95339412975156  -432.5245647701163  -162.79568261662675  46.44550172292713  -7.254454797013807  
223.60226048391425  178.17990711744818  194.30935115962217  222.3843997365849  128.16560301818134  213.36943308942116  186.96044084625902  -152.21921847617926  64.45529420970882  252.7336425991569  310.11437182983326  317.092001313338  238.56743027239486  143.2838411723563  1.7191569886513776  19.357860572066443  116.42655641487278  -192.15379223055646  208.51282020502717  229.46960698202346  0.0  104.92794115924596  223.31266789821257  264.27082294512024  224.59688983907475  -44.39448764355876  16.666094071618772  -257.3178399185235  268.0728817895587  -233.73248819490294  246.2527941029106  287.85220215157244  262.0888383930352  194.01731958793414  219.94958348789922  189.0670057580404  231.27842019280962  273.82850417594045  177.5900939190707  -275.38740963247875  202.59276263118474  215.00109932455572  299.1695620768892  205.673467186705  284.32023993652354  -38.91402234335203  169.5162128522719  -203.05495778809285  66.67392436539672  275.9151087049506  222.21515218500966  
118.67431932466829  73.25196595820222  89.3814100003762  117.45645857733894  23.237661858935382  108.4414919301752  82.03249968701306  -257.1471596354252  -40.472646949537136  147.80570143991093  205.1864306705873  212.16406015409206  133.6394891131489  38.35590001311033  -103.20878417059458  -85.57008058717952  11.498615255626817  -297.0817333898024  103.58487904578121  124.5416658227775  -104.92794115924596  0.0  118.38472673896662  159.34288178587425  119.66894867982879  -149.32242880280472  -88.26184708762719  -362.24578107776944  163.14494063031276  -338.6604293541489  141.32485294366464  182.92426099232648  157.16089723378923  89.08937842868818  115.02164232865326  84.13906459879445  126.35047903356367  168.90056301669452  72.66215275982475  -380.3153507917247  97.66482147193878  110.07315816530976  194.24162091764325  100.74552602745905  179.3922987772776  -143.841963502598  64.58827169302594  -307.9828989473388  -38.254016793849246  170.98716754570464  117.2872110257637  
0.28959258570166924  -45.1327607807644  -29.003316738590414  -0.9282681616276847  -95.14706488003124  -9.943234808791416  -36.35222705195356  -375.53188637439183  -158.85737368850374  29.420974700944328  86.8017039316207  93.77933341512542  15.254762374182292  -80.02882672585629  -221.5935109095612  -203.95480732614612  -106.8861114833398  -415.46646012876903  -14.799847693185413  6.156939083810883  -223.31266789821257  -118.38472673896662  0.0  40.958155046907635  1.2842219408621673  -267.70715554177133  -206.6465738265938  -480.63050781673604  44.760213891346154  -457.0451560931155  22.940126204698018  64.53953425335985  38.77617049482261  -29.29534831027844  -3.3630844103133626  -34.24566214017217  7.965752294597053  50.5158362777279  -45.72257397914187  -498.7000775306913  -20.71990526702784  -8.311568573656857  75.85689417867661  -17.63920071150757  61.00757203831098  -262.2266902415646  -53.796455045940675  -426.3676256863054  -156.63874353281585  52.60244080673802  -1.0975157132029238  
-40.668562461205966  -86.09091582767203  -69.96147178549805  -41.88642320853532  -136.10521992693887  -50.90138985569905  -77.3103820988612  -416.49004142129945  -199.8155287354114  -11.537180345963307  45.84354888471305  52.821178368217794  -25.703392672725343  -120.98698177276393  -262.5516659564688  -244.91296237305377  -147.84426653024744  -456.42461517567665  -55.75800274009305  -34.80121596309675  -264.27082294512024  -159.34288178587425  -40.958155046907635  0.0  -39.67393310604547  -308.66531058867895  -247.60472887350144  -521.5886628636437  3.8020588444385197  -498.00331114002313  -18.018028842209617  23.58137920645222  -2.1819845520850265  -70.25350335718608  -44.321239457221  -75.2038171870798  -32.99240275231058  9.557681230820265  -86.6807290260495  -539.6582325775989  -61.678060313935475  -49.26972362056449  34.898739131768984  -58.597355758415205  20.049416991403348  -303.1848452884723  -94.75461009284831  -467.32578073321304  -197.5968985797235  11.644285759830382  -42.05567076011056  
-0.9946293551604981  -46.41698272162657  -30.28753867945258  -2.212490102489852  -96.4312868208934  -11.227456749653584  -37.63644899281573  -376.81610831525404  -160.14159562936592  28.13675276008216  85.51748199075851  92.49511147426327  13.970540433320124  -81.31304866671846  -222.87773285042337  -205.2390292670083  -108.17033342420197  -416.75068206963124  -16.08406963404758  4.872717142948716  -224.59688983907475  -119.66894867982879  -1.2842219408621673  39.67393310604547  0.0  -268.99137748263354  -207.93079576745598  -481.91472975759825  43.47599195048399  -458.3293780339777  21.65590426383585  63.255312312497686  37.49194855396044  -30.57957025114061  -4.64730635117553  -35.52988408103434  6.681530353734885  49.23161433686573  -47.00679592000404  -499.9842994715535  -22.004127207890008  -9.595790514519024  74.57267223781446  -18.923422652369737  59.723350097448815  -263.51091218242675  -55.08067698680284  -427.6518476271676  -157.92296547367803  51.31821886587585  -2.381737654065091  
267.996748127473  222.57439476100694  238.70383880318093  266.77888738014366  172.5600906617401  257.76392073297995  231.35492848981778  -107.8247308326205  108.84978185326759  297.12813024271566  354.508859473392  361.4864889568968  282.9619179159536  187.67832881591505  46.11364463221014  63.752348215625204  160.82104405843154  -147.7593045869977  252.90730784858593  273.8640946255822  44.39448764355876  149.32242880280472  267.70715554177133  308.66531058867895  268.99137748263354  0.0  61.060581715177534  -212.9233522749647  312.4673694331175  -189.33800055134418  290.6472817464694  332.2466897951312  306.48332603659395  238.4118072314929  264.344071131458  233.46149340159917  275.6729078363684  318.22299181949927  221.98458156262947  -230.99292198892  246.9872502747435  259.39558696811446  343.56404972044794  250.06795483026377  328.71472758008235  5.480465300206731  213.91070049583067  -158.6604701445341  111.06841200895548  320.30959634850933  266.60963982856845  
206.93616641229548  161.5138130458294  177.6432570880034  205.71830566496612  111.49950894656257  196.7033390178024  170.29434677464025  -168.88531254779804  47.78920013809005  236.06754852753812  293.4482777582145  300.42590724171924  221.9013362007761  126.61774710073752  -14.946937082967395  2.6917665004476703  99.760462343254  -208.81988630217523  191.8467261334084  212.8035129104047  -16.666094071618772  88.26184708762719  206.6465738265938  247.60472887350144  207.93079576745598  -61.060581715177534  0.0  -273.98393399014225  251.40678771793995  -250.39858226652171  229.58670003129183  271.18610807995367  245.42274432141642  177.35122551631537  203.28348941628045  172.40091168642164  214.61232612119085  257.1624101043217  160.92399984745194  -292.0535037040975  185.92666855956597  198.33500525293695  282.5034680052704  189.00737311508624  267.65414586490476  -55.5801164149708  152.85011878065313  -219.72105185971162  50.00783029377794  259.24901463333185  205.54905811339088  
480.9201004024377  435.49774703597166  451.62719107814564  479.7022396551084  385.4834429367048  470.68727300794467  444.2782807647825  105.09862144234421  321.7731341282323  510.05148251768037  567.4322117483567  574.4098412318615  495.88527019091833  400.60168109087977  259.03699690717485  276.6757004905899  373.74439633339625  65.16404768796701  465.8306601235506  486.7874469005469  257.3178399185235  362.24578107776944  480.63050781673604  521.5886628636437  481.91472975759825  212.9233522749647  273.98393399014225  0.0  525.3907217080822  23.585351723620533  503.5706340214341  545.1700420700959  519.4066783115586  451.3351595064576  477.2674234064227  446.3848456765639  488.5962601113331  531.146344094464  434.9079338375942  -18.069569713955275  459.9106025497082  472.31893924307917  556.4874019954127  462.9913071052285  541.6380798550471  218.40381757517144  426.8340527707954  54.262882130430626  323.9917642839202  533.232948623474  479.53299210353316  
-44.470621305644485  -89.89297467211055  -73.76353062993657  -45.68848205297384  -139.90727877137738  -54.70344870013757  -81.11244094329972  -420.292100265738  -203.6175875798499  -15.339239190401827  42.04149004027453  49.019119523779274  -29.505451517163863  -124.78904061720245  -266.35372480090734  -248.71502121749228  -151.64632537468594  -460.2266740201152  -59.56006158453157  -38.60327480753527  -268.0728817895587  -163.14494063031276  -44.760213891346154  -3.8020588444385197  -43.47599195048399  -312.4673694331175  -251.40678771793995  -525.3907217080822  0.0  -501.80536998446166  -21.820087686648137  19.7793203620137  -5.984043396523546  -74.0555622016246  -48.12329830165952  -79.00587603151833  -36.7944615967491  5.755622386381745  -90.48278787048802  -543.4602914220375  -65.480119158374  -53.07178246500301  31.096680287330464  -62.399414602853724  16.247358146964828  -306.98690413291075  -98.55666893728683  -471.12783957765157  -201.398957424162  7.842226915391862  -45.85772960454908  
457.33474867881716  411.9123953123511  428.0418393545251  456.11688793148784  361.8980912130843  447.10192128432413  420.69292904116196  81.51326971872368  298.18778240461177  486.46613079405984  543.8468600247362  550.824489508241  472.2999184672978  377.01632936725923  235.45164518355432  253.09034876696938  350.1590446097757  41.57869596434648  442.2453083999301  463.2020951769264  233.73248819490294  338.6604293541489  457.0451560931155  498.00331114002313  458.3293780339777  189.33800055134418  250.39858226652171  -23.585351723620533  501.80536998446166  0.0  479.98528229781357  521.5846903464753  495.82132658793813  427.7498077828371  453.6820716828022  422.79949395294335  465.01090838771256  507.56099237084345  411.3225821139737  -41.65492143757581  436.32525082608765  448.73358751945864  532.9020502717922  439.40595538160795  518.0527281314265  194.8184658515509  403.24870104717485  30.677530406810092  300.40641256029966  509.6475968998535  455.9476403799126  
-22.65053361899635  -68.07288698546242  -51.94344294328843  -23.868394366325703  -118.08719108472926  -32.883361013489434  -59.29235325665158  -398.4720125790899  -181.79749989320177  6.48084849624631  63.86157772692267  70.83920721042742  -7.685363830515726  -102.96895293055431  -244.53363711425922  -226.89493353084416  -129.82623768803782  -438.4065863334671  -37.73997389788343  -16.783187120887135  -246.2527941029106  -141.32485294366464  -22.940126204698018  18.018028842209617  -21.65590426383585  -290.6472817464694  -229.58670003129183  -503.5706340214341  21.820087686648137  -479.98528229781357  0.0  41.599408048661836  15.83604429012459  -52.23547451497646  -26.30321061501138  -57.18578834487019  -14.974373910100965  27.57571007302988  -68.66270018383989  -521.6402037353894  -43.66003147172586  -31.251694778354874  52.9167679739786  -40.57932691620559  38.067445833612965  -285.1668164462626  -76.7365812506387  -449.3077518910035  -179.57886973751388  29.66231460204  -24.03764191790094  
-64.24994166765819  -109.67229503412426  -93.54285099195027  -65.46780241498755  -159.6865991333911  -74.48276906215128  -100.89176130531342  -440.0714206277517  -223.39690794186362  -35.118559552415526  22.262169678260832  29.239799161765575  -49.28477187917756  -144.56836097921615  -286.13304516292106  -268.494341579506  -171.42564573669966  -480.0059943821289  -79.33938194654527  -58.38259516954897  -287.85220215157244  -182.92426099232648  -64.53953425335985  -23.58137920645222  -63.255312312497686  -332.2466897951312  -271.18610807995367  -545.1700420700959  -19.7793203620137  -521.5846903464753  -41.599408048661836  0.0  -25.763363758537245  -93.8348825636383  -67.90261866367322  -98.78519639353203  -56.5737819587628  -14.023697975631954  -110.26210823250173  -563.2396117840511  -85.2594395203877  -72.85110282701672  11.317359925316765  -82.17873496486743  -3.531962215048871  -326.7662244949245  -118.33598929930054  -490.9071599396653  -221.17827778617573  -11.937093446621837  -65.63704996656278  
-38.48657790912094  -83.90893127558701  -67.77948723341302  -39.70443865645029  -133.92323537485385  -48.719405303614025  -75.12839754677617  -414.30805686921445  -197.63354418332636  -9.35519579387828  48.02553343679808  55.00316292030282  -23.521408120640316  -118.8049972206789  -260.3696814043838  -242.73097782096875  -145.6622819781624  -454.24263062359165  -53.57601818800802  -32.619231411011725  -262.0888383930352  -157.16089723378923  -38.77617049482261  2.1819845520850265  -37.49194855396044  -306.48332603659395  -245.42274432141642  -519.4066783115586  5.984043396523546  -495.82132658793813  -15.83604429012459  25.763363758537245  0.0  -68.07151880510105  -42.13925490513597  -73.02183263499478  -30.810418200225556  11.739665782905291  -84.49874447396448  -537.476248025514  -59.49607576185045  -47.087739068479465  37.08072368385401  -56.41537120633018  22.231401543488374  -301.0028607363872  -92.57262554076328  -465.14379618112804  -195.41491402763847  13.826270311915408  -39.87368620802553  
29.58494089598011  -15.837412470485958  0.2920315716880282  28.367080148650757  -65.8517165697528  19.352113501487025  -7.056878741675121  -346.2365380641134  -129.56202537822531  58.71632301122277  116.09705224189912  123.07468172540388  44.55011068446073  -50.73347841557785  -192.29816259928276  -174.6594590158677  -77.59076317306136  -386.1711118184906  14.495500617093029  35.452287394089325  -194.01731958793414  -89.08937842868818  29.29534831027844  70.25350335718608  30.57957025114061  -238.4118072314929  -177.35122551631537  -451.3351595064576  74.0555622016246  -427.7498077828371  52.23547451497646  93.8348825636383  68.07151880510105  0.0  25.93226389996508  -4.95031382989373  37.261100604875494  79.81118458800634  -16.42722566886343  -469.4047292204129  8.575443043250601  20.983779736621585  105.15224248895507  11.656147598770872  90.30292034858942  -232.93134193128617  -24.501106735662233  -397.072277376027  -127.34339522253742  81.89778911701646  28.197832597075518  
3.652676996015032  -41.76967637045104  -25.64023232827705  2.434816248685678  -91.78398046971787  -6.580150398478054  -32.9891426416402  -372.1688019640785  -155.4942892781904  32.78405911125769  90.16478834193404  97.1424178254388  18.617846784495654  -76.66574231554293  -218.23042649924784  -200.59172291583278  -103.52302707302644  -412.1033757184557  -11.43676328287205  9.520023494124246  -219.94958348789922  -115.02164232865326  3.3630844103133626  44.321239457221  4.64730635117553  -264.344071131458  -203.28348941628045  -477.2674234064227  48.12329830165952  -453.6820716828022  26.30321061501138  67.90261866367322  42.13925490513597  -25.93226389996508  0.0  -30.88257772985881  11.328836704910415  53.87892068804126  -42.35948956882851  -495.336993120378  -17.356820856714478  -4.948484163343494  79.21997858898999  -14.276116301194207  64.37065644862435  -258.8636058312512  -50.43337063562731  -423.0045412759921  -153.2756591225025  55.96552521705138  2.2655686971104387  
34.53525472587384  -10.887098640592228  5.242345401581758  33.31739397854449  -60.901402739859066  24.302427331380756  -2.1065649117813905  -341.2862242342197  -124.61171154833158  63.6666368411165  121.04736607179285  128.0249955552976  49.500424514354464  -45.78316458568412  -187.34784876938903  -169.70914518597397  -72.64044934316763  -381.22079798859687  19.44581444698676  40.402601223983055  -189.0670057580404  -84.13906459879445  34.24566214017217  75.2038171870798  35.52988408103434  -233.46149340159917  -172.40091168642164  -446.3848456765639  79.00587603151833  -422.79949395294335  57.18578834487019  98.78519639353203  73.02183263499478  4.95031382989373  30.88257772985881  0.0  42.211414434769225  84.76149841790007  -11.476911838969698  -464.45441539051916  13.525756873144331  25.934093566515315  110.1025563188488  16.606461428664602  95.25323417848315  -227.98102810139244  -19.550792905768503  -392.12196354613326  -122.3930813926437  86.84810294691019  33.14814642696925  
-7.6761597088953835  -53.09851307536145  -36.969069033187466  -8.894020456224737  -103.11281717462829  -17.90898710338847  -44.317979346550615  -383.4976386689889  -166.8231259831008  21.455222406347275  78.83595163702364  85.81358112052837  7.289010079585239  -87.99457902045334  -229.55926320415824  -211.92055962074318  -114.85186377793686  -423.4322124233661  -22.765599987782466  -1.8088132107861696  -231.27842019280962  -126.35047903356367  -7.965752294597053  32.99240275231058  -6.681530353734885  -275.6729078363684  -214.61232612119085  -488.5962601113331  36.7944615967491  -465.01090838771256  14.974373910100965  56.5737819587628  30.810418200225556  -37.261100604875494  -11.328836704910415  -42.211414434769225  0.0  42.55008398313085  -53.68832627373892  -506.66582982528837  -28.685657561624893  -16.27732086825391  67.89114188407956  -25.604953006104623  53.04181974371393  -270.19244253616165  -61.76220734053773  -434.33337798090247  -164.6044958274129  44.636688512140964  -9.063268007799977  
-50.22624369202623  -95.6485970584923  -79.51915301631831  -51.444104439355584  -145.66290115775914  -60.459071086519316  -86.86806332968146  -426.0477226521198  -209.37320996623166  -21.094861576783572  36.28586765389279  43.26349713739753  -35.26107390354561  -130.5446630035842  -272.10934718728913  -254.47064360387404  -157.4019477610677  -465.98229640649697  -65.31568397091331  -44.35889719391702  -273.82850417594045  -168.90056301669452  -50.5158362777279  -9.557681230820265  -49.23161433686573  -318.22299181949927  -257.1624101043217  -531.146344094464  -5.755622386381745  -507.56099237084345  -27.57571007302988  14.023697975631954  -11.739665782905291  -79.81118458800634  -53.87892068804126  -84.76149841790007  -42.55008398313085  0.0  -96.23841025686977  -549.2159138084193  -71.23574154475574  -58.827404851384756  25.34105790094872  -68.15503698923547  10.491735760583083  -312.7425265192925  -104.31229132366857  -476.88346196403336  -207.15457981054377  2.086604529010117  -51.61335199093082  
