Height_Data

node	height
0	119.96968538413553
1	109.20794058156275
2	129.93369866722983
3	83.98592037465811
4	59.852127401007394
5	62.75946413816163
6	159.55046155827782
7	50.99532583658128
8	82.95763768520449
9	49.42666672379992
10	147.98257190287748
11	153.41576235522777
12	138.9515772637548
13	139.90861336357628
14	224.42590641259943
15	109.42048345593064
16	122.71042289540338
17	61.99183714409684
18	35.53629361056893
19	137.8419360353434
20	112.26431598595174
21	288.5113541187948
22	84.86832100436466
23	85.25095219495167
24	133.25308273861634
25	81.47243234615475
26	220.94996507923858
27	147.64037881209072
28	80.54141139974904
29	61.75349661036983
30	351.1507044763871
31	216.54235809247368
32	95.02811407934787
33	129.9561924848506
34	136.55471624350918
35	80.69554691028442
36	63.42284417519122
37	98.49262225220876
38	92.75300954760037
39	136.76481106148006
40	86.704940190182
41	204.2017566325597
42	138.57259407966495
43	84.66714288569692
44	1.4086391055209873
45	214.30722115223733
46	222.22618215906775
47	112.62422921793312
48	183.67041704678505
49	72.5170275250259
50	107.67657312651316



height_matrix
0.0  21.523489605145556  -19.928026566188606  71.96753001895485  120.23511596625627  114.4204424919478  -79.16155234828457  137.94871909510852  74.02409539786208  141.0860373206712  -56.0257730374839  -66.89215394218448  -37.96378375923857  -39.8778559588815  -208.9124420569278  21.09840385640979  -5.4814750225357045  115.95569648007738  168.8667835471332  -35.74450130241573  15.410738796367582  -337.0833374693186  70.20272875954174  69.43746637836773  -26.566794708961623  76.99450607596157  -201.9605593902061  -55.34138685591037  78.85654796877299  116.4323775475314  -462.36203818450315  -193.1453454166763  49.883142609575316  -19.973014201430118  -33.17006171874729  78.54827694770222  113.09368241788862  42.95412626385354  54.43335167307032  -33.59025135468906  66.52949038790706  -168.46414249684832  -37.205817391058844  70.60508499687722  237.12209255722908  -188.6750715362036  -204.51299354986443  14.690912332404821  -127.40146332529903  94.90531571821927  24.586224515244737  
-21.523489605145556  0.0  -41.45151617133416  50.44404041380929  98.71162636111072  92.89695288680224  -100.68504195343013  116.42522948996294  52.50060579271653  119.56254771552567  -77.54926264262946  -88.41564354733003  -59.48727336438412  -61.401345564027054  -230.43593166207336  -0.42508574873576777  -27.00496462768126  94.43220687493182  147.34329394198764  -57.267990907561284  -6.1127508087779745  -358.60682707446415  48.679239154396186  47.913976773222174  -48.09028431410718  55.47101647081601  -223.48404899535166  -76.86487646105593  57.33305836362743  94.90888794238585  -483.8855277896487  -214.66883502182185  28.35965300442976  -41.496503806575674  -54.69355132389285  57.024787342556664  91.57019281274306  21.430636658707982  32.90986206792476  -55.113740959834615  45.006000782761504  -189.98763210199388  -58.7293069962044  49.08159539173167  215.59860295208352  -210.19856114134916  -226.03648315501  -6.8325772727407355  -148.9249529304446  73.38182611307371  3.0627349100991808  
19.928026566188606  41.45151617133416  0.0  91.89555658514345  140.16314253244488  134.3484690581364  -59.23352578209597  157.8767456612971  93.95212196405069  161.01406388685984  -36.097746471295295  -46.96412737599587  -18.03575719304996  -19.94982939269289  -188.9844154907392  41.026430422598395  14.446551543652902  135.88372304626597  188.7948101133218  -15.816474736227121  35.33876536255619  -317.15531090313  90.13075532573035  89.36549294455634  -6.638768142773017  96.92253264215017  -182.0325328240175  -35.413360289721766  98.78457453496159  136.36040411372  -442.4340116183145  -173.2173188504877  69.81116917576392  -0.044987635241511725  -13.242035152558685  98.47630351389083  133.02170898407724  62.882152830042145  74.36137823925893  -13.662224788500453  86.45751695409567  -148.53611593065972  -17.277790824870237  90.53311156306583  257.0501191234177  -168.747044970015  -184.58496698367583  34.61893889859343  -107.47343675911043  114.83334228440788  44.51425108143334  
-71.96753001895485  -50.44404041380929  -91.89555658514345  0.0  48.26758594730143  42.45291247299295  -151.12908236723942  65.98118907615365  2.056565378907237  69.11850730171638  -127.99330305643875  -138.85968396113932  -109.93131377819341  -111.84538597783634  -280.8799720758826  -50.86912616254506  -77.44900504149055  43.98816646112253  96.89925352817835  -107.71203132137057  -56.556791222587265  -409.0508674882734  -1.7648012594131046  -2.530063640587116  -98.53432472791647  5.026976057006721  -273.928089409161  -127.30891687486522  6.88901794981814  44.464847528576556  -534.3295682034579  -265.11287543563117  -22.08438740937953  -91.94054422038496  -105.13759173770214  6.580746928747374  41.12615239893377  -29.013403755101308  -17.534178345884527  -105.5577813736439  -5.438039631047786  -240.43167251580317  -109.17334741001369  -1.3624450220776225  165.15456253827423  -260.6426015551584  -276.4805235688193  -57.276617686550026  -199.36899334425388  22.937785699264424  -47.38130550371011  
-120.23511596625627  -98.71162636111072  -140.16314253244488  -48.26758594730143  0.0  -5.814673474308478  -199.39666831454085  17.713603128852228  -46.21102056839419  20.85092135441495  -176.26088900374017  -187.12726990844075  -158.19889972549484  -160.11297192513777  -329.14755802318405  -99.13671210984648  -125.71659098879198  -4.279419486178895  48.63166758087692  -155.979617268672  -104.82437716988869  -457.31845343557484  -50.03238720671453  -50.79764958788854  -146.8019106752179  -43.24060989029471  -322.1956753564624  -175.57650282216665  -41.37856799748329  -3.8027384187248714  -582.5971541507594  -313.3804613829326  -70.35197335668096  -140.2081301676864  -153.40517768500357  -41.68683901855405  -7.141433548367658  -77.28098970240274  -65.80176429318595  -153.82536732094533  -53.70562557834921  -288.69925846310457  -157.44093335731512  -49.63003096937905  116.88697659097281  -308.91018750245985  -324.74810951612073  -105.54420363385145  -247.6365792915553  -25.329800248037003  -95.64889145101154  
-114.4204424919478  -92.89695288680224  -134.3484690581364  -42.45291247299295  5.814673474308478  0.0  -193.58199484023237  23.528276603160705  -40.39634709408571  26.665594828723428  -170.4462155294317  -181.31259643413227  -152.38422625118636  -154.2982984508293  -323.3328845488756  -93.32203863553801  -119.9019175144835  1.5352539881295826  54.4463410551854  -150.16494379436352  -99.00970369558021  -451.5037799612664  -44.217713732406054  -44.982976113580065  -140.98723720090942  -37.42593641598623  -316.3810018821539  -169.76182934785817  -35.56389452317481  2.0119350555836064  -576.7824806764509  -307.5657879086241  -64.53729988237248  -134.3934566933779  -147.5905042106951  -35.872165544245576  -1.3267600740591803  -71.46631622809426  -59.987090818877476  -148.01069384663685  -47.890952104040736  -282.8845849887961  -151.62625988300664  -43.81535749507057  122.70165006528129  -303.0955140281514  -318.93343604181223  -99.72953015954297  -241.82190581724683  -19.515126773728525  -89.83421797670306  
79.16155234828457  100.68504195343013  59.23352578209597  151.12908236723942  199.39666831454085  193.58199484023237  0.0  217.11027144339306  153.18564774614666  220.2475896689558  23.13577931080067  12.269398406100095  41.19776858904601  39.283696389403076  -129.75088970864323  100.25995620469436  73.68007732574887  195.11724882836194  248.02833589541777  43.417051045868845  94.57229114465216  -257.921785121034  149.36428110782632  148.5990187266523  52.59475763932295  156.15605842424614  -122.79900704192153  23.8201654923742  158.01810031705756  195.59392989581596  -383.20048583621855  -113.98379306839172  129.0446949578599  59.188538146854455  45.99149062953728  157.7098292959868  192.2552347661732  122.11567861213811  133.5949040213549  45.571300993595514  145.69104273619163  -89.30259014856375  41.95573495722573  149.7666373451618  316.28364490551365  -109.51351918791903  -125.35144120157986  93.8524646806894  -48.23991097701446  174.06686806650384  103.74777686352931  
-137.94871909510852  -116.42522948996294  -157.8767456612971  -65.98118907615365  -17.713603128852228  -23.528276603160705  -217.11027144339306  0.0  -63.92462369724642  3.1373182255627228  -193.9744921325924  -204.84087303729297  -175.91250285434705  -177.82657505398998  -346.8611611520363  -116.85031523869871  -143.4301941176442  -21.993022615031123  30.918064452024694  -173.69322039752421  -122.53798029874092  -475.0320565644271  -67.74599033556676  -68.51125271674077  -164.5155138040701  -60.954213019146934  -339.9092784853146  -193.29010595101886  -59.092171126335515  -21.5163415475771  -600.3107572796116  -331.0940645117848  -88.06557648553319  -157.9217332965386  -171.11878081385578  -59.40044214740628  -24.855036677219886  -94.99459283125496  -83.51536742203818  -171.53897044979755  -71.41922870720144  -306.4128615919568  -175.15453648616733  -67.34363409823128  99.17337346212058  -326.6237906313121  -342.4617126449729  -123.25780676270368  -265.3501824204075  -43.04340337688923  -113.36249457986376  
-74.02409539786208  -52.50060579271653  -93.95212196405069  -2.056565378907237  46.21102056839419  40.39634709408571  -153.18564774614666  63.92462369724642  0.0  67.06194192280914  -130.04986843534599  -140.91624934004656  -111.98787915710065  -113.90195135674358  -282.9365374547899  -52.925691541452295  -79.50557042039779  41.931601082215295  94.84268814927111  -109.76859670027781  -58.6133566014945  -411.1074328671807  -3.8213666383203417  -4.586629019494353  -100.59089010682371  2.9704106780994834  -275.98465478806816  -129.36548225377246  4.8324525709109025  42.40828214966932  -536.3861335823652  -267.16944081453835  -24.140952788286768  -93.9971095992922  -107.19415711660938  4.5241815498401365  39.06958702002653  -31.069969134008545  -19.590743724791764  -107.61434675255114  -7.494605009955023  -242.4882378947104  -111.22991278892093  -3.4190104009848596  163.097997159367  -262.6991669340657  -278.5370889477265  -59.33318306545726  -201.42555872316112  20.881220320357187  -49.43787088261735  
-141.0860373206712  -119.56254771552567  -161.01406388685984  -69.11850730171638  -20.85092135441495  -26.665594828723428  -220.2475896689558  -3.1373182255627228  -67.06194192280914  0.0  -197.11181035815514  -207.97819126285572  -179.0498210799098  -180.96389327955274  -349.99847937759904  -119.98763346426144  -146.56751234320694  -25.130340840593846  27.78074622646197  -176.83053862308697  -125.67529852430364  -478.16937478998983  -70.88330856112948  -71.6485709423035  -167.65283202963286  -64.09153124470966  -343.04659671087734  -196.4274241765816  -62.22948935189824  -24.65365977313982  -603.4480755051743  -334.23138273734753  -91.20289471109591  -161.05905152210136  -174.25609903941853  -62.537760372969004  -27.99235490278261  -98.13191105681769  -86.6526856476009  -174.6762886753603  -74.55654693276416  -309.55017981751956  -178.29185471173008  -70.480952323794  96.03605523655786  -329.76110885687484  -345.59903087053567  -126.3951249882664  -268.4875006459703  -46.18072160245195  -116.49981280542649  
56.0257730374839  77.54926264262946  36.097746471295295  127.99330305643875  176.26088900374017  170.4462155294317  -23.13577931080067  193.9744921325924  130.04986843534599  197.11181035815514  0.0  -10.866380904700577  18.061989278245335  16.147917078602404  -152.8866690194439  77.12417689389369  50.5442980149482  171.98146951756127  224.8925565846171  20.281271735068174  71.43651183385148  -281.0575644318347  126.22850179702564  125.46323941585163  29.458978328522278  133.02027911344547  -145.9347863527222  0.6843861815735295  134.8823210062569  172.4581505850153  -406.3362651470192  -137.1195723791924  105.90891564705922  36.05275883605378  22.85571131873661  134.57404998518612  169.11945545537253  98.97989930133744  110.45912471055422  22.435521682794842  122.55526342539096  -112.43836945936442  18.819955646425058  126.63085803436113  293.147865594713  -132.6492984987197  -148.48722051238053  70.71668536988872  -71.37569028781513  150.93108875570317  80.61199755272864  
66.89215394218448  88.41564354733003  46.96412737599587  138.85968396113932  187.12726990844075  181.31259643413227  -12.269398406100095  204.84087303729297  140.91624934004656  207.97819126285572  10.866380904700577  0.0  28.928370182945912  27.01429798330298  -142.02028811474332  87.99055779859427  61.410678919648774  182.84785042226184  235.75893748931767  31.14765263976875  82.30289273855206  -270.1911835271341  137.09488270172622  136.3296203205522  40.325359233222855  143.88666001814605  -135.06840544802162  11.550767086274107  145.74870191095746  183.32453148971587  -395.46988424231864  -126.25319147449181  116.7752965517598  46.91913974075436  33.72209222343719  145.4404308898867  179.9858363600731  109.84628020603802  121.3255056152548  33.30190258749542  133.42164433009154  -101.57198855466385  29.686336551125635  137.4972389390617  304.01424649941356  -121.78291759401912  -137.62083960767995  81.5830662745893  -60.509309383114555  161.79746966040375  91.47837845742922  
37.96378375923857  59.48727336438412  18.03575719304996  109.93131377819341  158.19889972549484  152.38422625118636  -41.19776858904601  175.91250285434705  111.98787915710065  179.0498210799098  -18.061989278245335  -28.928370182945912  0.0  -1.9140721996429306  -170.94865829768924  59.062187615648355  32.48230873670286  153.91948023931593  206.83056730637176  2.219282456822839  53.37452255560615  -299.11955371008  108.16651251878031  107.4012501376063  11.396989050276943  114.95828983520013  -163.99677563096753  -17.377603096671805  116.82033172801155  154.39616130676995  -424.39825442526455  -155.18156165743773  87.84692636881388  17.99076955780845  4.793722040491275  116.51206070694079  151.0574661771272  80.9179100230921  92.39713543230889  4.373532404549508  104.49327414714563  -130.50035873760976  0.7579663681797228  108.56886875611579  275.08587631646765  -150.71128777696504  -166.54920979062587  52.65469609164339  -89.43767956606047  132.86909947745784  62.550008274483304  
39.8778559588815  61.401345564027054  19.94982939269289  111.84538597783634  160.11297192513777  154.2982984508293  -39.283696389403076  177.82657505398998  113.90195135674358  180.96389327955274  -16.147917078602404  -27.01429798330298  1.9140721996429306  0.0  -169.0345860980463  60.976259815291286  34.39638093634579  155.83355243895886  208.7446395060147  4.1333546564657695  55.28859475524908  -297.2054815104371  110.08058471842324  109.31532233724923  13.311061249919874  116.87236203484306  -162.0827034313246  -15.463530897028875  118.73440392765448  156.31023350641289  -422.4841822256216  -153.2674894577948  89.76099856845681  19.90484175745138  6.707794240134206  118.42613290658372  152.97153837677013  82.83198222273504  94.31120763195182  6.287604604192438  106.40734634678856  -128.58628653796683  2.6720385678226535  110.48294095575872  276.9999485161106  -148.7972155773221  -164.63513759098294  54.56876829128632  -87.52360736641754  134.78317167710077  64.46408047412623  
208.9124420569278  230.43593166207336  188.9844154907392  280.8799720758826  329.14755802318405  323.3328845488756  129.75088970864323  346.8611611520363  282.9365374547899  349.99847937759904  152.8866690194439  142.02028811474332  170.94865829768924  169.0345860980463  0.0  230.0108459133376  203.4309670343921  324.86813853700517  377.779225604061  173.16794075451207  224.32318085329538  -128.1708954123908  279.1151708164696  278.34990843529556  182.34564734796618  285.9069481328894  6.951882666721701  153.57105520101743  287.76899002570076  325.3448196044592  -253.44959612757532  15.76709664025151  258.79558466650315  188.93942785549768  175.7423803381805  287.46071900463005  322.00612447481643  251.86656832078134  263.34579372999815  175.32219070223874  275.44193244483483  40.44829956007948  171.70662466586896  279.517527053805  446.0345346141569  20.2373705207242  4.399448507063369  223.60335438933262  81.51097873162877  303.8177577751471  233.49866657217254  
-21.09840385640979  0.42508574873576777  -41.026430422598395  50.86912616254506  99.13671210984648  93.32203863553801  -100.25995620469436  116.85031523869871  52.925691541452295  119.98763346426144  -77.12417689389369  -87.99055779859427  -59.062187615648355  -60.976259815291286  -230.0108459133376  0.0  -26.579878878945493  94.85729262366759  147.7683796907234  -56.842905158825516  -5.687665060042207  -358.18174132572835  49.10432490313195  48.33906252195794  -47.66519856537141  55.89610221955178  -223.0589632466159  -76.43979071232016  57.7581441123632  95.33397369112161  -483.4604420409129  -214.24374927308608  28.784738753165527  -41.07141805783991  -54.26846557515708  57.44987309129243  91.99527856147883  21.85572240744375  33.33494781666053  -54.68865521109885  45.43108653149727  -189.5625463532581  -58.30422124746863  49.506681140467435  216.0236887008193  -209.7734753926134  -225.61139740627422  -6.407491524004968  -148.49986718170882  73.80691186180948  3.4878206588349485  
5.4814750225357045  27.00496462768126  -14.446551543652902  77.44900504149055  125.71659098879198  119.9019175144835  -73.68007732574887  143.4301941176442  79.50557042039779  146.56751234320694  -50.5442980149482  -61.410678919648774  -32.48230873670286  -34.39638093634579  -203.4309670343921  26.579878878945493  0.0  121.43717150261308  174.3482585696689  -30.263026279880023  20.892213818903286  -331.6018624467829  75.68420378207745  74.91894140090344  -21.08531968642592  82.47598109849727  -196.4790843676704  -49.85991183337467  84.33802299130869  121.9138525700671  -456.8805631619674  -187.6638703941406  55.36461763211102  -14.491539178894413  -27.688586696211587  84.02975197023792  118.57515744042432  48.43560128638924  59.914826695606024  -28.108776332153354  72.01096541044276  -162.98266747431262  -31.72434236852314  76.08656001941293  242.60356757976479  -183.1935965136679  -199.03151852732873  20.172387354940525  -121.91998830276333  100.38679074075498  30.06769953778044  
-115.95569648007738  -94.43220687493182  -135.88372304626597  -43.98816646112253  4.279419486178895  -1.5352539881295826  -195.11724882836194  21.993022615031123  -41.931601082215295  25.130340840593846  -171.98146951756127  -182.84785042226184  -153.91948023931593  -155.83355243895886  -324.86813853700517  -94.85729262366759  -121.43717150261308  0.0  52.91108706705582  -151.7001977824931  -100.5449576837098  -453.03903394939596  -45.752967720535636  -46.51823010170965  -142.522491189039  -38.96119040411581  -317.91625587028346  -171.29708333598774  -37.09914851130439  0.47668106745402383  -578.3177346645805  -309.10104189675366  -66.07255387050206  -135.92871068150748  -149.12575819882466  -37.40741953237516  -2.862014062188763  -73.00157021622384  -61.52234480700706  -149.54594783476642  -49.42620609217032  -284.4198389769257  -153.1615138711362  -45.350611483200154  121.1663960771517  -304.63076801628097  -320.4686900299418  -101.26478414767256  -243.3571598053764  -21.050380761858108  -91.36947196483264  
-168.8667835471332  -147.34329394198764  -188.7948101133218  -96.89925352817835  -48.63166758087692  -54.4463410551854  -248.02833589541777  -30.918064452024694  -94.84268814927111  -27.78074622646197  -224.8925565846171  -235.75893748931767  -206.83056730637176  -208.7446395060147  -377.779225604061  -147.7683796907234  -174.3482585696689  -52.91108706705582  0.0  -204.61128484954892  -153.4560447507656  -505.9501210164518  -98.66405478759145  -99.42931716876546  -195.43357825609482  -91.87227747117163  -370.82734293733927  -224.20817040304357  -90.01023557836021  -52.43440599960179  -631.2288217316363  -362.01212896380946  -118.98364093755788  -188.8397977485633  -202.0368452658805  -90.31850659943098  -55.77310112924458  -125.91265728327966  -114.43343187406288  -202.45703490182225  -102.33729315922614  -337.33092604398155  -206.07260093819204  -98.26169855025597  68.25530901009589  -357.5418550833368  -373.3797770969976  -154.17587121472837  -296.2682468724322  -73.96146782891392  -144.28055903188846  
35.74450130241573  57.267990907561284  15.816474736227121  107.71203132137057  155.979617268672  150.16494379436352  -43.417051045868845  173.69322039752421  109.76859670027781  176.83053862308697  -20.281271735068174  -31.14765263976875  -2.219282456822839  -4.1333546564657695  -173.16794075451207  56.842905158825516  30.263026279880023  151.7001977824931  204.61128484954892  0.0  51.15524009878331  -301.33883616690287  105.94723006195747  105.18196768078346  9.177706593454104  112.7390073783773  -166.21605808779037  -19.596885553494644  114.60104927118871  152.17687884994712  -426.6175368820874  -157.40084411426056  85.62764391199104  15.77148710098561  2.574439583668436  114.29277825011795  148.83818372030436  78.69862756626927  90.17785297548605  2.154249947726669  102.27399169032279  -132.7196411944326  -1.461316088643116  106.34958629929295  272.8665938596448  -152.93057023378788  -168.7684922474487  50.43541363482055  -91.6569620228833  130.649817020635  60.330725817660465  
-15.410738796367582  6.1127508087779745  -35.33876536255619  56.556791222587265  104.82437716988869  99.00970369558021  -94.57229114465216  122.53798029874092  58.6133566014945  125.67529852430364  -71.43651183385148  -82.30289273855206  -53.37452255560615  -55.28859475524908  -224.32318085329538  5.687665060042207  -20.892213818903286  100.5449576837098  153.4560447507656  -51.15524009878331  0.0  -352.4940762656862  54.79198996317416  54.02672758200015  -41.977533505329205  61.583767279593985  -217.37129818657368  -70.75212565227795  63.445809172405404  101.02163875116382  -477.77277698087073  -208.55608421304387  34.472403813207734  -35.3837529977977  -48.58080051511487  63.13753815133464  97.68294362152103  27.543387467485957  39.02261287670274  -49.00099015105664  51.11875159153948  -183.8748812932159  -52.616556187426426  55.19434620050964  221.7113537608615  -204.08581033257119  -219.92373234623201  -0.719826463962761  -142.81220212166662  79.49457692185169  9.175485718877155  
337.0833374693186  358.60682707446415  317.15531090313  409.0508674882734  457.31845343557484  451.5037799612664  257.921785121034  475.0320565644271  411.1074328671807  478.16937478998983  281.0575644318347  270.1911835271341  299.11955371008  297.2054815104371  128.1708954123908  358.18174132572835  331.6018624467829  453.03903394939596  505.9501210164518  301.33883616690287  352.4940762656862  0.0  407.28606622886036  406.52080384768635  310.51654276035697  414.0778435452802  135.1227780791125  281.7419506134082  415.93988543809155  453.51571501685  -125.27870071518453  143.9379920526423  386.96648007889394  317.1103232678885  303.9132757505713  415.63161441702084  450.1770198872072  380.0374637331721  391.51668914238894  303.49308611462953  403.6128278572256  168.61919497247027  299.87752007825975  407.6884224661958  574.2054300265477  148.408265933115  132.57034391945416  351.7742498017234  209.68187414401956  431.98865318753786  361.6695619845633  
-70.20272875954174  -48.679239154396186  -90.13075532573035  1.7648012594131046  50.03238720671453  44.217713732406054  -149.36428110782632  67.74599033556676  3.8213666383203417  70.88330856112948  -126.22850179702564  -137.09488270172622  -108.16651251878031  -110.08058471842324  -279.1151708164696  -49.10432490313195  -75.68420378207745  45.752967720535636  98.66405478759145  -105.94723006195747  -54.79198996317416  -407.28606622886036  0.0  -0.7652623811740114  -96.76952346850337  6.791777316419825  -272.1632881497478  -125.54411561545211  8.653819209231244  46.22964878798966  -532.5647669440449  -263.348074176218  -20.319586149966426  -90.17574296097186  -103.37279047828903  8.345548188160478  42.890953658346874  -27.248602495688203  -15.769377086471422  -103.7929801142308  -3.6732383716346817  -238.66687125639007  -107.40854615060059  0.4023562373354821  166.91936379768734  -258.8778002957454  -274.71572230940615  -55.51181642713692  -197.60419208484078  24.70258695867753  -45.616504244297005  
-69.43746637836773  -47.913976773222174  -89.36549294455634  2.530063640587116  50.79764958788854  44.982976113580065  -148.5990187266523  68.51125271674077  4.586629019494353  71.6485709423035  -125.46323941585163  -136.3296203205522  -107.4012501376063  -109.31532233724923  -278.34990843529556  -48.33906252195794  -74.91894140090344  46.51823010170965  99.42931716876546  -105.18196768078346  -54.02672758200015  -406.52080384768635  0.7652623811740114  0.0  -96.00426108732935  7.5570396975938365  -271.3980257685738  -124.7788532342781  9.419081590405256  46.99491116916367  -531.7995045628709  -262.582811795044  -19.554323768792415  -89.41048057979785  -102.60752809711502  9.11081056933449  43.656216039520885  -26.483340114514192  -15.004114705297411  -103.02771773305679  -2.9079759904606703  -237.90160887521606  -106.64328376942657  1.1676186185094934  167.68462617886135  -258.11253791457136  -273.95045992823214  -54.74655404596291  -196.83892970366676  25.46784933985154  -44.85124186312299  
26.566794708961623  48.09028431410718  6.638768142773017  98.53432472791647  146.8019106752179  140.98723720090942  -52.59475763932295  164.5155138040701  100.59089010682371  167.65283202963286  -29.458978328522278  -40.325359233222855  -11.396989050276943  -13.311061249919874  -182.34564734796618  47.66519856537141  21.08531968642592  142.522491189039  195.43357825609482  -9.177706593454104  41.977533505329205  -310.51654276035697  96.76952346850337  96.00426108732935  0.0  103.56130078492319  -175.39376468124448  -28.77459214694875  105.42334267773461  142.999172256493  -435.7952434755415  -166.57855070771467  76.44993731853694  6.5937805075315055  -6.603267009785668  105.11507165666384  139.66047712685025  69.52092097281516  81.00014638203194  -7.023456645727435  93.09628509686868  -141.8973477878867  -10.63902268209722  97.17187970583885  263.6888872661907  -162.10827682724198  -177.9461988409028  41.257707041366444  -100.83466861633741  121.4721104271809  51.15301922420636  
-76.99450607596157  -55.47101647081601  -96.92253264215017  -5.026976057006721  43.24060989029471  37.42593641598623  -156.15605842424614  60.954213019146934  -2.9704106780994834  64.09153124470966  -133.02027911344547  -143.88666001814605  -114.95828983520013  -116.87236203484306  -285.9069481328894  -55.89610221955178  -82.47598109849727  38.96119040411581  91.87227747117163  -112.7390073783773  -61.583767279593985  -414.0778435452802  -6.791777316419825  -7.5570396975938365  -103.56130078492319  0.0  -278.95506546616764  -132.33589293187194  1.862041892811419  39.437871471569835  -539.3565442604647  -270.13985149263783  -27.11136346638625  -96.96752027739169  -110.16456779470886  1.553770871740653  36.09917634192705  -34.04037981210803  -22.561154402891248  -110.58475743065063  -10.465015688054507  -245.4586485728099  -114.20032346702041  -6.389421079084343  160.1275864812675  -265.6695776121652  -281.507499625826  -62.303593743556746  -204.3959694012606  17.910809642257703  -52.40828156071683  
201.9605593902061  223.48404899535166  182.0325328240175  273.928089409161  322.1956753564624  316.3810018821539  122.79900704192153  339.9092784853146  275.98465478806816  343.04659671087734  145.9347863527222  135.06840544802162  163.99677563096753  162.0827034313246  -6.951882666721701  223.0589632466159  196.4790843676704  317.91625587028346  370.82734293733927  166.21605808779037  217.37129818657368  -135.1227780791125  272.1632881497478  271.3980257685738  175.39376468124448  278.95506546616764  0.0  146.61917253429573  280.8171073589791  318.3929369377375  -260.401478794297  8.815213973529808  251.84370199978142  181.98754518877598  168.7904976714588  280.5088363379083  315.05424180809473  244.91468565405964  256.3939110632764  168.37030803551704  268.4900497781132  33.496416893357775  164.75474199914726  272.56564438708335  439.0826519474352  13.285487854002497  -2.5524341596583326  216.65147172261092  74.55909606490707  296.86587510842537  226.54678390545084  
55.34138685591037  76.86487646105593  35.413360289721766  127.30891687486522  175.57650282216665  169.76182934785817  -23.8201654923742  193.29010595101886  129.36548225377246  196.4274241765816  -0.6843861815735295  -11.550767086274107  17.377603096671805  15.463530897028875  -153.57105520101743  76.43979071232016  49.85991183337467  171.29708333598774  224.20817040304357  19.596885553494644  70.75212565227795  -281.7419506134082  125.54411561545211  124.7788532342781  28.77459214694875  132.33589293187194  -146.61917253429573  0.0  134.19793482468336  171.77376440344176  -407.02065132859275  -137.80395856076592  105.22452946548569  35.368372654480254  22.17132513716308  133.8896638036126  168.435069273799  98.29551311976391  109.77473852898069  21.751135501221313  121.87087724381743  -113.12275564093795  18.135569464851528  125.9464718527876  292.46347941313945  -133.33368468029323  -149.17160669395406  70.03229918831519  -72.06007646938866  150.24670257412964  79.92761137115511  
-78.85654796877299  -57.33305836362743  -98.78457453496159  -6.88901794981814  41.37856799748329  35.56389452317481  -158.01810031705756  59.092171126335515  -4.8324525709109025  62.22948935189824  -134.8823210062569  -145.74870191095746  -116.82033172801155  -118.73440392765448  -287.76899002570076  -57.7581441123632  -84.33802299130869  37.09914851130439  90.01023557836021  -114.60104927118871  -63.445809172405404  -415.93988543809155  -8.653819209231244  -9.419081590405256  -105.42334267773461  -1.862041892811419  -280.8171073589791  -134.19793482468336  0.0  37.575829578758416  -541.2185861532761  -272.0018933854493  -28.97340535919767  -98.8295621702031  -112.02660968752028  -0.308271021070766  34.23713444911563  -35.90242170491945  -24.423196295702667  -112.44679932346205  -12.327057580865926  -247.3206904656213  -116.06236535983183  -8.251462971895762  158.2655445884561  -267.53161950497656  -283.36954151863745  -64.16563563636817  -206.25801129407202  16.048767749446284  -54.27032345352825  
-116.4323775475314  -94.90888794238585  -136.36040411372  -44.464847528576556  3.8027384187248714  -2.0119350555836064  -195.59392989581596  21.5163415475771  -42.40828214966932  24.65365977313982  -172.4581505850153  -183.32453148971587  -154.39616130676995  -156.31023350641289  -325.3448196044592  -95.33397369112161  -121.9138525700671  -0.47668106745402383  52.43440599960179  -152.17687884994712  -101.02163875116382  -453.51571501685  -46.22964878798966  -46.99491116916367  -142.999172256493  -39.437871471569835  -318.3929369377375  -171.77376440344176  -37.575829578758416  0.0  -578.7944157320345  -309.5777229642077  -66.54923493795609  -136.4053917489615  -149.60243926627868  -37.88410059982918  -3.3386951296427867  -73.47825128367786  -61.99902587446108  -150.02262890222045  -49.90288715962434  -284.8965200443797  -153.63819493859023  -45.82729255065418  120.68971500969768  -305.107449083735  -320.9453710973958  -101.74146521512658  -243.83384087283042  -21.52706182931213  -91.84615303228667  
462.36203818450315  483.8855277896487  442.4340116183145  534.3295682034579  582.5971541507594  576.7824806764509  383.20048583621855  600.3107572796116  536.3861335823652  603.4480755051743  406.3362651470192  395.46988424231864  424.39825442526455  422.4841822256216  253.44959612757532  483.4604420409129  456.8805631619674  578.3177346645805  631.2288217316363  426.6175368820874  477.77277698087073  125.27870071518453  532.5647669440449  531.7995045628709  435.7952434755415  539.3565442604647  260.401478794297  407.02065132859275  541.2185861532761  578.7944157320345  0.0  269.2166927678268  512.2451807940785  442.389023983073  429.19197646575583  540.9103151322054  575.4557206023917  505.31616444835663  516.7953898575735  428.77178682981406  528.8915285724102  293.8978956876548  425.1562207934443  532.9671231813803  699.4841307417322  273.6869666482995  257.8490446346387  477.0529505169079  334.9605748592041  557.2673539027223  486.94826269974783  
193.1453454166763  214.66883502182185  173.2173188504877  265.11287543563117  313.3804613829326  307.5657879086241  113.98379306839172  331.0940645117848  267.16944081453835  334.23138273734753  137.1195723791924  126.25319147449181  155.18156165743773  153.2674894577948  -15.76709664025151  214.24374927308608  187.6638703941406  309.10104189675366  362.01212896380946  157.40084411426056  208.55608421304387  -143.9379920526423  263.348074176218  262.582811795044  166.57855070771467  270.13985149263783  -8.815213973529808  137.80395856076592  272.0018933854493  309.5777229642077  -269.2166927678268  0.0  243.0284880262516  173.17233121524617  159.975283697929  271.6936223643785  306.2390278345649  236.09947168052983  247.5786970897466  159.55509406198723  259.6748358045834  24.681202919827967  155.93952802561745  263.75043041355354  430.2674379739054  4.470273880472689  -11.36764813318814  207.8362577490811  65.74388209137726  288.05066113489556  217.73156993192103  
-49.883142609575316  -28.35965300442976  -69.81116917576392  22.08438740937953  70.35197335668096  64.53729988237248  -129.0446949578599  88.06557648553319  24.140952788286768  91.20289471109591  -105.90891564705922  -116.7752965517598  -87.84692636881388  -89.76099856845681  -258.79558466650315  -28.784738753165527  -55.36461763211102  66.07255387050206  118.98364093755788  -85.62764391199104  -34.472403813207734  -386.96648007889394  20.319586149966426  19.554323768792415  -76.44993731853694  27.11136346638625  -251.84370199978142  -105.22452946548569  28.97340535919767  66.54923493795609  -512.2451807940785  -243.0284880262516  0.0  -69.85615681100543  -83.05320432832261  28.665134338126904  63.2105398083133  -6.929016345721777  4.550209063495004  -83.47339396426437  16.646347778331744  -218.34728510642364  -87.08896000063416  20.721942387301908  187.23894994765377  -238.55821414577892  -254.39613615943975  -35.192230277170495  -177.28460593487435  45.022173108643955  -25.29691809433058  
19.973014201430118  41.496503806575674  0.044987635241511725  91.94054422038496  140.2081301676864  134.3934566933779  -59.188538146854455  157.9217332965386  93.9971095992922  161.05905152210136  -36.05275883605378  -46.91913974075436  -17.99076955780845  -19.90484175745138  -188.93942785549768  41.07141805783991  14.491539178894413  135.92871068150748  188.8397977485633  -15.77148710098561  35.3837529977977  -317.1103232678885  90.17574296097186  89.41048057979785  -6.5937805075315055  96.96752027739169  -181.98754518877598  -35.368372654480254  98.8295621702031  136.4053917489615  -442.389023983073  -173.17233121524617  69.85615681100543  0.0  -13.197047517317174  98.52129114913234  133.06669661931875  62.92714046528366  74.40636587450044  -13.617237153258941  86.50250458933718  -148.4911282954182  -17.232803189628726  90.57809919830734  257.0951067586592  -168.70205733477349  -184.53997934843431  34.66392653383494  -107.42844912386892  114.87832991964939  44.559238716674855  
33.17006171874729  54.69355132389285  13.242035152558685  105.13759173770214  153.40517768500357  147.5905042106951  -45.99149062953728  171.11878081385578  107.19415711660938  174.25609903941853  -22.85571131873661  -33.72209222343719  -4.793722040491275  -6.707794240134206  -175.7423803381805  54.26846557515708  27.688586696211587  149.12575819882466  202.0368452658805  -2.574439583668436  48.58080051511487  -303.9132757505713  103.37279047828903  102.60752809711502  6.603267009785668  110.16456779470886  -168.7904976714588  -22.17132513716308  112.02660968752028  149.60243926627868  -429.19197646575583  -159.975283697929  83.05320432832261  13.197047517317174  0.0  111.71833866644951  146.26374413663592  76.12418798260083  87.60341339181761  -0.4201896359417674  99.69955210665435  -135.29408077810103  -4.035755672311552  103.77514671562452  270.2921542759764  -155.5050098174563  -171.34293183111714  47.86097405115211  -94.23140160655174  128.07537743696656  57.75628623399203  
-78.54827694770222  -57.024787342556664  -98.47630351389083  -6.580746928747374  41.68683901855405  35.872165544245576  -157.7098292959868  59.40044214740628  -4.5241815498401365  62.537760372969004  -134.57404998518612  -145.4404308898867  -116.51206070694079  -118.42613290658372  -287.46071900463005  -57.44987309129243  -84.02975197023792  37.40741953237516  90.31850659943098  -114.29277825011795  -63.13753815133464  -415.63161441702084  -8.345548188160478  -9.11081056933449  -105.11507165666384  -1.553770871740653  -280.5088363379083  -133.8896638036126  0.308271021070766  37.88410059982918  -540.9103151322054  -271.6936223643785  -28.665134338126904  -98.52129114913234  -111.71833866644951  0.0  34.545405470186395  -35.59415068384868  -24.1149252746319  -112.13852830239128  -12.01878655979516  -247.01241944455055  -115.75409433876106  -7.943191950824996  158.57381560952686  -267.22334848390585  -283.0612704975666  -63.8573646152974  -205.94974027300125  16.35703877051705  -53.96205243245748  
-113.09368241788862  -91.57019281274306  -133.02170898407724  -41.12615239893377  7.141433548367658  1.3267600740591803  -192.2552347661732  24.855036677219886  -39.06958702002653  27.99235490278261  -169.11945545537253  -179.9858363600731  -151.0574661771272  -152.97153837677013  -322.00612447481643  -91.99527856147883  -118.57515744042432  2.862014062188763  55.77310112924458  -148.83818372030436  -97.68294362152103  -450.1770198872072  -42.890953658346874  -43.656216039520885  -139.66047712685025  -36.09917634192705  -315.05424180809473  -168.435069273799  -34.23713444911563  3.3386951296427867  -575.4557206023917  -306.2390278345649  -63.2105398083133  -133.06669661931875  -146.26374413663592  -34.545405470186395  0.0  -70.13955615403508  -58.660330744818296  -146.6839337725777  -46.564192029981555  -281.55782491473695  -150.29949980894747  -42.48859742101139  124.02841013934047  -301.76875395409223  -317.60667596775306  -98.4027700854838  -240.49514574318766  -18.188366699669345  -88.50745790264388  
-42.95412626385354  -21.430636658707982  -62.882152830042145  29.013403755101308  77.28098970240274  71.46631622809426  -122.11567861213811  94.99459283125496  31.069969134008545  98.13191105681769  -98.97989930133744  -109.84628020603802  -80.9179100230921  -82.83198222273504  -251.86656832078134  -21.85572240744375  -48.43560128638924  73.00157021622384  125.91265728327966  -78.69862756626927  -27.543387467485957  -380.0374637331721  27.248602495688203  26.483340114514192  -69.52092097281516  34.04037981210803  -244.91468565405964  -98.29551311976391  35.90242170491945  73.47825128367786  -505.31616444835663  -236.09947168052983  6.929016345721777  -62.92714046528366  -76.12418798260083  35.59415068384868  70.13955615403508  0.0  11.479225409216781  -76.5443776185426  23.57536412405352  -211.41826876070186  -80.15994365491238  27.650958733023685  194.16796629337554  -231.62919780005714  -247.46711981371797  -28.263213931448718  -170.35558958915257  51.95118945436573  -18.3679017486088  
