Height_Data

node	height
0	289.71384241466995
1	381.46518183659464
2	162.69180043167015
3	217.13440533309506
4	549.8216810210444
5	219.33200580746617
6	326.3987960756196
7	141.41629240399376
8	293.23042639918555
9	146.5556093438395
10	672.8355895959771
11	599.6931499234992
12	525.517605587294
13	455.05202871718666
14	405.2453710327841
15	122.28135898679174
16	435.6728334138955
17	102.39736039038274
18	236.27947972396262
19	491.1741844708366
20	157.7426151476959
21	322.6814478264493
22	149.07031649159663
23	27.227889010081423
24	301.7686554604167
25	39.96730627695755
26	178.49505111493028
27	125.74861075482276
28	24.50772817673953
29	51.508474423692945
30	127.06935558335407
31	545.6720009897473
32	59.66669410920275
33	46.57842512463185
34	504.7818598594161
35	157.0179883767527
36	208.25133875730322
37	313.43340086576956
38	192.89396058064798
39	503.00526954337283
40	186.25054864895012
41	260.3537657037167
42	199.46513434541882
43	23.203066614360427
44	710.6821055787094
45	499.52822897741504
46	212.37941747728476
47	59.471887592373925
48	225.60468254616708
49	385.7412909950539
50	411.2650964320906



height_matrix
0.0  -91.75133942192468  127.02204198299981  72.5794370815749  -260.1078386063744  70.38183660720378  -36.684953660949645  148.2975500106762  -3.5165839845155915  143.15823307083045  -383.12174718130717  -309.9793075088292  -235.8037631726241  -165.3381863025167  -115.53152861811412  167.4324834278782  -145.95899099922553  187.3164820242872  53.43436269070733  -201.46034205616667  131.97122726697407  -32.967605411779346  140.64352592307333  262.48595340458854  -12.054813045746755  249.7465361377124  111.21879129973968  163.96523165984718  265.2061142379304  238.205367990977  162.64448683131587  -255.95815857507733  230.0471483054672  243.1354172900381  -215.06801744474615  132.69585403791726  81.46250365736674  -23.7195584510996  96.81988183402197  -213.29142712870288  103.46329376571984  29.36007671095325  90.24870806925114  266.51077580030955  -420.96826316403946  -209.81438656274509  77.3344249373852  230.24195482229604  64.10915986850287  -96.02744858038392  -121.55125401742066  
91.75133942192468  0.0  218.7733814049245  164.33077650349958  -168.35649918444972  162.13317602912846  55.06638576097504  240.04888943260087  88.23475543740909  234.90957249275513  -291.3704077593825  -218.22796808690453  -144.0524237506994  -73.58684688059202  -23.78018919618944  259.1838228498029  -54.20765157730085  279.0678214462119  145.18570211263201  -109.70900263424198  223.72256668889875  58.78373401014534  232.394865344998  354.2372928265132  79.69652637617793  341.49787555963707  202.97013072166436  255.71657108177186  356.9574536598551  329.95670741290166  254.39582625324056  -164.20681915315265  321.7984877273919  334.8867567119628  -123.31667802282146  224.44719345984194  173.21384307929142  68.03178097082508  188.57122125594665  -121.5400877067782  195.21463318764452  121.11141613287793  182.00004749117582  358.26211522223423  -329.2169237421148  -118.0630471408204  169.08576435930988  321.9932942442207  155.86049929042755  -4.276109158459235  -29.799914595495977  
-127.02204198299981  -218.7733814049245  0.0  -54.442604901424914  -387.12988058937424  -56.64020537579603  -163.70699564394945  21.27550802767638  -130.5386259675154  16.13619108783064  -510.143789164307  -437.00134949182905  -362.8258051556239  -292.36022828551654  -242.55357060111393  40.4104414448784  -272.9810329822253  60.2944400412874  -73.58767929229248  -328.4823840391665  4.949185283974259  -159.98964739477915  13.621483940073517  135.46391142158873  -139.07685502874656  122.7244941547126  -15.803250683260131  36.94318967684738  138.1840722549306  111.1833260079772  35.62244484831608  -382.9802005580772  103.0251063224674  116.1133753070383  -342.0900594277459  5.673812054917448  -45.55953832563307  -150.7416004340994  -30.20216014897784  -340.3134691117027  -23.55874821727997  -97.66196527204656  -36.77333391374867  139.4887338173097  -547.9903051470393  -336.83642854574487  -49.687617045614616  103.21991283929623  -62.91288211449694  -223.04949056338373  -248.57329600042047  
-72.5794370815749  -164.33077650349958  54.442604901424914  0.0  -332.6872756879493  -2.1976004743711144  -109.26439074252454  75.7181129291013  -76.09602106609049  70.57879598925555  -455.70118426288207  -382.5587445904041  -308.383200254199  -237.9176233840916  -188.11096569968902  94.85304634630332  -218.53842808080043  114.73704494271232  -19.145074390867563  -274.03977913774156  59.391790185399174  -105.54704249335424  68.06408884149843  189.90651632301365  -84.63425012732165  177.16709905613752  38.63935421816478  91.3857945782723  192.62667715635553  165.62593090940211  90.065049749741  -328.53759565665223  157.4677112238923  170.5559802084632  -287.64745452632104  60.11641695634236  8.883066575791844  -96.2989955326745  24.240444752447075  -285.8708642102778  30.883856684144945  -43.219360370621644  17.669270987676242  193.93133871873462  -493.54770024561435  -282.39382364432  4.754987855810299  157.66251774072114  -8.470277213072023  -168.6068856619588  -194.13069109899556  
260.1078386063744  168.35649918444972  387.12988058937424  332.6872756879493  0.0  330.48967521357815  223.42288494542476  408.40538861705056  256.5912546218588  403.2660716772049  -123.01390857493277  -49.87146890245481  24.304075433750313  94.7696523038577  144.57630998826028  427.5403220342526  114.14884760714887  447.4243206306616  313.54220129708176  58.647496550207734  392.07906587334844  227.14023319459506  400.75136452944776  522.5937920109629  248.05302556062765  509.8543747440868  371.3266299061141  424.0730702662216  525.3139528443048  498.3132065973514  422.7523254376903  4.149680031297066  490.1549869118416  503.2432558964125  45.039821161628254  392.8036926442917  341.57034226374117  236.3882801552748  356.92772044039634  46.81641147767152  363.5711323720942  289.46791531732765  350.3565466756255  526.618614406684  -160.86042455766506  50.293452043629316  337.4422635437596  490.3497934286704  324.2169984748773  164.08039002599048  138.55658458895374  
-70.38183660720378  -162.13317602912846  56.64020537579603  2.1976004743711144  -330.48967521357815  0.0  -107.06679026815343  77.91571340347241  -73.89842059171937  72.77639646362667  -453.5035837885109  -380.36114411603296  -306.18559977982784  -235.72002290972048  -185.9133652253179  97.05064682067443  -216.34082760642931  116.93464541708343  -16.94747391649645  -271.8421786633704  61.58939065977029  -103.34944201898313  70.26168931586955  192.10411679738476  -82.43664965295054  179.36469953050863  40.8369546925359  93.58339505264341  194.82427763072664  167.82353138377323  92.26265022411211  -326.3399951822811  159.66531169826342  172.75358068283433  -285.44985405194996  62.31401743071348  11.080667050162958  -94.10139505830338  26.43804522681819  -283.67326373590663  33.08145715851606  -41.02175989625053  19.866871462047357  196.12893919310574  -491.3500997712432  -280.1962231699489  6.952588330181413  159.86011821509226  -6.272676738700909  -166.4092851875877  -191.93309062462444  
36.684953660949645  -55.06638576097504  163.70699564394945  109.26439074252454  -223.42288494542476  107.06679026815343  0.0  184.98250367162584  33.168369676434054  179.8431867317801  -346.4367935203575  -273.29435384787956  -199.11880951167444  -128.65323264156706  -78.84657495716448  204.11743708882784  -109.27403733827589  224.00143568523686  90.11931635165698  -164.77538839521702  168.6561809279237  3.7173482491703  177.32847958402297  299.1709070655382  24.63014061520289  286.431489798662  147.90374496068932  200.65018532079682  301.89106789888007  274.8903216519267  199.32944049226552  -219.2732049141277  266.73210196641685  279.82037095098775  -178.3830637837965  169.3808076988669  118.14745731831638  12.965395209850044  133.50483549497162  -176.60647346775323  140.14824742666949  66.0450303719029  126.93366173020078  303.1957294612592  -384.2833095030898  -173.12943290179544  114.01937859833484  266.92690848324565  100.79411352945252  -59.34249491943427  -84.86630035647102  
-148.2975500106762  -240.04888943260087  -21.27550802767638  -75.7181129291013  -408.40538861705056  -77.91571340347241  -184.98250367162584  0.0  -151.81413399519178  -5.139316939845742  -531.4192971919833  -458.27685751950537  -384.10131318330025  -313.63573631319287  -263.8290786287903  19.13493341720202  -294.25654100990175  39.01893201361102  -94.86318731996886  -349.7578920668428  -16.32632274370212  -181.26515542245554  -7.654024087602863  114.18840339391234  -160.35236305642294  101.44898612703622  -37.07875871093651  15.667681649171001  116.90856422725423  89.90781798030082  14.346936820639698  -404.2557085857535  81.74959829479101  94.83786727936192  -363.36556745542237  -15.601695972758932  -66.83504635330945  -172.0171084617758  -51.47766817665422  -361.58897713937904  -44.83425624495635  -118.93747329972294  -58.04884194142505  118.21322578963334  -569.2658131747156  -358.1119365734213  -70.963125073291  81.94440481161985  -84.18839014217332  -244.3249985910601  -269.8488040280969  
3.5165839845155915  -88.23475543740909  130.5386259675154  76.09602106609049  -256.5912546218588  73.89842059171937  -33.168369676434054  151.81413399519178  0.0  146.67481705534604  -379.6051631967916  -306.4627235243136  -232.2871791881085  -161.8216023180011  -112.01494463359853  170.9490674123938  -142.44240701470994  190.8330660088028  56.95094667522292  -197.94375807165108  135.48781125148966  -29.451021427263754  144.16010990758892  266.00253738910413  -8.538229061231164  253.263120122228  114.73537528425527  167.48181564436277  268.722698222446  241.7219519754926  166.16107081583147  -252.44157459056174  233.5637322899828  246.6520012745537  -211.55143346023056  136.21243802243285  84.97908764188233  -20.20297446658401  100.33646581853756  -209.7748431441873  106.97987775023543  32.87666069546884  93.76529205376673  270.02735978482514  -417.45167917952386  -206.2978025782295  80.85100892190079  233.75853880681163  67.62574385301846  -92.51086459586833  -118.03467003290507  
-143.15823307083045  -234.90957249275513  -16.13619108783064  -70.57879598925555  -403.2660716772049  -72.77639646362667  -179.8431867317801  5.139316939845742  -146.67481705534604  0.0  -526.2799802521376  -453.1375405796597  -378.96199624345456  -308.4964193733472  -258.6897616889446  24.274250357047762  -289.11722407005595  44.15824895345676  -89.72387038012312  -344.61857512699714  -11.18700580385638  -176.1258384826098  -2.5147071477571217  119.32772033375808  -155.2130461165772  106.58830306688196  -31.93944177109077  20.806998589016743  122.04788116709997  95.04713492014656  19.48625376048544  -399.1163916459078  86.88891523463676  99.97718421920766  -358.22625051557657  -10.46237903291319  -61.69572941346371  -166.87779152193005  -46.33835123680848  -356.44966019953335  -39.69493930511061  -113.7981563598772  -52.90952500157931  123.35254272947908  -564.1264962348699  -352.9726196335755  -65.82380813344525  87.08372175146559  -79.04907320232758  -239.18568165121437  -264.7094870882511  
383.12174718130717  291.3704077593825  510.143789164307  455.70118426288207  123.01390857493277  453.5035837885109  346.4367935203575  531.4192971919833  379.6051631967916  526.2799802521376  0.0  73.14243967247796  147.31798400868308  217.78356087879047  267.59021856319305  550.5542306091854  237.16275618208164  570.4382292055943  436.55610987201453  181.6614051251405  515.0929744482812  350.1541417695278  523.7652731043805  645.6077005858957  371.0669341355604  632.8682833190196  494.34053848104685  547.0869788411544  648.3278614192376  621.3271151722842  545.766234012623  127.16358860622984  613.1688954867743  626.2571644713453  168.05372973656102  515.8176012192245  464.58425083867394  359.40218873020757  479.9416290153291  169.8303200526043  486.585040947027  412.4818238922604  473.3704552505583  649.6325229816167  -37.846515982732285  173.3073606185621  460.4561721186924  613.3637020036032  447.23090704981007  287.09429860092325  261.5704931638865  
309.9793075088292  218.22796808690453  437.00134949182905  382.5587445904041  49.87146890245481  380.36114411603296  273.29435384787956  458.27685751950537  306.4627235243136  453.1375405796597  -73.14243967247796  0.0  74.17554433620512  144.6411212063125  194.44777889071509  477.4117909367074  164.02031650960367  497.2957895331164  363.41367019953657  108.51896545266254  441.95053477580325  277.01170209704986  450.62283343190256  572.4652609134178  297.92449446308245  559.7258436465416  421.1980988085689  473.9445391686764  575.1854217467596  548.1846754998062  472.6237943401451  54.021148933751874  540.0264558142965  553.1147247988673  94.91129006408306  442.6751615467465  391.441811166196  286.2597490577296  406.79918934285115  96.68788038012633  413.442601274549  339.33938421978246  400.2280155780803  576.4900833091388  -110.98895565521025  100.16492094608412  387.31373244621443  540.2212623311252  374.0884673773321  213.9518589284453  188.42805349140855  
235.8037631726241  144.0524237506994  362.8258051556239  308.383200254199  -24.304075433750313  306.18559977982784  199.11880951167444  384.10131318330025  232.2871791881085  378.96199624345456  -147.31798400868308  -74.17554433620512  0.0  70.46557687010738  120.27223455450996  403.2362466005023  89.84477217339855  423.1202451969113  289.23812586333145  34.34342111645742  367.7749904395981  202.83615776084474  376.44728909569744  498.28971657721263  223.74895012687733  485.55029931033647  347.02255447236377  399.76899483247126  501.0098774105545  474.00913116360107  398.44825000393996  -20.154395402453247  465.8509114780913  478.9391804626622  20.73574572787794  368.4996172105414  317.26626682999085  212.0842047215245  332.62364500664603  22.51233604392121  339.2670569383439  265.16383988357734  326.0524712418752  502.31453897293363  -185.16449999141537  25.989376609879002  313.1381881100093  466.0457179949201  299.912923041127  139.77631459224017  114.25250915520343  
165.3381863025167  73.58684688059202  292.36022828551654  237.9176233840916  -94.7696523038577  235.72002290972048  128.65323264156706  313.63573631319287  161.8216023180011  308.4964193733472  -217.78356087879047  -144.6411212063125  -70.46557687010738  0.0  49.80665768440258  332.7706697303949  19.37919530329117  352.6546683268039  218.77254899322404  -36.12215575364996  297.30941356949074  132.37058089073736  305.98171222559006  427.82413970710525  153.28337325676995  415.0847224402291  276.5569776022564  329.3034179623639  430.5443005404471  403.5435542934937  327.9826731338326  -90.61997227256063  395.3853346079839  408.4736035925548  -49.72983114222944  298.034040340434  246.80068995988344  141.6186278514171  262.15806813653865  -47.953240826186175  268.8014800682365  194.69826301346995  255.58689437176784  431.84896210282625  -255.63007686152275  -44.47620026022838  242.6726112399019  395.5801411248127  229.44734617101957  69.31073772213279  43.78693228509604  
115.53152861811412  23.78018919618944  242.55357060111393  188.11096569968902  -144.57630998826028  185.9133652253179  78.84657495716448  263.8290786287903  112.01494463359853  258.6897616889446  -267.59021856319305  -194.44777889071509  -120.27223455450996  -49.80665768440258  0.0  282.9640120459923  -30.42746238111141  302.84801064240133  168.96589130882145  -85.92881343805254  247.5027558850882  82.56392320633478  256.1750545411875  378.01748202270267  103.47671557236737  365.2780647558265  226.7503199178538  279.4967602779613  380.73764285604454  353.7368966090911  278.17601544943  -140.4266299569632  345.5786769235813  358.66694590815223  -99.53648882663202  248.22738265603138  196.99403227548086  91.81197016701452  212.3514104521361  -97.75989851058876  218.99482238383396  144.89160532906737  205.78023668736526  382.04230441842367  -305.43673454592533  -94.28285794463096  192.86595355549932  345.77348344041013  179.640688486617  19.504080037730205  -6.019725399306537  
-167.4324834278782  -259.1838228498029  -40.4104414448784  -94.85304634630332  -427.5403220342526  -97.05064682067443  -204.11743708882784  -19.13493341720202  -170.9490674123938  -24.274250357047762  -550.5542306091854  -477.4117909367074  -403.2362466005023  -332.7706697303949  -282.9640120459923  0.0  -313.39147442710373  19.883998596409  -113.99812073717088  -368.89282548404486  -35.46125616090414  -200.40008883965754  -26.788957504804884  95.05346997671032  -179.48729647362495  82.31405270983419  -56.21369212813853  -3.4672517680310193  97.77363081005221  70.7728845630988  -4.787996596562323  -423.39064200295553  62.61466487758899  75.7029338621599  -382.50050087262434  -34.73662938996095  -85.96997977051147  -191.1520418789778  -70.61260159385624  -380.7239105565811  -63.96918966215837  -138.07240671692495  -77.18377535862707  99.07829237243132  -588.4007465919177  -377.2468699906233  -90.09805849049302  62.80947139441782  -103.32332355937534  -263.4599320082621  -288.98373744529886  
145.95899099922553  54.20765157730085  272.9810329822253  218.53842808080043  -114.14884760714887  216.34082760642931  109.27403733827589  294.25654100990175  142.44240701470994  289.11722407005595  -237.16275618208164  -164.02031650960367  -89.84477217339855  -19.37919530329117  30.42746238111141  313.39147442710373  0.0  333.27547302351275  199.39335368993287  -55.50135105694113  277.93021826619963  112.99138558744619  286.60251692229883  408.4449444038141  133.90417795347878  395.7055271369379  257.1777822989652  309.9242226590727  411.16510523715596  384.1643589902026  308.6034778305414  -109.9991675758518  376.00613930469274  389.09440828926364  -69.10902644552061  278.65484503714276  227.42149465659227  122.23943254812593  242.7788728332475  -67.33243612947734  249.42228476494537  175.31906771017879  236.20769906847667  412.4697667995351  -275.0092721648139  -63.85539556351955  223.29341593661073  376.20094582152154  210.0681508677284  49.931542418841616  24.407736981804874  
-187.3164820242872  -279.0678214462119  -60.2944400412874  -114.73704494271232  -447.4243206306616  -116.93464541708343  -224.00143568523686  -39.01893201361102  -190.8330660088028  -44.15824895345676  -570.4382292055943  -497.2957895331164  -423.1202451969113  -352.6546683268039  -302.84801064240133  -19.883998596409  -333.27547302351275  0.0  -133.88211933357988  -388.7768240804539  -55.34525475731314  -220.28408743606656  -46.672956101213884  75.16947138030132  -199.37129507003397  62.43005411342519  -76.09769072454753  -23.35125036444002  77.88963221364321  50.8888859666898  -24.671995192971323  -443.27464059936455  42.73066628117999  55.818935265750895  -402.38449946903336  -54.62062798636995  -105.85397836692047  -211.0360404753868  -90.49660019026524  -400.6079091529901  -83.85318825856737  -157.95640531333396  -97.06777395503607  79.19429377602232  -608.2847451883267  -397.1308685870323  -109.98205708690202  42.92547279800882  -123.20732215578434  -283.34393060467113  -308.8677360417079  
-53.43436269070733  -145.18570211263201  73.58767929229248  19.145074390867563  -313.54220129708176  16.94747391649645  -90.11931635165698  94.86318731996886  -56.95094667522292  89.72387038012312  -436.55610987201453  -363.41367019953657  -289.23812586333145  -218.77254899322404  -168.96589130882145  113.99812073717088  -199.39335368993287  133.88211933357988  0.0  -254.894704746874  78.53686457626674  -86.40196810248668  87.209163232366  209.0515907138812  -65.48917573645409  196.31217344700508  57.78442860903235  110.53086896913986  211.7717515472231  184.77100530026968  109.21012414060856  -309.3925212657847  176.61278561475987  189.70105459933077  -268.50238013545345  79.26149134720993  28.028140966659407  -77.15392114180693  43.38551914331464  -266.72578981941024  50.02893107501251  -24.07428597975408  36.814345378543806  213.07641310960219  -474.4026258547468  -263.2487492534524  23.900062246677862  176.8075921315887  10.67479717779554  -149.46181127109125  -174.985616708128  
201.46034205616667  109.70900263424198  328.4823840391665  274.03977913774156  -58.647496550207734  271.8421786633704  164.77538839521702  349.7578920668428  197.94375807165108  344.61857512699714  -181.6614051251405  -108.51896545266254  -34.34342111645742  36.12215575364996  85.92881343805254  368.89282548404486  55.50135105694113  388.7768240804539  254.894704746874  0.0  333.4315693231407  168.49273664438732  342.10386797924  463.9462954607552  189.4055290104199  451.20687819387905  312.67913335590634  365.42557371601384  466.6664562940971  439.66571004714365  364.10482888748254  -54.49781651891067  431.50749036163387  444.5957593462048  -13.60767538857948  334.15619609408395  282.92284571353343  177.74078360506707  298.2802238901886  -11.831085072536212  304.9236358218865  230.82041876711992  291.7090501254178  467.9711178564762  -219.5079211078728  -8.354044506578418  278.7947669935519  431.7022968784627  265.56950192466957  105.43289347578275  79.909088038746  
-131.97122726697407  -223.72256668889875  -4.949185283974259  -59.391790185399174  -392.07906587334844  -61.58939065977029  -168.6561809279237  16.32632274370212  -135.48781125148966  11.18700580385638  -515.0929744482812  -441.95053477580325  -367.7749904395981  -297.30941356949074  -247.5027558850882  35.46125616090414  -277.93021826619963  55.34525475731314  -78.53686457626674  -333.4315693231407  0.0  -164.9388326787534  8.672298656099258  130.51472613761447  -144.02604031272082  117.77530887073834  -20.75243596723439  31.994004392873123  133.23488697095635  106.23414072400294  30.67325956434182  -387.9293858420514  98.07592103849314  111.16419002306404  -347.03924471172024  0.7246267709431891  -50.50872360960733  -155.69078571807367  -35.1513454329521  -345.2626543956769  -28.50793350125423  -102.61115055602082  -41.72251919772293  134.53954853333545  -552.9394904310135  -341.7856138297192  -54.636802329588875  98.27072755532197  -67.8620673984712  -227.998675847358  -253.52248128439473  
32.967605411779346  -58.78373401014534  159.98964739477915  105.54704249335424  -227.14023319459506  103.34944201898313  -3.7173482491703  181.26515542245554  29.451021427263754  176.1258384826098  -350.1541417695278  -277.01170209704986  -202.83615776084474  -132.37058089073736  -82.56392320633478  200.40008883965754  -112.99138558744619  220.28408743606656  86.40196810248668  -168.49273664438732  164.9388326787534  0.0  173.61113133485267  295.4535588163679  20.91279236603259  282.7141415494917  144.18639671151902  196.93283707162652  298.17371964970977  271.1729734027564  195.61209224309522  -222.990553163298  263.01475371724655  276.10302270181745  -182.1004120329668  165.6634594496966  114.43010906914608  9.248046960679744  129.78748724580132  -180.32382171692353  136.43089917749919  62.3276821227326  123.21631348103048  299.4783812120889  -388.0006577522601  -176.84678115096574  110.30203034916454  263.20956023407535  97.07676528028222  -63.05984316860457  -88.58364860564132  
-140.64352592307333  -232.394865344998  -13.621483940073517  -68.06408884149843  -400.75136452944776  -70.26168931586955  -177.32847958402297  7.654024087602863  -144.16010990758892  2.5147071477571217  -523.7652731043805  -450.62283343190256  -376.44728909569744  -305.98171222559006  -256.1750545411875  26.788957504804884  -286.60251692229883  46.672956101213884  -87.209163232366  -342.10386797924  -8.672298656099258  -173.61113133485267  0.0  121.8424274815152  -152.69833896882008  109.10301021463908  -29.42473462333365  23.321705736773865  124.5625883148571  97.56184206790368  22.00096090824256  -396.6016844981507  89.40362238239388  102.49189136696478  -355.71154336781944  -7.947671885156069  -59.18102226570659  -164.36308437417293  -43.823644089051356  -353.93495305177623  -37.18023215735349  -111.28344921212008  -50.39481785382219  125.8672498772362  -561.6117890871128  -350.4579124858184  -63.30910098568813  89.59842889922271  -76.53436605457046  -236.67097450345724  -262.19477994049396  
-262.48595340458854  -354.2372928265132  -135.46391142158873  -189.90651632301365  -522.5937920109629  -192.10411679738476  -299.1709070655382  -114.18840339391234  -266.00253738910413  -119.32772033375808  -645.6077005858957  -572.4652609134178  -498.28971657721263  -427.82413970710525  -378.01748202270267  -95.05346997671032  -408.4449444038141  -75.16947138030132  -209.0515907138812  -463.9462954607552  -130.51472613761447  -295.4535588163679  -121.8424274815152  0.0  -274.5407664503353  -12.739417266876128  -151.26716210484886  -98.52072174474134  2.720160833341893  -24.280585413611522  -99.84146657327264  -518.4441119796659  -32.438805099121325  -19.350536114550426  -477.5539708493347  -129.79009936667128  -181.0234497472218  -286.20551185568814  -165.66607157056657  -475.7773805332914  -159.0226596388687  -233.1258766936353  -172.2372453353374  4.024822395720996  -683.454216568628  -472.3003399673336  -185.15152846720335  -32.243998582292505  -198.37679353608567  -358.51340198497246  -384.0372074220092  
12.054813045746755  -79.69652637617793  139.07685502874656  84.63425012732165  -248.05302556062765  82.43664965295054  -24.63014061520289  160.35236305642294  8.538229061231164  155.2130461165772  -371.0669341355604  -297.92449446308245  -223.74895012687733  -153.28337325676995  -103.47671557236737  179.48729647362495  -133.90417795347878  199.37129507003397  65.48917573645409  -189.4055290104199  144.02604031272082  -20.91279236603259  152.69833896882008  274.5407664503353  0.0  261.80134918345914  123.27360434548643  176.02004470559393  277.2609272836772  250.26018103672376  174.69929987706263  -243.90334552933058  242.10196135121396  255.19023033578486  -203.0132043989994  144.750667083664  93.5173167031135  -11.664745405352846  108.87469487976873  -201.23661408295612  115.5181068114666  41.414889756700006  102.30352111499789  278.5655888460563  -408.9134501182927  -197.75957351699833  89.38923798313195  242.2967678680428  76.16397291424963  -83.97263553463716  -109.4964409716739  
-249.7465361377124  -341.49787555963707  -122.7244941547126  -177.16709905613752  -509.8543747440868  -179.36469953050863  -286.431489798662  -101.44898612703622  -253.263120122228  -106.58830306688196  -632.8682833190196  -559.7258436465416  -485.55029931033647  -415.0847224402291  -365.2780647558265  -82.31405270983419  -395.7055271369379  -62.43005411342519  -196.31217344700508  -451.20687819387905  -117.77530887073834  -282.7141415494917  -109.10301021463908  12.739417266876128  -261.80134918345914  0.0  -138.52774483797273  -85.7813044778652  15.459578100218021  -11.541168146735394  -87.10204930639651  -505.7046947127897  -19.6993878322452  -6.611118847674298  -464.81455358245853  -117.05068209979515  -168.28403248034567  -273.466094588812  -152.92665430369044  -463.03796326641526  -146.28324237199257  -220.38645942675916  -159.49782806846127  16.764239662597124  -670.7147993017519  -459.56092270045747  -172.41211120032722  -19.504581315416374  -185.63737626920954  -345.7739847180963  -371.29779015513304  
-111.21879129973968  -202.97013072166436  15.803250683260131  -38.63935421816478  -371.3266299061141  -40.8369546925359  -147.90374496068932  37.07875871093651  -114.73537528425527  31.93944177109077  -494.34053848104685  -421.1980988085689  -347.02255447236377  -276.5569776022564  -226.7503199178538  56.21369212813853  -257.1777822989652  76.09769072454753  -57.78442860903235  -312.67913335590634  20.75243596723439  -144.18639671151902  29.42473462333365  151.26716210484886  -123.27360434548643  138.52774483797273  0.0  52.74644036010751  153.98732293819074  126.98657669123733  51.42569553157621  -367.176949874817  118.82835700572753  131.91662599029843  -326.2868087444858  21.47706273817758  -29.75628764237294  -134.93834975083928  -14.398909465717708  -324.51021842844256  -7.755497534019838  -81.85871458878643  -20.97008323048854  155.29198450056984  -532.1870544637791  -321.03317786248476  -33.884366362354484  119.02316352255636  -47.10963143123681  -207.2462398801236  -232.77004531716034  
-163.96523165984718  -255.71657108177186  -36.94318967684738  -91.3857945782723  -424.0730702662216  -93.58339505264341  -200.65018532079682  -15.667681649171001  -167.48181564436277  -20.806998589016743  -547.0869788411544  -473.9445391686764  -399.76899483247126  -329.3034179623639  -279.4967602779613  3.4672517680310193  -309.9242226590727  23.35125036444002  -110.53086896913986  -365.42557371601384  -31.994004392873123  -196.93283707162652  -23.321705736773865  98.52072174474134  -176.02004470559393  85.7813044778652  -52.74644036010751  0.0  101.24088257808323  74.24013633112982  -1.3207448285313035  -419.9233902349245  66.08191664562001  79.17018563019091  -379.0332491045933  -31.269377621929934  -82.50272800248045  -187.68479011094678  -67.14534982582522  -377.25665878855006  -60.50193789412735  -134.60515494889393  -73.71652359059605  102.54554414046234  -584.9334948238867  -373.77961822259226  -86.630806722462  66.27672316244883  -99.85607179134432  -259.9926802402311  -285.51648567726784  
-265.2061142379304  -356.9574536598551  -138.1840722549306  -192.62667715635553  -525.3139528443048  -194.82427763072664  -301.89106789888007  -116.90856422725423  -268.722698222446  -122.04788116709997  -648.3278614192376  -575.1854217467596  -501.0098774105545  -430.5443005404471  -380.73764285604454  -97.77363081005221  -411.16510523715596  -77.88963221364321  -211.7717515472231  -466.6664562940971  -133.23488697095635  -298.17371964970977  -124.5625883148571  -2.720160833341893  -277.2609272836772  -15.459578100218021  -153.98732293819074  -101.24088257808323  0.0  -27.000746246953415  -102.56162740661453  -521.1642728130078  -35.15896593246322  -22.07069694789232  -480.27413168267657  -132.51026020001316  -183.74361058056368  -288.92567268903  -168.38623240390845  -478.4975413666333  -161.74282047221058  -235.84603752697717  -174.95740616867928  1.3046615623791027  -686.1743774019699  -475.0205008006755  -187.87168930054523  -34.9641594156344  -201.09695436942755  -361.23356281831434  -386.7573682553511  
-238.205367990977  -329.95670741290166  -111.1833260079772  -165.62593090940211  -498.3132065973514  -167.82353138377323  -274.8903216519267  -89.90781798030082  -241.7219519754926  -95.04713492014656  -621.3271151722842  -548.1846754998062  -474.00913116360107  -403.5435542934937  -353.7368966090911  -70.7728845630988  -384.1643589902026  -50.8888859666898  -184.77100530026968  -439.66571004714365  -106.23414072400294  -271.1729734027564  -97.56184206790368  24.280585413611522  -250.26018103672376  11.541168146735394  -126.98657669123733  -74.24013633112982  27.000746246953415  0.0  -75.56088115966112  -494.1635265660543  -8.158219685509806  4.930049299061096  -453.2733854357232  -105.50951395305975  -156.74286433361027  -261.92492644207664  -141.38548615695504  -451.49679511967986  -134.74207422525717  -208.84529128002376  -147.95665992172587  28.305407809332518  -659.1736311550164  -448.0197545537221  -160.87094305359182  -7.9634131686809795  -174.09620812247414  -334.2328165713609  -359.7566220083977  
-162.64448683131587  -254.39582625324056  -35.62244484831608  -90.065049749741  -422.7523254376903  -92.26265022411211  -199.32944049226552  -14.346936820639698  -166.16107081583147  -19.48625376048544  -545.766234012623  -472.6237943401451  -398.44825000393996  -327.9826731338326  -278.17601544943  4.787996596562323  -308.6034778305414  24.671995192971323  -109.21012414060856  -364.10482888748254  -30.67325956434182  -195.61209224309522  -22.00096090824256  99.84146657327264  -174.69929987706263  87.10204930639651  -51.42569553157621  1.3207448285313035  102.56162740661453  75.56088115966112  0.0  -418.6026454063932  67.40266147415132  80.49093045872222  -377.712504276062  -29.94863279339863  -81.18198317394915  -186.36404528241547  -65.82460499729392  -375.93591396001875  -59.18119306559605  -133.28441012036262  -72.39577876206475  103.86628896899364  -583.6127499953553  -372.45887339406096  -85.3100618939307  67.59746799098014  -98.53532696281302  -258.6719354116998  -284.19574084873653  
255.95815857507733  164.20681915315265  382.9802005580772  328.53759565665223  -4.149680031297066  326.3399951822811  219.2732049141277  404.2557085857535  252.44157459056174  399.1163916459078  -127.16358860622984  -54.021148933751874  20.154395402453247  90.61997227256063  140.4266299569632  423.39064200295553  109.9991675758518  443.27464059936455  309.3925212657847  54.49781651891067  387.9293858420514  222.990553163298  396.6016844981507  518.4441119796659  243.90334552933058  505.7046947127897  367.176949874817  419.9233902349245  521.1642728130078  494.1635265660543  418.6026454063932  0.0  486.00530688054454  499.09357586511544  40.89014113033119  388.6540126129946  337.4206622324441  232.23860012397773  352.7780404090993  42.666731446374456  359.42145234079715  285.3182352860306  346.20686664432844  522.4689343753869  -165.01010458896212  46.14377201233225  333.29258351246256  486.20011339737334  320.06731844358023  159.93070999469342  134.40690455765667  
-230.0471483054672  -321.7984877273919  -103.0251063224674  -157.4677112238923  -490.1549869118416  -159.66531169826342  -266.73210196641685  -81.74959829479101  -233.5637322899828  -86.88891523463676  -613.1688954867743  -540.0264558142965  -465.8509114780913  -395.3853346079839  -345.5786769235813  -62.61466487758899  -376.00613930469274  -42.73066628117999  -176.61278561475987  -431.50749036163387  -98.07592103849314  -263.01475371724655  -89.40362238239388  32.438805099121325  -242.10196135121396  19.6993878322452  -118.82835700572753  -66.08191664562001  35.15896593246322  8.158219685509806  -67.40266147415132  -486.00530688054454  0.0  13.088268984570902  -445.11516575021335  -97.35129426754995  -148.58464464810046  -253.7667067565668  -133.22726647144523  -443.3385754341701  -126.58385453974736  -200.68707159451395  -139.79844023621607  36.46362749484233  -651.0154114695067  -439.8615348682123  -152.712723368082  0.19480651682882666  -165.93798843696433  -326.0745968858511  -351.59840232288786  
-243.1354172900381  -334.8867567119628  -116.1133753070383  -170.5559802084632  -503.2432558964125  -172.75358068283433  -279.82037095098775  -94.83786727936192  -246.6520012745537  -99.97718421920766  -626.2571644713453  -553.1147247988673  -478.9391804626622  -408.4736035925548  -358.66694590815223  -75.7029338621599  -389.09440828926364  -55.818935265750895  -189.70105459933077  -444.5957593462048  -111.16419002306404  -276.10302270181745  -102.49189136696478  19.350536114550426  -255.19023033578486  6.611118847674298  -131.91662599029843  -79.17018563019091  22.07069694789232  -4.930049299061096  -80.49093045872222  -499.09357586511544  -13.088268984570902  0.0  -458.20343473478425  -110.43956325212085  -161.67291363267137  -266.8549757411377  -146.31553545601614  -456.426844418741  -139.67212352431827  -213.77534057908485  -152.88670922078697  23.375358510271422  -664.1036804540776  -452.9498038527832  -165.8009923526529  -12.893462467742076  -179.02625742153523  -339.162865870422  -364.68667130745877  
215.06801744474615  123.31667802282146  342.0900594277459  287.64745452632104  -45.039821161628254  285.44985405194996  178.3830637837965  363.36556745542237  211.55143346023056  358.22625051557657  -168.05372973656102  -94.91129006408306  -20.73574572787794  49.72983114222944  99.53648882663202  382.50050087262434  69.10902644552061  402.38449946903336  268.50238013545345  13.60767538857948  347.03924471172024  182.1004120329668  355.71154336781944  477.5539708493347  203.0132043989994  464.81455358245853  326.2868087444858  379.0332491045933  480.27413168267657  453.2733854357232  377.712504276062  -40.89014113033119  445.11516575021335  458.20343473478425  0.0  347.7638714826634  296.53052110211286  191.34845899364655  311.88789927876815  1.7765903160432686  318.531311210466  244.4280941556994  305.3167255139973  481.5787932450557  -205.9002457192933  5.253630882001062  292.4024423821313  445.30997226704216  279.177177313249  119.04056886436223  93.51676342732549  
-132.69585403791726  -224.44719345984194  -5.673812054917448  -60.11641695634236  -392.8036926442917  -62.31401743071348  -169.3808076988669  15.601695972758932  -136.21243802243285  10.46237903291319  -515.8176012192245  -442.6751615467465  -368.4996172105414  -298.034040340434  -248.22738265603138  34.73662938996095  -278.65484503714276  54.62062798636995  -79.26149134720993  -334.15619609408395  -0.7246267709431891  -165.6634594496966  7.947671885156069  129.79009936667128  -144.750667083664  117.05068209979515  -21.47706273817758  31.269377621929934  132.51026020001316  105.50951395305975  29.94863279339863  -388.6540126129946  97.35129426754995  110.43956325212085  -347.7638714826634  0.0  -51.23335038055052  -156.41541248901686  -35.87597220389529  -345.98728116662016  -29.232560272197418  -103.335777326964  -42.44714596866612  133.81492176239226  -553.6641172019567  -342.5102406006623  -55.361429100532064  97.54610078437878  -68.58669416941439  -228.72330261830118  -254.24710805533792  
-81.46250365736674  -173.21384307929142  45.55953832563307  -8.883066575791844  -341.57034226374117  -11.080667050162958  -118.14745731831638  66.83504635330945  -84.97908764188233  61.69572941346371  -464.58425083867394  -391.441811166196  -317.26626682999085  -246.80068995988344  -196.99403227548086  85.96997977051147  -227.42149465659227  105.85397836692047  -28.028140966659407  -282.92284571353343  50.50872360960733  -114.43010906914608  59.18102226570659  181.0234497472218  -93.5173167031135  168.28403248034567  29.75628764237294  82.50272800248045  183.74361058056368  156.74286433361027  81.18198317394915  -337.4206622324441  148.58464464810046  161.67291363267137  -296.53052110211286  51.23335038055052  0.0  -105.18206210846634  15.357378176655232  -294.75393078606965  22.0007901083531  -52.10242694641349  8.786204411884398  185.04827214294278  -502.4307668214062  -291.2768902201118  -4.128078719981545  148.7794511649293  -17.353343788863867  -177.48995223775066  -203.0137576747874  
23.7195584510996  -68.03178097082508  150.7416004340994  96.2989955326745  -236.3882801552748  94.10139505830338  -12.965395209850044  172.0171084617758  20.20297446658401  166.87779152193005  -359.40218873020757  -286.2597490577296  -212.0842047215245  -141.6186278514171  -91.81197016701452  191.1520418789778  -122.23943254812593  211.0360404753868  77.15392114180693  -177.74078360506707  155.69078571807367  -9.248046960679744  164.36308437417293  286.20551185568814  11.664745405352846  273.466094588812  134.93834975083928  187.68479011094678  288.92567268903  261.92492644207664  186.36404528241547  -232.23860012397773  253.7667067565668  266.8549757411377  -191.34845899364655  156.41541248901686  105.18206210846634  0.0  120.53944028512157  -189.57186867760328  127.18285221681944  53.07963516205285  113.96826652035074  290.23033425140915  -397.24870471293985  -186.09482811164548  101.0539833884848  253.96151327339564  87.82871831960247  -72.30789012928432  -97.83169556632106  
