Height_Data

node	height
0	108.38297242156689
1	47.32060425769921
2	83.38314509453915
3	140.07071215323316
4	148.83664899737002
5	64.62665088429728
6	296.79006591526604
7	105.21177381191512
8	257.55678046627935
9	195.40460846468824
10	261.0422415624562
11	248.72675818237838
12	115.55370876995971
13	146.86921906488757
14	61.32099822048464
15	209.6573675525083
16	64.30746380489637
17	181.68099073645462
18	105.34774558416609
19	24.730016839221587
20	217.4338503428338
21	40.56593620938781
22	68.31360989129357
23	204.11788821013565
24	74.57622357521173
25	175.78125653718243
26	85.92099782842006
27	87.29806958894586
28	24.435470536609873
29	27.324411371636764
30	135.80199820441274
31	114.54371478574701
32	41.476815206227826
33	250.96183203287205
34	332.38990373084994
35	365.13541909565436
36	104.94750866634372
37	171.82242289284304
38	64.70904756818355
39	142.07834060821187
40	240.40383650513888
41	52.15688769644661
42	68.80021391777275
43	236.17495706630442
44	94.14654433022052
45	132.36851386516653
46	78.93819852467097
47	115.45483424918135
48	112.94363629206222
49	72.91938207839601
50	132.64434794337564



height_matrix
0.0  213.71828857353685  87.49939564459709  -110.90708906083194  -141.58786801531096  153.14712538044364  -659.424827227947  11.099195133781166  -522.1083281564936  -304.57572615092477  -534.3074419931125  -491.20325016284016  -25.097577219374898  -134.7018632516224  164.71690970378785  -354.460382958295  154.2642801583468  -256.5430641021071  10.623293930902776  292.7853445382085  -381.6780727244342  237.35962674262677  140.24276885595663  -335.0722052599907  118.32362096224307  -235.89399440465445  78.61691107601388  73.79715991417356  293.81625659734954  283.7049636747554  -95.96659023996051  -21.56259827463043  234.1715502536867  -499.0260086395681  -784.0242595824906  -898.6335633593061  12.024123143281088  -222.03807664946657  152.85873698684168  -117.93378865325747  -462.07302429250205  196.79129653792097  138.53965476327946  -447.2719462565814  49.82749831971228  -83.94939505259879  103.0567086391357  -24.75151639665063  -15.962323546733671  124.12256620109804  -84.91481432633066  
-213.71828857353685  0.0  -126.21889292893977  -324.62537763436876  -355.3061565888478  -60.57116319309321  -873.1431158014839  -202.6190934397557  -735.8266167300304  -518.2940147244616  -748.0257305666494  -704.921538736377  -238.81586579291175  -348.4201518251592  -49.001378869749004  -568.1786715318318  -59.45400841519006  -470.26135267564393  -203.09499464263408  79.06705596467168  -595.396361297971  23.64133816908992  -73.47551971758023  -548.7904938335275  -95.39466761129378  -449.6122829781913  -135.10137749752298  -139.9211286593633  80.09796802381268  69.98667510121857  -309.68487881349733  -235.28088684816728  20.453261680149836  -712.7442972131049  -997.7425481560274  -1112.351851932843  -201.69416543025577  -435.7563652230034  -60.859551586695176  -331.6520772267943  -675.7913128660389  -16.926992035615882  -75.1786338102574  -660.9902348301182  -163.89079025382458  -297.6676836261356  -110.66157993440115  -238.46980497018748  -229.68061212027052  -89.59572237243881  -298.6331028998675  
-87.49939564459709  126.21889292893977  0.0  -198.40648470542902  -229.08726365990805  65.64772973584655  -746.9242228725441  -76.40020051081592  -609.6077238010907  -392.07512179552185  -621.8068376377096  -578.7026458074372  -112.59697286397198  -222.20125889621949  77.21751405919076  -441.9597786028921  66.7648845137497  -344.0424597467042  -76.87610171369431  205.28594889361145  -469.17746836903126  149.8602310980297  52.74337321135954  -422.5716009045878  30.824225317645983  -323.39339004925154  -8.882484568583209  -13.702235730423524  206.31686095275245  196.20556803015833  -183.4659858845576  -109.06199391922752  146.6721546090896  -586.5254042841652  -871.5236552270876  -986.1329590039031  -75.475272501316  -309.53747229406366  65.35934134224459  -205.43318429785455  -549.5724199370991  109.29190089332388  51.04025911868237  -534.7713419011784  -37.67189732488481  -171.44879069719588  15.55731299453862  -112.25091204124772  -103.46171919133076  36.62317055650095  -172.41420997092774  
110.90708906083194  324.62537763436876  198.40648470542902  0.0  -30.680778954479024  264.0542144412756  -548.5177381671151  122.0062841946131  -411.20123909566166  -193.66863709009283  -423.4003529322806  -380.2961611020082  85.80951184145704  -23.794774190790463  275.6239987646198  -243.55329389746305  265.1713692191787  -145.63597504127517  121.53038299173471  403.69243359904044  -270.77098366360224  348.26671580345874  251.14985791678856  -224.16511619915877  229.230710023075  -124.98690534382251  189.5240001368458  184.7042489750055  404.7233456581815  394.6120527355873  14.940498820871426  89.3444907862015  345.0786393145186  -388.11891957873615  -673.1171705216586  -787.7264742984742  122.93121220411302  -111.13098758863464  263.7658260476736  -7.02669959242553  -351.1659352316701  307.6983855987529  249.4467438241114  -336.36485719574944  160.7345873805442  26.957694008233148  213.96379769996764  86.1555726641813  94.94476551409826  235.02965526192997  25.99227473450128  
141.58786801531096  355.3061565888478  229.08726365990805  30.680778954479024  0.0  294.7349933957546  -517.8369592126361  152.68706314909213  -380.52046014118264  -162.9878581356138  -392.7195739778016  -349.6153821475292  116.49029079593606  6.886004763688561  306.3047777190988  -212.87251494298403  295.8521481736577  -114.95519608679615  152.21116194621374  434.37321255351947  -240.0902047091232  378.94749475793776  281.8306368712676  -193.48433724467975  259.91148897755403  -94.30612638934349  220.20477909132484  215.38502792948452  435.4041246126605  425.29283169006635  45.62127777535045  120.02526974068053  375.75941826899765  -357.43814062425713  -642.4363915671796  -757.0456953439951  153.61199115859205  -80.45020863415562  294.44660500215264  23.654079362053494  -320.4851562771911  338.37916455323193  280.12752277859045  -305.6840782412704  191.41536633502324  57.63847296271217  244.64457665444667  116.83635161866033  125.62554446857729  265.710434216409  56.6730536889803  
-153.14712538044364  60.57116319309321  -65.64772973584655  -264.0542144412756  -294.7349933957546  0.0  -812.5719526083907  -142.04793024666247  -675.2554535369372  -457.7228515313684  -687.4545673735562  -644.3503755432838  -178.24470259981854  -287.84898863206604  11.569784323344209  -507.6075083387386  1.1171547779031528  -409.69018948255075  -142.52383144954086  139.6382191577649  -534.8251981048778  84.21250136218313  -12.904356524487014  -488.21933064043435  -34.82350441820057  -389.0411197850981  -74.53021430442976  -79.34996546627008  140.6691312169059  130.55783829431178  -249.11371562040415  -174.70972365507407  81.02442487324305  -652.1731340200117  -937.1713849629342  -1051.7806887397496  -141.12300223716255  -375.1852020299102  -0.2883883936019629  -271.0809140337011  -615.2201496729457  43.64417115747733  -14.607470617164182  -600.419071637025  -103.31962706073136  -237.09652043304243  -50.09041674130793  -177.89864177709427  -169.1094489271773  -29.0245591793456  -238.0619397067743  
659.424827227947  873.1431158014839  746.9242228725441  548.5177381671151  517.8369592126361  812.5719526083907  0.0  670.5240223617282  137.31649907145345  354.8491010770223  125.1173852348345  168.22157706510689  634.3272500085722  524.7229639763246  824.1417369317348  304.96444426965206  813.6891073862938  402.88176312583994  670.0481211588499  952.2101717661556  277.7467545035129  896.7844539705738  799.6675960839036  324.35262196795634  777.7484481901902  423.5308328232926  738.041738303961  733.2219871421206  953.2410838252965  943.1297909027024  563.4582369879865  637.8622289533166  893.5963774816337  160.39881858837896  -124.59943235454352  -239.20873613135905  671.4489503712282  437.3867505784805  812.2835642147887  541.4910385746896  197.351802935445  856.216123765868  797.9644819912265  212.15288097136568  709.2523255476593  575.4754321753483  762.4815358670828  634.6733108312965  643.4625036812133  783.5473934290451  574.5100129016164  
-11.099195133781166  202.6190934397557  76.40020051081592  -122.0062841946131  -152.68706314909213  142.04793024666247  -670.5240223617282  0.0  -533.2075232902748  -315.67492128470593  -545.4066371268937  -502.30244529662133  -36.196772353156064  -145.80105838540356  153.61771457000668  -365.55957809207615  143.16508502456563  -267.6422592358883  -0.47590120287839  281.6861494044274  -392.77726785821534  226.2604316088456  129.14357372217546  -346.1714003937719  107.2244258284619  -246.99318953843562  67.51771594223271  62.6979647803924  282.71706146356837  272.6057685409743  -107.06578537374168  -32.6617934084116  223.07235511990552  -510.12520377334926  -795.1234547162717  -909.7327584930872  0.9249280094999222  -233.13727178324774  141.7595418530605  -129.03298378703863  -473.1722194262832  185.6921014041398  127.44045962949829  -458.37114139036254  38.72830318593111  -95.04859018637995  91.95751350535454  -35.850711530431795  -27.061518680514837  113.02337106731687  -96.01400946011182  
522.1083281564936  735.8266167300304  609.6077238010907  411.20123909566166  380.52046014118264  675.2554535369372  -137.31649907145345  533.2075232902748  0.0  217.53260200556883  -12.199113836618949  30.905077993653435  497.0107509371187  387.4064649048712  686.8252378602815  167.6479451981986  676.3726083148404  265.5652640543865  532.7316220873963  814.8936726947021  140.43025543205943  759.4679548991204  662.3510970124503  187.0361228965029  640.4319491187366  286.21433375183915  600.7252392325074  595.9054880706672  815.9245847538432  805.813291831249  426.1417379165331  500.54572988186317  756.2798784101803  23.08231951692551  -261.915931425997  -376.5252352028125  534.1324512997746  300.070251507027  674.9670651433353  404.17453950323613  60.035303863991544  718.8996246944146  660.6479829197731  74.83638189991223  571.9358264762059  438.1589331038948  625.1650367956292  497.35681175984297  506.1460046097599  646.2308943575916  437.19351383016294  
304.57572615092477  518.2940147244616  392.07512179552185  193.66863709009283  162.9878581356138  457.7228515313684  -354.8491010770223  315.67492128470593  -217.53260200556883  0.0  -229.73171584218778  -186.6275240119154  279.47814893154987  169.87386289930237  469.2926358547126  -49.88465680737022  458.84000630927153  48.032662048817656  315.19902008182754  597.3610706891333  -77.10234657350941  541.9353528935516  444.8184950068814  -30.496479109065945  422.89934711316783  68.68173174627032  383.19263722693864  378.3728860650983  598.3919827482744  588.2806898256802  208.60913591096426  283.01312787629433  538.7472764046115  -194.45028248864332  -479.4485334315658  -594.0578372083813  316.59984929420585  82.53764950145819  457.43446313776644  186.6419374976673  -157.4972981415773  501.36702268884574  443.11538091420425  -142.6962201056566  354.40322447063704  220.62633109832598  407.6324347900605  279.82420975427414  288.6134026041911  428.6982923520228  219.6609118245941  
534.3074419931125  748.0257305666494  621.8068376377096  423.4003529322806  392.7195739778016  687.4545673735562  -125.1173852348345  545.4066371268937  12.199113836618949  229.73171584218778  0.0  43.104191830272384  509.20986477373765  399.60557874149015  699.0243516969003  179.84705903481756  688.5717221514593  277.76437789100544  544.9307359240154  827.092786531321  152.62936926867837  771.6670687357393  674.5502108490691  199.23523673312184  652.6310629553557  298.4134475884581  612.9243530691265  608.1046019072861  828.123698590462  818.0124056678679  438.34085175315204  512.7448437184821  768.4789922467992  35.28143335354446  -249.71681758937802  -364.32612136619355  546.3315651363937  312.269365343646  687.1661789799542  416.3736533398551  72.23441770061049  731.0987385310335  672.847096756392  87.03549573653117  584.1349403128248  450.35804694051376  637.3641506322483  509.5559255964619  518.3451184463788  658.4300081942106  449.3926276667819  
491.20325016284016  704.921538736377  578.7026458074372  380.2961611020082  349.6153821475292  644.3503755432838  -168.22157706510689  502.30244529662133  -30.905077993653435  186.6275240119154  -43.104191830272384  0.0  466.10567294346527  356.50138691121776  655.920159866628  136.74286720454518  645.4675303211869  234.66018606073305  501.82654409374294  783.9885947010487  109.52517743840599  728.562876905467  631.4460190187967  156.13104490284945  609.5268711250833  255.3092557581857  569.8201612388541  565.0004100770137  785.0195067601896  774.9082138375956  395.23665992287965  469.64065188820973  725.3748004165268  -7.822758476727927  -292.8210094196504  -407.43031319646593  503.22737330612125  269.1651735133736  644.0619871496818  373.2694615095827  29.13022587033811  687.9945467007611  629.7429049261196  43.93130390625879  541.0307484825524  407.2538551102414  594.2599588019759  466.45173376618953  475.2409266161065  615.3258163639382  406.2884358365095  
25.097577219374898  238.81586579291175  112.59697286397198  -85.80951184145704  -116.49029079593606  178.24470259981854  -634.3272500085722  36.196772353156064  -497.0107509371187  -279.47814893154987  -509.20986477373765  -466.10567294346527  0.0  -109.6042860322475  189.81448692316275  -329.3628057389201  179.3618573777217  -231.4454868827322  35.720871150277674  317.8829217575834  -356.5804955050593  262.4572039620017  165.34034607533152  -309.9746280406158  143.42119818161797  -210.79641718527955  103.71448829538878  98.89473713354846  318.91383381672443  308.8025408941303  -70.86901302058561  3.5349789447444664  259.2691274730616  -473.9284314201932  -758.9266823631157  -873.5359861399312  37.121700362655986  -196.94049943009168  177.95631420621658  -92.83621143388257  -436.97544707312716  221.88887375729587  163.63723198265436  -422.1743690372065  74.92507553908717  -58.85181783322389  128.1542858585106  0.34606082272426875  9.135253672641227  149.22014342047294  -59.81723710695576  
134.7018632516224  348.4201518251592  222.20125889621949  23.794774190790463  -6.886004763688561  287.84898863206604  -524.7229639763246  145.80105838540356  -387.4064649048712  -169.87386289930237  -399.60557874149015  -356.50138691121776  109.6042860322475  0.0  299.41877295541025  -219.7585197066726  288.96614340996916  -121.84120085048471  145.32515718252517  427.4872077898309  -246.97620947281177  372.0614899942492  274.944632107579  -200.3703420083683  253.02548421386547  -101.19213115303205  213.31877432763628  208.49902316579596  428.51811984897193  418.4068269263778  38.73527301166189  113.13926497699197  368.8734135053091  -364.3241453879457  -649.3223963308682  -763.9317001076837  146.7259863949035  -87.33621339784418  287.5606002384641  16.768074598364933  -327.37116104087966  331.49315978954337  273.2415180149019  -312.570083004959  184.52936157133468  50.75246819902361  237.7585718907581  109.95034685497177  118.73953970488873  258.82442945272044  49.78704892529174  
-164.71690970378785  49.001378869749004  -77.21751405919076  -275.6239987646198  -306.3047777190988  -11.569784323344209  -824.1417369317348  -153.61771457000668  -686.8252378602815  -469.2926358547126  -699.0243516969003  -655.920159866628  -189.81448692316275  -299.41877295541025  0.0  -519.1772926620829  -10.452629545441056  -421.25997380589496  -154.09361577288507  128.06843483442069  -546.394982428222  72.64271703883892  -24.474140847831222  -499.78911496377856  -46.39328874154478  -400.6109041084423  -86.09999862777397  -90.91974978961429  129.0993468935617  118.98805397096757  -260.68349994374836  -186.27950797841828  69.45464054989884  -663.742918343356  -948.7411692862784  -1063.350473063094  -152.69278656050676  -386.7549863532544  -11.858172716946171  -282.6506983570453  -626.7899339962898  32.07438683413312  -26.17725494050839  -611.9888559603692  -114.88941138407557  -248.66630475638664  -61.66020106465214  -189.46842610043848  -180.67923325052152  -40.59434350268981  -249.6317240301185  
354.460382958295  568.1786715318318  441.9597786028921  243.55329389746305  212.87251494298403  507.6075083387386  -304.96444426965206  365.55957809207615  -167.6479451981986  49.88465680737022  -179.84705903481756  -136.74286720454518  329.3628057389201  219.7585197066726  519.1772926620829  0.0  508.72466311664175  97.91731885618788  365.08367688919776  647.2457274965035  -27.217689766139188  591.8200097009218  494.7031518142516  19.388177698304276  472.78400392053805  118.56638855364054  433.07729403430886  428.25754287246855  648.2766395556446  638.1653466330504  258.4937927183345  332.89778468366455  588.6319332119817  -144.5656256812731  -429.5638766241956  -544.1731804010111  366.4845061015761  132.4223063088284  507.31911994513666  236.52659430503752  -107.61264133420707  551.251679496216  493.0000377215745  -92.81156329828639  404.28788127800726  270.5109879056962  457.5170915974307  329.70886656164436  338.4980594115613  478.582949159393  269.54556863196433  
-154.2642801583468  59.45400841519006  -66.7648845137497  -265.1713692191787  -295.8521481736577  -1.1171547779031528  -813.6891073862938  -143.16508502456563  -676.3726083148404  -458.84000630927153  -688.5717221514593  -645.4675303211869  -179.3618573777217  -288.96614340996916  10.452629545441056  -508.72466311664175  0.0  -410.8073442604539  -143.64098622744402  138.52106437986174  -535.9423528827809  83.09534658427998  -14.021511302390167  -489.3364854183375  -35.940659196103724  -390.1582745630012  -75.64736908233292  -80.46712024417323  139.55197643900274  129.44068351640863  -250.2308703983073  -175.82687843297722  79.9072700953399  -653.2902887979149  -938.2885397408373  -1052.897843517653  -142.2401570150657  -376.30235680781334  -1.4055431715051157  -272.19806881160423  -616.3373044508488  42.52701637957418  -15.724625395067335  -601.5362264149281  -104.43678183863452  -238.21367521094558  -51.207571519211086  -179.01579655499742  -170.22660370508046  -30.141713957248754  -239.17909448467745  
256.5430641021071  470.26135267564393  344.0424597467042  145.63597504127517  114.95519608679615  409.69018948255075  -402.88176312583994  267.6422592358883  -265.5652640543865  -48.032662048817656  -277.76437789100544  -234.66018606073305  231.4454868827322  121.84120085048471  421.25997380589496  -97.91731885618788  410.8073442604539  0.0  267.1663580330099  549.3284086403156  -125.13500862232706  493.9026908447339  396.78583295806374  -78.5291411578836  374.8666850643502  20.64906969745266  335.159975178121  330.3402240162807  550.3593206994567  540.2480277768625  160.5764738621466  234.98046582747668  490.7146143557938  -242.48294453746098  -527.4811954803835  -642.090499257199  268.5671872453882  34.504987452640535  409.4018010889488  138.60927544884964  -205.52996019039495  453.3343606400281  395.0827188653866  -190.72888215447426  306.3705624218194  172.59366904950832  359.5997727412428  231.79154770545648  240.58074055537344  380.66563030320515  171.62824977577645  
-10.623293930902776  203.09499464263408  76.87610171369431  -121.53038299173471  -152.21116194621374  142.52383144954086  -670.0481211588499  0.47590120287839  -532.7316220873963  -315.19902008182754  -544.9307359240154  -501.82654409374294  -35.720871150277674  -145.32515718252517  154.09361577288507  -365.08367688919776  143.64098622744402  -267.1663580330099  0.0  282.1620506073058  -392.30136665533695  226.736332811724  129.61947492505385  -345.6954991908935  107.7003270313403  -246.51728833555723  67.9936171451111  63.17386598327079  283.19296266644676  273.0816697438527  -106.58988417086329  -32.18589220553321  223.5482563227839  -509.64930257047087  -794.6475535133934  -909.2568572902089  1.4008292123783121  -232.66137058036935  142.2354430559389  -128.55708258416024  -472.69631822340483  186.1680026070182  127.91636083237668  -457.89524018748415  39.2042043888095  -94.57268898350156  92.43341470823293  -35.374810327553405  -26.585617477636447  113.49927227019526  -95.53810825723343  
-292.7853445382085  -79.06705596467168  -205.28594889361145  -403.69243359904044  -434.37321255351947  -139.6382191577649  -952.2101717661556  -281.6861494044274  -814.8936726947021  -597.3610706891333  -827.092786531321  -783.9885947010487  -317.8829217575834  -427.4872077898309  -128.06843483442069  -647.2457274965035  -138.52106437986174  -549.3284086403156  -282.1620506073058  0.0  -674.4634172626427  -55.42571779558176  -152.5425756822519  -627.8575497981992  -174.46172357596546  -528.679338942863  -214.16843346219466  -218.98818462403497  1.0309120591410021  -9.080380863453115  -388.751934778169  -314.34794281283894  -58.613794284521845  -791.8113531777766  -1076.809604120699  -1191.4189078975146  -280.7612213949275  -514.8234211876751  -139.92660755136686  -410.71913319146597  -754.8583688307106  -95.99404800028756  -154.24568977492908  -740.0572907947899  -242.95784621849626  -376.7347395908073  -189.72863589907283  -317.5368609348592  -308.74766808494223  -168.6627783371105  -377.70015886453916  
381.6780727244342  595.396361297971  469.17746836903126  270.77098366360224  240.0902047091232  534.8251981048778  -277.7467545035129  392.77726785821534  -140.43025543205943  77.10234657350941  -152.62936926867837  -109.52517743840599  356.5804955050593  246.97620947281177  546.394982428222  27.217689766139188  535.9423528827809  125.13500862232706  392.30136665533695  674.4634172626427  0.0  619.037699467061  521.9208415803907  46.60586746444346  500.00169368667724  145.78407831977972  460.29498380044805  455.47523263860774  675.4943293217837  665.3830363991896  285.71148248447366  360.11547444980374  615.8496229781208  -117.34793591513392  -402.3461868580564  -516.9554906348719  393.70219586771526  159.6399960749676  534.5368097112759  263.7442840711767  -80.39495156806788  578.4693692623551  520.2177274877137  -65.5938735321472  431.50557104414645  297.7286776718354  484.7347813635699  356.92655632778354  365.7157491777005  505.8006389255322  296.7632583981035  
-237.35962674262677  -23.64133816908992  -149.8602310980297  -348.26671580345874  -378.94749475793776  -84.21250136218313  -896.7844539705738  -226.2604316088456  -759.4679548991204  -541.9353528935516  -771.6670687357393  -728.562876905467  -262.4572039620017  -372.0614899942492  -72.64271703883892  -591.8200097009218  -83.09534658427998  -493.9026908447339  -226.736332811724  55.42571779558176  -619.037699467061  0.0  -97.11685788667015  -572.4318320026175  -119.0360057803837  -473.25362114728125  -158.7427156666129  -163.5624668284532  56.45662985472276  46.345336932128646  -333.3262169825873  -258.92222501725723  -3.1880764889400837  -736.3856353821949  -1021.3838863251174  -1135.993190101933  -225.33550359934569  -459.3977033920934  -84.5008897557851  -355.29341539588427  -699.4326510351289  -40.5683302047058  -98.81997197934732  -684.6315729992082  -187.5321284229145  -321.3090217952256  -134.30291810349107  -262.1111431392774  -253.32195028936044  -113.23706054152873  -322.27444106895746  
-140.24276885595663  73.47551971758023  -52.74337321135954  -251.14985791678856  -281.8306368712676  12.904356524487014  -799.6675960839036  -129.14357372217546  -662.3510970124503  -444.8184950068814  -674.5502108490691  -631.4460190187967  -165.34034607533152  -274.944632107579  24.474140847831222  -494.7031518142516  14.021511302390167  -396.78583295806374  -129.61947492505385  152.5425756822519  -521.9208415803907  97.11685788667015  0.0  -475.31497411594734  -21.919147893713557  -376.1367632606111  -61.62585777994275  -66.44560894178306  153.5734877413929  143.4621948187988  -236.20935909591714  -161.80536713058706  93.92878139773006  -639.2687774955248  -924.2670284384471  -1038.8763322152627  -128.21864571267554  -362.2808455054232  12.61596813088505  -258.1765575092141  -602.3157931484586  56.548527681964345  -1.7031140926771684  -587.5147151125379  -90.41527053624435  -224.19216390855541  -37.18606021682092  -164.99428525260726  -156.2050924026903  -16.120202654858588  -225.15758318228728  
335.0722052599907  548.7904938335275  422.5716009045878  224.16511619915877  193.48433724467975  488.21933064043435  -324.35262196795634  346.1714003937719  -187.0361228965029  30.496479109065945  -199.23523673312184  -156.13104490284945  309.9746280406158  200.3703420083683  499.78911496377856  -19.388177698304276  489.3364854183375  78.5291411578836  345.6954991908935  627.8575497981992  -46.60586746444346  572.4318320026175  475.31497411594734  0.0  453.3958262222338  99.17821085533626  413.6891163360046  408.8693651741643  628.8884618573402  618.7771689347461  239.1056150200302  313.5096069853603  569.2437555136773  -163.95380337957738  -448.95205432249986  -563.5613580993154  347.0963284032718  113.03412861052414  487.9309422468324  217.13841660673324  -127.00081903251134  531.8635017979117  473.6118600232702  -112.19974099659066  384.899703579703  251.12281020739192  438.1289138991264  310.3206888633401  319.10988171325704  459.19477146108875  250.15739093366005  
-118.32362096224307  95.39466761129378  -30.824225317645983  -229.230710023075  -259.91148897755403  34.82350441820057  -777.7484481901902  -107.2244258284619  -640.4319491187366  -422.89934711316783  -652.6310629553557  -609.5268711250833  -143.42119818161797  -253.02548421386547  46.39328874154478  -472.78400392053805  35.940659196103724  -374.8666850643502  -107.7003270313403  174.46172357596546  -500.00169368667724  119.0360057803837  21.919147893713557  -453.3958262222338  0.0  -354.2176153668975  -39.70670988622919  -44.52646104806951  175.49263563510647  165.38134271251235  -214.29021120220358  -139.8862192368735  115.84792929144362  -617.3496296018111  -902.3478805447337  -1016.9571843215492  -106.29949781896198  -340.36169761170964  34.53511602459861  -236.25740961550053  -580.3966452547452  78.4676755756779  20.21603380103639  -565.5955672188245  -68.49612264253079  -202.27301601484186  -15.266912323107363  -143.0751373588937  -134.28594450897674  5.798945238854969  -203.23843528857373  
235.89399440465445  449.6122829781913  323.39339004925154  124.98690534382251  94.30612638934349  389.0411197850981  -423.5308328232926  246.99318953843562  -286.21433375183915  -68.68173174627032  -298.4134475884581  -255.3092557581857  210.79641718527955  101.19213115303205  400.6109041084423  -118.56638855364054  390.1582745630012  -20.64906969745266  246.51728833555723  528.679338942863  -145.78407831977972  473.25362114728125  376.1367632606111  -99.17821085533626  354.2176153668975  0.0  314.5109054806683  309.691154318828  529.710251002004  519.5989580794098  139.92740416469394  214.33139613002402  470.06554465834114  -263.13201423491364  -548.1302651778361  -662.7395689546516  247.91811754793554  13.855917755187875  388.7527313914961  117.96020575139698  -226.1790298878476  432.6852909425754  374.43364916793394  -211.37795185192692  285.7214927243667  151.94459935205566  338.95070304379016  211.14247800800382  219.93167085792078  360.0165606057525  150.9791800783238  
-78.61691107601388  135.10137749752298  8.882484568583209  -189.5240001368458  -220.20477909132484  74.53021430442976  -738.041738303961  -67.51771594223271  -600.7252392325074  -383.19263722693864  -612.9243530691265  -569.8201612388541  -103.71448829538878  -213.31877432763628  86.09999862777397  -433.07729403430886  75.64736908233292  -335.159975178121  -67.9936171451111  214.16843346219466  -460.29498380044805  158.7427156666129  61.62585777994275  -413.6891163360046  39.70670988622919  -314.5109054806683  0.0  -4.8197511618403155  215.19934552133566  205.08805259874154  -174.5835013159744  -100.17950935064431  155.5546391776728  -577.6429197155819  -862.6411706585045  -977.25047443532  -66.59278793273279  -300.65498772548045  74.2418259108278  -196.55069972927134  -540.689935368516  118.1743854619071  59.92274368726558  -525.8888573325953  -28.7894127563016  -162.56630612861267  24.43979756312183  -103.36842747266451  -94.57923462274755  45.50565512508416  -163.53172540234453  
-73.79715991417356  139.9211286593633  13.702235730423524  -184.7042489750055  -215.38502792948452  79.34996546627008  -733.2219871421206  -62.6979647803924  -595.9054880706672  -378.3728860650983  -608.1046019072861  -565.0004100770137  -98.89473713354846  -208.49902316579596  90.91974978961429  -428.25754287246855  80.46712024417323  -330.3402240162807  -63.17386598327079  218.98818462403497  -455.47523263860774  163.5624668284532  66.44560894178306  -408.8693651741643  44.52646104806951  -309.691154318828  4.8197511618403155  0.0  220.01909668317597  209.90780376058186  -169.76375015413407  -95.359758188804  160.37439033951313  -572.8231685537417  -857.8214194966641  -972.4307232734797  -61.773036770892475  -295.83523656364014  79.06157707266811  -191.73094856743103  -535.8701842066756  122.99413662374741  64.7424948491059  -521.0691061707549  -23.969661594461286  -157.74655496677235  29.259548724962144  -98.54867631082419  -89.75948346090723  50.325406286924476  -158.71197424050422  
-293.81625659734954  -80.09796802381268  -206.31686095275245  -404.7233456581815  -435.4041246126605  -140.6691312169059  -953.2410838252965  -282.71706146356837  -815.9245847538432  -598.3919827482744  -828.123698590462  -785.0195067601896  -318.91383381672443  -428.51811984897193  -129.0993468935617  -648.2766395556446  -139.55197643900274  -550.3593206994567  -283.19296266644676  -1.0309120591410021  -675.4943293217837  -56.45662985472276  -153.5734877413929  -628.8884618573402  -175.49263563510647  -529.710251002004  -215.19934552133566  -220.01909668317597  0.0  -10.111292922594117  -389.78284683731005  -315.37885487197997  -59.64470634366285  -792.8422652369177  -1077.84051617984  -1192.4498199566556  -281.79213345406845  -515.8543332468162  -140.95751961050786  -411.750045250607  -755.8892808898515  -97.02496005942857  -155.27660183407008  -741.0882028539309  -243.98875827763726  -377.7656516499483  -190.75954795821383  -318.56777299400017  -309.7785801440832  -169.6936903962515  -378.7310709236802  
-283.7049636747554  -69.98667510121857  -196.20556803015833  -394.6120527355873  -425.29283169006635  -130.55783829431178  -943.1297909027024  -272.6057685409743  -805.813291831249  -588.2806898256802  -818.0124056678679  -774.9082138375956  -308.8025408941303  -418.4068269263778  -118.98805397096757  -638.1653466330504  -129.44068351640863  -540.2480277768625  -273.0816697438527  9.080380863453115  -665.3830363991896  -46.345336932128646  -143.4621948187988  -618.7771689347461  -165.38134271251235  -519.5989580794098  -205.08805259874154  -209.90780376058186  10.111292922594117  0.0  -379.6715539147159  -305.2675619493858  -49.53341342106873  -782.7309723143235  -1067.729223257246  -1182.3385270340616  -271.68084053147436  -505.74304032422197  -130.84622668791374  -401.63875232801286  -745.7779879672574  -86.91366713683445  -145.16530891147596  -730.9769099313368  -233.87746535504314  -367.6543587273542  -180.6482550356197  -308.4564800714061  -299.6672872214891  -159.58239747365738  -368.61977800108605  
95.96659023996051  309.68487881349733  183.4659858845576  -14.940498820871426  -45.62127777535045  249.11371562040415  -563.4582369879865  107.06578537374168  -426.1417379165331  -208.60913591096426  -438.34085175315204  -395.23665992287965  70.86901302058561  -38.73527301166189  260.68349994374836  -258.4937927183345  250.2308703983073  -160.5764738621466  106.58988417086329  388.751934778169  -285.71148248447366  333.3262169825873  236.20935909591714  -239.1056150200302  214.29021120220358  -139.92740416469394  174.5835013159744  169.76375015413407  389.78284683731005  379.6715539147159  0.0  74.40399196533008  330.1381404936472  -403.0594183996076  -688.0576693425301  -802.6669731193456  107.9907133832416  -126.07148640950606  248.8253272268022  -21.967198413296956  -366.10643405254154  292.7578867778815  234.50624500323997  -351.30535601662086  145.7940885596728  12.017195187361722  199.02329887909622  71.21507384330988  80.00426669322684  220.08915644105855  11.051775913629854  
21.56259827463043  235.28088684816728  109.06199391922752  -89.3444907862015  -120.02526974068053  174.70972365507407  -637.8622289533166  32.6617934084116  -500.54572988186317  -283.01312787629433  -512.7448437184821  -469.64065188820973  -3.5349789447444664  -113.13926497699197  186.27950797841828  -332.89778468366455  175.82687843297722  -234.98046582747668  32.18589220553321  314.34794281283894  -360.11547444980374  258.92222501725723  161.80536713058706  -313.5096069853603  139.8862192368735  -214.33139613002402  100.17950935064431  95.359758188804  315.37885487197997  305.2675619493858  -74.40399196533008  0.0  255.73414852831712  -477.46341036493766  -762.4616613078601  -877.0709650846757  33.58672141791152  -200.47547837483614  174.4213352614721  -96.37119037862703  -440.5104260178716  218.3538948125514  160.1022530379099  -425.70934798195094  71.39009659434271  -62.38679677796836  124.61930691376614  -3.1889181220201976  5.60027472789676  145.68516447572847  -63.352216051700225  
-234.1715502536867  -20.453261680149836  -146.6721546090896  -345.0786393145186  -375.75941826899765  -81.02442487324305  -893.5963774816337  -223.07235511990552  -756.2798784101803  -538.7472764046115  -768.4789922467992  -725.3748004165268  -259.2691274730616  -368.8734135053091  -69.45464054989884  -588.6319332119817  -79.9072700953399  -490.7146143557938  -223.5482563227839  58.613794284521845  -615.8496229781208  3.1880764889400837  -93.92878139773006  -569.2437555136773  -115.84792929144362  -470.06554465834114  -155.5546391776728  -160.37439033951313  59.64470634366285  49.53341342106873  -330.1381404936472  -255.73414852831712  0.0  -733.1975588932548  -1018.1958098361772  -1132.8051136129927  -222.1474271104056  -456.20962690315326  -81.31281326684501  -352.10533890694416  -696.2445745461887  -37.38025371576572  -95.63189549040723  -681.443496510268  -184.3440519339744  -318.1209453062855  -131.11484161455098  -258.9230666503373  -250.13387380042036  -110.04898405258865  -319.08636458001735  
499.0260086395681  712.7442972131049  586.5254042841652  388.11891957873615  357.43814062425713  652.1731340200117  -160.39881858837896  510.12520377334926  -23.08231951692551  194.45028248864332  -35.28143335354446  7.822758476727927  473.9284314201932  364.3241453879457  663.742918343356  144.5656256812731  653.2902887979149  242.48294453746098  509.64930257047087  791.8113531777766  117.34793591513392  736.3856353821949  639.2687774955248  163.95380337957738  617.3496296018111  263.13201423491364  577.6429197155819  572.8231685537417  792.8422652369177  782.7309723143235  403.0594183996076  477.46341036493766  733.1975588932548  0.0  -284.9982509429225  -399.607554719738  511.0501317828492  276.9879319901015  651.8847456264098  381.0922199863106  36.952984347066035  695.8173051774891  637.5656634028476  51.75406238298672  548.8535069592804  415.0766135869693  602.0827172787037  474.27449224291746  483.0636850928344  623.1485748406661  414.11119431323743  
784.0242595824906  997.7425481560274  871.5236552270876  673.1171705216586  642.4363915671796  937.1713849629342  124.59943235454352  795.1234547162717  261.915931425997  479.4485334315658  249.71681758937802  292.8210094196504  758.9266823631157  649.3223963308682  948.7411692862784  429.5638766241956  938.2885397408373  527.4811954803835  794.6475535133934  1076.809604120699  402.3461868580564  1021.3838863251174  924.2670284384471  448.95205432249986  902.3478805447337  548.1302651778361  862.6411706585045  857.8214194966641  1077.84051617984  1067.729223257246  688.0576693425301  762.4616613078601  1018.1958098361772  284.9982509429225  0.0  -114.60930377681552  796.0483827257717  561.986182933024  936.8829965693322  666.0904709292331  321.9512352899885  980.8155561204115  922.5639143457701  336.7523133259092  833.8517579022028  700.0748645298918  887.0809682216263  759.27274318584  768.0619360357568  908.1468257835886  699.1094452561599  
898.6335633593061  1112.351851932843  986.1329590039031  787.7264742984742  757.0456953439951  1051.7806887397496  239.20873613135905  909.7327584930872  376.5252352028125  594.0578372083813  364.32612136619355  407.43031319646593  873.5359861399312  763.9317001076837  1063.350473063094  544.1731804010111  1052.897843517653  642.090499257199  909.2568572902089  1191.4189078975146  516.9554906348719  1135.993190101933  1038.8763322152627  563.5613580993154  1016.9571843215492  662.7395689546516  977.25047443532  972.4307232734797  1192.4498199566556  1182.3385270340616  802.6669731193456  877.0709650846757  1132.8051136129927  399.607554719738  114.60930377681552  0.0  910.6576865025872  676.5954867098395  1051.4923003461477  780.6997747060486  436.56053906680404  1095.4248598972272  1037.1732181225855  451.3616171027247  948.4610616790184  814.6841683067073  1001.6902719984419  873.8820469626555  882.6712398125724  1022.7561295604041  813.7187490329754  
-12.024123143281088  201.69416543025577  75.475272501316  -122.93121220411302  -153.61199115859205  141.12300223716255  -671.4489503712282  -0.9249280094999222  -534.1324512997746  -316.59984929420585  -546.3315651363937  -503.22737330612125  -37.121700362655986  -146.7259863949035  152.69278656050676  -366.4845061015761  142.2401570150657  -268.5671872453882  -1.4008292123783121  280.7612213949275  -393.70219586771526  225.33550359934569  128.21864571267554  -347.0963284032718  106.29949781896198  -247.91811754793554  66.59278793273279  61.773036770892475  281.79213345406845  271.68084053147436  -107.9907133832416  -33.58672141791152  222.1474271104056  -511.0501317828492  -796.0483827257717  -910.6576865025872  0.0  -234.06219979274766  140.8346138435606  -129.95791179653855  -474.09714743578314  184.76717339463988  126.51553161999837  -459.29606939986246  37.80337517643119  -95.97351819587988  91.03258549585462  -36.77563953993172  -27.98644669001476  112.09844305781695  -96.93893746961174  
222.03807664946657  435.7563652230034  309.53747229406366  111.13098758863464  80.45020863415562  375.1852020299102  -437.3867505784805  233.13727178324774  -300.070251507027  -82.53764950145819  -312.269365343646  -269.1651735133736  196.94049943009168  87.33621339784418  386.7549863532544  -132.4223063088284  376.30235680781334  -34.504987452640535  232.66137058036935  514.8234211876751  -159.6399960749676  459.3977033920934  362.2808455054232  -113.03412861052414  340.36169761170964  -13.855917755187875  300.65498772548045  295.83523656364014  515.8543332468162  505.74304032422197  126.07148640950606  200.47547837483614  456.20962690315326  -276.9879319901015  -561.986182933024  -676.5954867098395  234.06219979274766  0.0  374.89681363630825  104.10428799620911  -240.03494764303548  418.82937318738755  360.57773141274606  -225.2338696071148  271.86557496917885  138.0886815968678  325.0947852886023  197.28656025281595  206.0757531027329  346.1606428505646  137.12326232313592  
