Height_Data

node	height
0	45.29177058800641
1	169.8911839642365
2	178.3629661730441
3	36.81700564920572
4	335.32072533031584
5	296.5421364375627
6	92.9663459580353
7	97.84998672971018
8	198.1516211275112
9	37.37812784912347
10	326.06903880709615
11	172.88257107845158
12	90.91876397627057
13	191.72017295646842
14	342.699338479294
15	129.36401077411853
16	320.7849151569337
17	282.57028093999645
18	219.27136533058436
19	169.95032864631727
20	397.58699916281984
21	129.85003279617652
22	99.07952741514313
23	153.95150565302092
24	206.22071998676617
25	117.6116540928086
26	170.81336219873302
27	132.68034207097813
28	104.71231871289874
29	174.93906308918505
30	132.63108582751258
31	7.106906778088402
32	157.24486171027365
33	74.73232919982819
34	10.096957813686164
35	282.0300055061778
36	124.62071438366803
37	100.1999994593446
38	7.287045266777701
39	254.0171465453827
40	443.7010933392143
41	264.77296618221504
42	57.212846453185215
43	203.91210163050488
44	111.55477997225107
45	48.99182418452688
46	195.62751405099647
47	42.86872406728377
48	279.51928314581767
49	434.33072248613485
50	25.451521737287443



height_matrix
0.0  -249.19882675246015  -266.14239117007537  16.94952987760138  -580.0579094846189  -502.5007316991126  -95.3491507400578  -105.11643228340755  -305.71970107900955  15.82728547776587  -561.5545364381795  -255.18160098089032  -91.25398677652832  -292.856804736924  -594.8151357825752  -168.14448037222422  -550.9862891378547  -474.5570207039801  -347.9591894851559  -249.31711611662172  -704.5904571496269  -169.1165244163402  -107.57551365427345  -217.319470130029  -321.8578987975195  -144.63976700960438  -251.0431832214532  -174.77714296594343  -118.84109624978466  -259.2945850023573  -174.67863047901233  76.36972761983601  -223.90618224453448  -58.88111722364356  70.38962554864048  -473.4764698363428  -158.65788759132323  -109.81645774267638  76.00945064245741  -417.4507519147526  -796.8186455024158  -438.96239118841726  -23.842151730357614  -317.2406620849969  -132.52601876848934  -7.400107193040938  -300.6714869259801  4.846093041445272  -468.4550251156225  -778.0779037962569  39.68049770143793  
249.19882675246015  0.0  -16.94356441761522  266.1483566300615  -330.8590827321587  -253.30190494665243  153.84967601240237  144.08239446905262  -56.520874326549404  265.02611223022603  -312.3557096857193  -5.9827742284301735  157.94483997593184  -43.657977984463855  -345.616309030115  81.05434638023593  -301.78746238539446  -225.35819395151992  -98.76036273269574  -0.11828936416156921  -455.3916303971667  80.08230233611994  141.6233130981867  31.879356622431146  -72.65907204505936  104.55905974285577  -1.8443564689930554  74.42168378651672  130.3577305026755  -10.09575824989713  74.52019627344782  325.56855437229615  25.292644507925672  190.3177095288166  319.58845230110063  -224.27764308388265  90.54093916113692  139.3823690097838  325.20827739491756  -168.25192516229242  -547.6198187499556  -189.7635644359571  225.35667502210254  -68.04183533253678  116.67280798397084  241.79871955941923  -51.472660173519955  254.04491979390542  -219.25619836316235  -528.8790770437968  288.8793244538981  
266.14239117007537  16.94356441761522  0.0  283.09192104767675  -313.9155183145435  -236.3583405290372  170.7932404300176  161.02595888666784  -39.57730990893418  281.96967664784125  -295.4121452681041  10.960790189185047  174.88840439354706  -26.714413566848634  -328.6727446124998  97.99791079785115  -284.84389796777924  -208.4146295339047  -81.81679831508052  16.82527505345365  -438.4480659795515  97.02586675373516  158.56687751580193  48.82292104004637  -55.71550762744414  121.50262416047099  15.099207948622166  91.36524820413194  147.30129492029073  6.84780616771809  91.46376069106304  342.51211878991137  42.23620892554089  207.26127394643183  336.53201671871585  -207.33407866626743  107.48450357875214  156.325933427399  342.1518418125328  -151.3083607446772  -530.6762543323405  -172.8200000183419  242.30023943971776  -51.09827091492156  133.61637240158606  258.74228397703445  -34.529095755904734  270.98848421152064  -202.31263394554713  -511.9355126261815  305.8228888715133  
-16.94952987760138  -266.1483566300615  -283.09192104767675  0.0  -597.0074393622202  -519.450261576714  -112.29868061765917  -122.06596216100893  -322.66923095661093  -1.122244399835509  -578.5040663157808  -272.1311308584917  -108.2035166541297  -309.8063346145254  -611.7646656601765  -185.0940102498256  -567.935819015456  -491.50655058158145  -364.90871936275727  -266.2666459942231  -721.5399870272282  -186.0660542939416  -124.52504353187483  -234.26900000763038  -338.8074286751209  -161.58929688720576  -267.9927130990546  -191.7266728435448  -135.79062612738602  -276.24411487995866  -191.6281603566137  59.420197742234635  -240.85571212213586  -75.83064710124494  53.44009567103911  -490.4259997139442  -175.6074174689246  -126.76598762027776  59.05992076485603  -434.40028179235395  -813.7681753800172  -455.91192106601864  -40.79168160795899  -334.1901919625983  -149.47554864609072  -24.349637070642316  -317.6210168035815  -12.103436836156106  -485.4045549932239  -795.0274336738582  22.73096782383655  
580.0579094846189  330.8590827321587  313.9155183145435  597.0074393622202  0.0  77.55717778550627  484.70875874456107  474.94147720121134  274.3382084056093  595.8851949623847  18.50337304643938  324.8763085037285  488.80392270809057  287.20110474769484  -14.757226297956322  411.9134291123946  29.071620346764234  105.50088878063877  232.09871999946296  330.7407933679971  -124.532547665008  410.94138506827863  472.4823958303454  362.73843935458984  258.20001068709934  435.41814247501446  329.01472626316564  405.2807665186754  461.2168132348342  320.76332448226157  405.3792790056065  656.4276371044549  356.15172724008437  521.1767922609753  650.4475350332593  106.58143964827605  421.4000218932956  470.24145174194246  656.0673601270763  162.60715756986627  -216.76073601779694  141.0955182962016  556.2157577542613  262.8172473996219  447.5318907161295  572.6578022915779  279.38642255863874  584.9040025260641  111.60288436899634  -198.01999431163802  619.7384071860567  
502.5007316991126  253.30190494665243  236.3583405290372  519.450261576714  -77.55717778550627  0.0  407.1515809590548  397.3842994157051  196.78103062010302  518.3280171768785  -59.05380473906689  247.31913071822225  411.2467449225843  209.64392696218857  -92.31440408346259  334.35625132688835  -48.485557438742035  27.943710995132506  154.5415422139567  253.18361558249086  -202.08972545051427  333.38420728277237  394.92521804483914  285.1812615690836  180.64283290159307  357.8609646895082  251.45754847765937  327.72358873316915  383.65963544932794  243.2061466967553  327.82210122010025  578.8704593189486  278.5945494545781  443.619614475469  572.8903572477531  29.024261862769777  343.84284410778935  392.6842739564362  578.51018234157  85.04997978436  -294.3179138033032  63.53834051069532  478.65857996875496  185.26006961411565  369.97471293062324  495.10062450607165  201.82924477313247  507.34682474055785  34.04570658349007  -275.5771720971443  542.1812294005505  
95.3491507400578  -153.84967601240237  -170.7932404300176  112.29868061765917  -484.70875874456107  -407.1515809590548  0.0  -9.767281543349753  -210.37055033895177  111.17643621782366  -466.2053856981217  -159.83245024083254  4.0951639635294725  -197.50765399686622  -499.4659850425174  -72.79532963216644  -455.63713839779683  -379.2078699639223  -252.6100387450981  -153.96796537656394  -609.241306409569  -73.76737367628243  -12.226362914215656  -121.97031938997122  -226.50874805746173  -49.290616269546604  -155.69403248139542  -79.42799222588565  -23.49194550972686  -163.9454342622995  -79.32947973895455  171.7188783598938  -128.5570315044767  36.46803351641424  165.7387762886983  -378.127319096285  -63.30873685126545  -14.467307002618583  171.35860138251522  -322.1016011746948  -701.469494762358  -343.6132404483595  71.50699900970018  -221.89151134493915  -37.17686802843153  87.94904354701686  -205.32233618592232  100.19524378150307  -373.1058743755647  -682.7287530561991  135.02964844149574  
105.11643228340755  -144.08239446905262  -161.02595888666784  122.06596216100893  -474.94147720121134  -397.3842994157051  9.767281543349753  0.0  -200.60326879560202  120.94371776117342  -456.43810415477196  -150.0651686974828  13.862445506879226  -187.74037245351647  -489.69870349916766  -63.02804808881669  -445.8698568544471  -369.44058842057257  -242.84275720174836  -144.20068383321419  -599.4740248662193  -64.00009213293268  -2.4590813708659027  -112.20303784662147  -216.74146651411198  -39.52333472619685  -145.92675093804567  -69.66071068253589  -13.724663966377108  -154.17815271894975  -69.5621981956048  181.48615990324356  -118.78974996112694  46.23531505976399  175.50605783204804  -368.3600375529353  -53.5414553079157  -4.700025459268829  181.12588292586497  -312.334319631345  -691.7022132190083  -333.84595890500975  81.27428055304993  -212.1242298015894  -27.409586485081775  97.71632509036661  -195.55505464257257  109.96252532485282  -363.338592832215  -672.9614715128494  144.79692998484546  
305.71970107900955  56.520874326549404  39.57730990893418  322.66923095661093  -274.3382084056093  -196.78103062010302  210.37055033895177  200.60326879560202  0.0  321.54698655677544  -255.83483535916992  50.53810009811923  214.46571430248125  12.862896342085548  -289.0954347035656  137.57522070678533  -245.26658805884506  -168.83731962497052  -42.239488406146336  56.402584962387834  -398.8707560706173  136.60317666266934  198.14418742473612  88.40023094898055  -16.138197718509957  161.07993406940517  54.67651785755635  130.94255811306613  186.8786048292249  46.42511607665227  131.04107059999723  382.08942869884555  81.81351883447508  246.838583855366  376.10932662765003  -167.75676875733325  147.06181348768632  195.9032433363332  381.72915172146696  -111.73105083574302  -491.09894442340624  -133.2426901094077  281.87754934865194  -11.520961005987374  173.19368231052024  298.31959388596863  5.048214153029448  310.5657941204548  -162.73532403661295  -472.3582027172473  345.4001987804475  
-15.82728547776587  -265.02611223022603  -281.96967664784125  1.122244399835509  -595.8851949623847  -518.3280171768785  -111.17643621782366  -120.94371776117342  -321.54698655677544  0.0  -577.3818219159454  -271.0088864586562  -107.08127225429419  -308.6840902146899  -610.642421260341  -183.9717658499901  -566.8135746156205  -490.38430618174596  -363.7864749629218  -265.1444015943876  -720.4177426273927  -184.9438098941061  -123.40279913203932  -233.1467556077949  -337.6851842752854  -160.46705248737027  -266.8704686992191  -190.6044284437093  -134.66838172755052  -275.12187048012316  -190.5059159567782  60.54244214207014  -239.73346772230036  -74.70840270140943  54.56234007087462  -489.3037553141087  -174.48517306908911  -125.64374322044225  60.18216516469154  -433.27803739251846  -812.6459309801817  -454.78967666618314  -39.66943720812348  -333.0679475627628  -148.3533042462552  -23.227392670806807  -316.498772403746  -10.981192436320597  -484.2823105933884  -793.9051892740227  23.85321222367206  
561.5545364381795  312.3557096857193  295.4121452681041  578.5040663157808  -18.50337304643938  59.05380473906689  466.2053856981217  456.43810415477196  255.83483535916992  577.3818219159454  0.0  306.37293545728915  470.3005496616512  268.69773170125546  -33.2605993443957  393.41005606595525  10.568247300324856  86.9975157341994  213.59534695302358  312.23742032155775  -143.03592071144737  392.43801202183926  453.97902278390603  344.23506630815046  239.69663764065996  416.9147694285751  310.51135321672626  386.77739347223604  442.7134401883948  302.2599514358222  386.87590595916714  637.9242640580155  337.648354193645  502.6734192145359  631.94416198682  88.07806660183667  402.89664884685624  451.7380786955031  637.5639870806369  144.1037845234269  -235.26410906423632  122.59214524976221  537.7123847078219  244.31387435318254  429.02851766969013  554.1544292451385  260.88304951219936  566.4006294796247  93.09951132255696  -216.5233673580774  601.2350341396174  
255.18160098089032  5.9827742284301735  -10.960790189185047  272.1311308584917  -324.8763085037285  -247.31913071822225  159.83245024083254  150.0651686974828  -50.53810009811923  271.0088864586562  -306.37293545728915  0.0  163.92761420436202  -37.67520375603368  -339.63353480168485  87.0371206086661  -295.8046881569643  -219.37541972308975  -92.77758850426557  5.864484864268604  -449.4088561687365  86.06507656455011  147.6060873266169  37.86213085086132  -66.67629781662919  110.54183397128594  4.138417759437118  80.4044580149469  136.34050473110568  -4.112984021466957  80.502970501878  331.5513286007263  31.275418736355846  196.30048375724678  325.5712265295308  -218.29486885545248  96.52371338956709  145.36514323821396  331.19105162334773  -162.26915093386225  -541.6370445215255  -183.78079020752693  231.3394492505327  -62.059061104106604  122.65558221240101  247.7814937878494  -45.48988594508978  260.0276940223356  -213.27342413473218  -522.8963028153665  294.8620986823283  
91.25398677652832  -157.94483997593184  -174.88840439354706  108.2035166541297  -488.80392270809057  -411.2467449225843  -4.0951639635294725  -13.862445506879226  -214.46571430248125  107.08127225429419  -470.3005496616512  -163.92761420436202  0.0  -201.6028179603957  -503.5611490060469  -76.89049359569592  -459.73230236132633  -383.3030339274518  -256.70520270862755  -158.0631293400934  -613.3364703730986  -77.8625376398119  -16.32152687774513  -126.0654833535007  -230.6039120209912  -53.385780233076076  -159.7891964449249  -83.52315618941512  -27.587109473256334  -168.04059822582897  -83.42464370248402  167.62371439636433  -132.65219546800617  32.372869552884765  161.64361232516882  -382.2224830598145  -67.40390081479492  -18.562470966148055  167.26343741898575  -326.19676513822424  -705.5646587258875  -347.708404411889  67.41183504617071  -225.98667530846862  -41.272031991961  83.85387958348738  -209.4175001494518  96.1000798179736  -377.2010383390942  -686.8239170197286  130.93448447796624  
292.856804736924  43.657977984463855  26.714413566848634  309.8063346145254  -287.20110474769484  -209.64392696218857  197.50765399686622  187.74037245351647  -12.862896342085548  308.6840902146899  -268.69773170125546  37.67520375603368  201.6028179603957  0.0  -301.95833104565116  124.71232436469978  -258.1294844009306  -181.70021596705607  -55.102384748231884  43.539688620302286  -411.73365241270284  123.74028032058379  185.28129108265057  75.537334606895  -29.001094060595506  148.21703772731962  41.8136215154708  118.07966177098058  174.01570848713936  33.562219734566725  118.17817425791168  369.22653235676  68.95062249238953  233.97568751328046  363.2464302855645  -180.6196650994188  134.19891714560077  183.04034699424764  368.8662553793814  -124.59394717782857  -503.9618407654918  -146.10558645149325  269.0146530065664  -24.383857348072922  160.3307859684347  285.4566975438831  -7.8146821890561  297.7028977783693  -175.5982203786985  -485.22109905933286  332.53730243836196  
594.8151357825752  345.616309030115  328.6727446124998  611.7646656601765  14.757226297956322  92.31440408346259  499.4659850425174  489.69870349916766  289.0954347035656  610.642421260341  33.2605993443957  339.63353480168485  503.5611490060469  301.95833104565116  0.0  426.67065541035095  43.82884664472056  120.2581150785951  246.85594629741928  345.49801966595345  -109.77532136705167  425.69861136623496  487.23962212830173  377.49566565254617  272.95723698505566  450.1753687729708  343.77195256112196  420.03799281663174  475.9740395327905  335.5205507802179  420.13650530356284  671.1848634024112  370.9089535380407  535.9340185589316  665.2047613312156  121.33866594623237  436.15724819125194  484.9986780398988  670.8245864250326  177.3643838678226  -202.00350971984062  155.8527445941579  570.9729840522176  277.57447369757824  462.28911701408583  587.4150285895342  294.14364885659506  599.6612288240204  126.36011066695266  -183.2627680136817  634.4956334840131  
168.14448037222422  -81.05434638023593  -97.99791079785115  185.0940102498256  -411.9134291123946  -334.35625132688835  72.79532963216644  63.02804808881669  -137.57522070678533  183.9717658499901  -393.41005606595525  -87.0371206086661  76.89049359569592  -124.71232436469978  -426.67065541035095  0.0  -382.8418087656304  -306.41254033175585  -179.81470911293167  -81.1726357443975  -536.4459767774026  -0.9720440441159894  60.56896671795079  -49.17498975780478  -153.7134184252953  23.50471336261984  -82.89870284922898  -6.632662593719203  49.30338412243958  -91.15010463013306  -6.534150106788104  244.51420799206025  -55.761701872310255  109.26336314858068  238.53410592086473  -305.3319894641186  9.486592780900992  58.32802262954786  244.15393101468166  -249.30627154252835  -628.6741651301916  -270.81791081619303  144.3023286418666  -149.0961817127727  35.618461603734914  160.7443731791833  -132.52700655375588  172.9905734136695  -300.3105447433983  -609.9334234240326  207.82497807366218  
550.9862891378547  301.78746238539446  284.84389796777924  567.935819015456  -29.071620346764234  48.485557438742035  455.63713839779683  445.8698568544471  245.26658805884506  566.8135746156205  -10.568247300324856  295.8046881569643  459.73230236132633  258.1294844009306  -43.82884664472056  382.8418087656304  0.0  76.42926843387454  203.02709965269872  301.6691730212329  -153.60416801177223  381.8697647215144  443.4107754835812  333.6668190078256  229.1283903403351  406.34652212825023  299.9431059164014  376.2091461719112  432.14519288806997  291.69170413549733  376.3076586588423  627.3560167576907  327.08010689332013  492.10517191421104  621.3759146864951  77.50981930151181  392.3284015465314  441.1698313951782  626.9957397803121  133.53553722310204  -245.83235636456118  112.02389794943736  527.144137407497  233.74562705285769  418.4602703693653  543.5861819448137  250.3148022118745  555.8323821792999  82.53126402223211  -227.09161465840225  590.6667868392925  
474.5570207039801  225.35819395151992  208.4146295339047  491.50655058158145  -105.50088878063877  -27.943710995132506  379.2078699639223  369.44058842057257  168.83731962497052  490.38430618174596  -86.9975157341994  219.37541972308975  383.3030339274518  181.70021596705607  -120.2581150785951  306.41254033175585  -76.42926843387454  0.0  126.59783121882418  225.23990458735835  -230.03343644564677  305.44049628763986  366.98150704970664  257.23755057395107  152.69912190646056  329.9172536943757  223.51383748252687  299.77987773803665  355.71592445419543  215.2624357016228  299.87839022496775  550.9267483238161  250.6508384594456  415.6759034803365  544.9466462526206  1.080550867637271  315.89913311265684  364.7405629613037  550.5664713464375  57.1062687892275  -322.2616247984357  35.594629515562815  450.71486897362246  157.31635861898314  342.03100193549074  467.15691351093915  173.88553377799997  479.40311374542534  6.101995588357568  -303.5208830922768  514.237518405418  
347.9591894851559  98.76036273269574  81.81679831508052  364.90871936275727  -232.09871999946296  -154.5415422139567  252.6100387450981  242.84275720174836  42.239488406146336  363.7864749629218  -213.59534695302358  92.77758850426557  256.70520270862755  55.102384748231884  -246.85594629741928  179.81470911293167  -203.02709965269872  -126.59783121882418  0.0  98.64207336853417  -356.63126766447095  178.84266506881568  240.38367583088245  130.63971935512689  26.10129068763638  203.3194224755515  96.91600626370268  173.18204651921246  229.11809323537125  88.66460448279861  173.28055900614356  424.3289171049919  124.05300724062141  289.0780722615124  418.34881503379637  -125.51728035118691  189.30130189383266  238.14273174247953  423.9686401276133  -69.49156242959668  -448.8594560172599  -91.00320170326137  324.1170377547983  30.718527400158962  215.43317071666658  340.55908229211497  47.287702559175784  352.80528252660116  -120.49583563046662  -430.118714311101  387.63968718659385  
249.31711611662172  0.11828936416156921  -16.82527505345365  266.2666459942231  -330.7407933679971  -253.18361558249086  153.96796537656394  144.20068383321419  -56.402584962387834  265.1444015943876  -312.23742032155775  -5.864484864268604  158.0631293400934  -43.539688620302286  -345.49801966595345  81.1726357443975  -301.6691730212329  -225.23990458735835  -98.64207336853417  0.0  -455.2733410330051  80.2005917002815  141.74160246234828  31.997645986592715  -72.54078268089779  104.67734910701733  -1.7260671048314862  74.53997315067829  130.47601986683708  -9.977468885735561  74.63848563760939  325.6868437364577  25.41093387208724  190.43599889297818  319.7067416652622  -224.15935371972108  90.65922852529849  139.50065837394536  325.3265667590791  -168.13363579813085  -547.5015293857941  -189.64527507179554  225.4749643862641  -67.92354596837521  116.79109734813241  241.9170089235808  -51.354370809358386  254.163209158067  -219.13790899900079  -528.7607876796351  288.9976138180597  
704.5904571496269  455.3916303971667  438.4480659795515  721.5399870272282  124.532547665008  202.08972545051427  609.241306409569  599.4740248662193  398.8707560706173  720.4177426273927  143.03592071144737  449.4088561687365  613.3364703730986  411.73365241270284  109.77532136705167  536.4459767774026  153.60416801177223  230.03343644564677  356.63126766447095  455.2733410330051  0.0  535.4739327332866  597.0149434953535  487.27098701959784  382.73255835210733  559.9506901400225  453.54727392817364  529.8133141836834  585.7493608998423  445.29587214726956  529.9118266706146  780.9601847694629  480.68427490509237  645.7093399259833  774.9800826982673  231.11398731328404  545.9325695583036  594.7739994069505  780.5999077920843  287.13970523487427  -92.22818835278895  265.6280659612096  680.7483054192693  387.3497950646299  572.0644383811375  697.1903499565859  403.91897022364674  709.4365501910721  236.13543203400434  -73.48744664663002  744.2709548510647  
169.1165244163402  -80.08230233611994  -97.02586675373516  186.0660542939416  -410.94138506827863  -333.38420728277237  73.76737367628243  64.00009213293268  -136.60317666266934  184.9438098941061  -392.43801202183926  -86.06507656455011  77.8625376398119  -123.74028032058379  -425.69861136623496  0.9720440441159894  -381.8697647215144  -305.44049628763986  -178.84266506881568  -80.2005917002815  -535.4739327332866  0.0  61.541010762066776  -48.20294571368879  -152.7413743811793  24.47675740673583  -81.926658805113  -5.660618549603214  50.27542816655557  -90.17806058601707  -5.562106062672115  245.48625203617624  -54.789657828194265  110.23540719269667  239.50614996498072  -304.3599454200026  10.458636825016981  59.30006667366385  245.12597505879765  -248.33422749841236  -627.7021210860755  -269.84586677207704  145.2743726859826  -148.12413766865672  36.590505647850904  161.7164172232993  -131.5549625096399  173.96261745778548  -299.3385006992823  -608.9613793799167  208.79702211777817  
107.57551365427345  -141.6233130981867  -158.56687751580193  124.52504353187483  -472.4823958303454  -394.92521804483914  12.226362914215656  2.4590813708659027  -198.14418742473612  123.40279913203932  -453.97902278390603  -147.6060873266169  16.32152687774513  -185.28129108265057  -487.23962212830173  -60.56896671795079  -443.4107754835812  -366.98150704970664  -240.38367583088245  -141.74160246234828  -597.0149434953535  -61.541010762066776  0.0  -109.74395647575557  -214.28238514324607  -37.06425335533095  -143.46766956717977  -67.20162931166999  -11.265582595511205  -151.71907134808384  -67.10311682473889  183.94524127410946  -116.33066859026104  48.694396430629894  177.96513920291395  -365.90095618206936  -51.082373937049795  -2.2409440884029266  183.58496429673087  -309.87523826047914  -689.2431318481424  -331.3868775341438  83.73336192391584  -209.6651484307235  -24.950505114215872  100.17540646123251  -193.09597327170667  112.42160669571872  -360.87951146134907  -670.5023901419834  147.2560113557114  
217.319470130029  -31.879356622431146  -48.82292104004637  234.26900000763038  -362.73843935458984  -285.1812615690836  121.97031938997122  112.20303784662147  -88.40023094898055  233.1467556077949  -344.23506630815046  -37.86213085086132  126.0654833535007  -75.537334606895  -377.49566565254617  49.17498975780478  -333.6668190078256  -257.23755057395107  -130.63971935512689  -31.997645986592715  -487.27098701959784  48.20294571368879  109.74395647575557  0.0  -104.5384286674905  72.67970312042462  -33.7237130914242  42.54232716408558  98.47837388024436  -41.97511487232828  42.64083965101668  293.689197749865  -6.586712114505474  158.43835290638546  287.7090956786695  -256.1569997063138  58.66158253870577  107.50301238735264  293.3289207724864  -200.13128178472357  -579.4991753723868  -221.64292105838825  193.4773183996714  -99.92119195496792  84.7934513615397  209.91936293698808  -83.3520167959511  222.16556317147428  -251.1355549855935  -560.7584336662278  256.99996783146696  
321.8578987975195  72.65907204505936  55.71550762744414  338.8074286751209  -258.20001068709934  -180.64283290159307  226.50874805746173  216.74146651411198  16.138197718509957  337.6851842752854  -239.69663764065996  66.67629781662919  230.6039120209912  29.001094060595506  -272.95723698505566  153.7134184252953  -229.1283903403351  -152.69912190646056  -26.10129068763638  72.54078268089779  -382.73255835210733  152.7413743811793  214.28238514324607  104.5384286674905  0.0  177.21813178791513  70.8147155760663  147.08075583157608  203.01680254773487  62.56331379516223  147.17926831850718  398.2276264173555  97.95171655298503  262.976781573876  392.24752434616  -151.6185710388233  163.20001120619628  212.04144105484315  397.8673494399769  -95.59285311723306  -474.9607467048963  -117.10449239089775  298.0157470671619  4.617236712522583  189.3318800290302  314.4577916044786  21.186411871539406  326.7039918389648  -146.597126318103  -456.22000499873735  361.53839649895747  
144.63976700960438  -104.55905974285577  -121.50262416047099  161.58929688720576  -435.41814247501446  -357.8609646895082  49.290616269546604  39.52333472619685  -161.07993406940517  160.46705248737027  -416.9147694285751  -110.54183397128594  53.385780233076076  -148.21703772731962  -450.1753687729708  -23.50471336261984  -406.34652212825023  -329.9172536943757  -203.3194224755515  -104.67734910701733  -559.9506901400225  -24.47675740673583  37.06425335533095  -72.67970312042462  -177.21813178791513  0.0  -106.40341621184882  -30.137375956339042  25.798670759819743  -114.6548179927529  -30.038863469407943  221.0094946294404  -79.2664152349301  85.75864978596084  215.0293925582449  -328.8367028267384  -14.018120581718847  34.82330926692802  220.64921765206182  -272.8109849051482  -652.1788784928115  -294.3226241788129  120.79761527924678  -172.60089507539254  12.113748241115076  137.23965981656346  -156.03171991637572  149.48586005104966  -323.8152581060181  -633.4381367866524  184.32026471104234  
251.0431832214532  1.8443564689930554  -15.099207948622166  267.9927130990546  -329.01472626316564  -251.45754847765937  155.69403248139542  145.92675093804567  -54.67651785755635  266.8704686992191  -310.51135321672626  -4.138417759437118  159.7891964449249  -41.8136215154708  -343.77195256112196  82.89870284922898  -299.9431059164014  -223.51383748252687  -96.91600626370268  1.7260671048314862  -453.54727392817364  81.926658805113  143.46766956717977  33.7237130914242  -70.8147155760663  106.40341621184882  0.0  76.26604025550978  132.20208697166856  -8.251401780904075  76.36455274244088  327.4129108412892  27.137000976918728  192.16206599780966  321.4328087700937  -222.4332866148896  92.38529563012997  141.22672547877684  327.0526338639106  -166.40756869329937  -545.7754622809625  -187.91920796696405  227.2010314910956  -66.19747886354372  118.5171644529639  243.64307602841228  -49.6283037045269  255.88927626289848  -217.4118418941693  -527.0347205748037  290.72368092289116  
174.77714296594343  -74.42168378651672  -91.36524820413194  191.7266728435448  -405.2807665186754  -327.72358873316915  79.42799222588565  69.66071068253589  -130.94255811306613  190.6044284437093  -386.77739347223604  -80.4044580149469  83.52315618941512  -118.07966177098058  -420.03799281663174  6.632662593719203  -376.2091461719112  -299.77987773803665  -173.18204651921246  -74.53997315067829  -529.8133141836834  5.660618549603214  67.20162931166999  -42.54232716408558  -147.08075583157608  30.137375956339042  -76.26604025550978  0.0  55.936046716158785  -84.51744203641385  0.09851248693109937  251.14687058577945  -49.12903927859105  115.89602574229988  245.16676851458394  -298.6993268703994  16.119255374620195  64.96068522326706  250.78659360840086  -242.67360894880915  -622.0415025364723  -264.18524822247383  150.9349912355858  -142.4635191190535  42.25112419745412  167.3770357729025  -125.89434396003668  179.6232360073887  -293.6778821496791  -603.3007608303135  214.45764066738138  
118.84109624978466  -130.3577305026755  -147.30129492029073  135.79062612738602  -461.2168132348342  -383.65963544932794  23.49194550972686  13.724663966377108  -186.8786048292249  134.66838172755052  -442.7134401883948  -136.34050473110568  27.587109473256334  -174.01570848713936  -475.9740395327905  -49.30338412243958  -432.14519288806997  -355.71592445419543  -229.11809323537125  -130.47601986683708  -585.7493608998423  -50.27542816655557  11.265582595511205  -98.47837388024436  -203.01680254773487  -25.798670759819743  -132.20208697166856  -55.936046716158785  0.0  -140.45348875257264  -55.837534229227686  195.21082386962067  -105.06508599474984  59.9599790261411  189.23072179842515  -354.63537358655816  -39.81679134153859  9.024638507108278  194.85054689224208  -298.60965566496793  -677.9775492526312  -320.1212949386326  94.99894451942704  -198.3995658352123  -13.684922518704667  111.44098905674372  -181.83039067619546  123.68718929122993  -349.61392886583786  -659.2368075464722  158.5215939512226  
259.2945850023573  10.09575824989713  -6.84780616771809  276.24411487995866  -320.76332448226157  -243.2061466967553  163.9454342622995  154.17815271894975  -46.42511607665227  275.12187048012316  -302.2599514358222  4.112984021466957  168.04059822582897  -33.562219734566725  -335.5205507802179  91.15010463013306  -291.69170413549733  -215.2624357016228  -88.66460448279861  9.977468885735561  -445.29587214726956  90.17806058601707  151.71907134808384  41.97511487232828  -62.56331379516223  114.6548179927529  8.251401780904075  84.51744203641385  140.45348875257264  0.0  84.61595452334495  335.6643126221933  35.3884027578228  200.41346777871374  329.68421055099776  -214.18188483398552  100.63669741103405  149.47812725968092  335.3040356448147  -158.1561669123953  -537.5240605000586  -179.66780618605998  235.45243327199967  -57.94607708263965  126.76856623386797  251.89447780931636  -41.376901923622825  264.14067804380255  -209.16044011326522  -518.7833187938995  298.97508270379524  
174.67863047901233  -74.52019627344782  -91.46376069106304  191.6281603566137  -405.3792790056065  -327.82210122010025  79.32947973895455  69.5621981956048  -131.04107059999723  190.5059159567782  -386.87590595916714  -80.502970501878  83.42464370248402  -118.17817425791168  -420.13650530356284  6.534150106788104  -376.3076586588423  -299.87839022496775  -173.28055900614356  -74.63848563760939  -529.9118266706146  5.562106062672115  67.10311682473889  -42.64083965101668  -147.17926831850718  30.038863469407943  -76.36455274244088  -0.09851248693109937  55.837534229227686  -84.61595452334495  0.0  251.04835809884835  -49.22755176552215  115.79751325536878  245.06825602765284  -298.7978393573305  16.020742887689096  64.86217273633596  250.68808112146976  -242.77212143574025  -622.1400150234035  -264.28376070940493  150.8364787486547  -142.5620316059846  42.15261171052302  167.2785232859714  -125.99285644696778  179.5247235204576  -293.7763946366102  -603.3992733172445  214.35912818045028  
-76.36972761983601  -325.56855437229615  -342.51211878991137  -59.420197742234635  -656.4276371044549  -578.8704593189486  -171.7188783598938  -181.48615990324356  -382.08942869884555  -60.54244214207014  -637.9242640580155  -331.5513286007263  -167.62371439636433  -369.22653235676  -671.1848634024112  -244.51420799206025  -627.3560167576907  -550.9267483238161  -424.3289171049919  -325.6868437364577  -780.9601847694629  -245.48625203617624  -183.94524127410946  -293.689197749865  -398.2276264173555  -221.0094946294404  -327.4129108412892  -251.14687058577945  -195.21082386962067  -335.6643126221933  -251.04835809884835  0.0  -300.2759098643705  -135.25084484347957  -5.980102071195523  -549.8461974561789  -235.02761521115926  -186.1861853625124  -0.3602769773785983  -493.82047953458857  -873.1883731222518  -515.3321188082533  -100.21187935019363  -393.6103897048329  -208.89574638832534  -83.76983481287695  -377.0412145458161  -71.52363457839074  -544.8247527354586  -854.4476314160929  -36.689229918398084  
223.90618224453448  -25.292644507925672  -42.23620892554089  240.85571212213586  -356.15172724008437  -278.5945494545781  128.5570315044767  118.78974996112694  -81.81351883447508  239.73346772230036  -337.648354193645  -31.275418736355846  132.65219546800617  -68.95062249238953  -370.9089535380407  55.761701872310255  -327.08010689332013  -250.6508384594456  -124.05300724062141  -25.41093387208724  -480.68427490509237  54.789657828194265  116.33066859026104  6.586712114505474  -97.95171655298503  79.2664152349301  -27.137000976918728  49.12903927859105  105.06508599474984  -35.3884027578228  49.22755176552215  300.2759098643705  0.0  165.02506502089093  294.29580779317496  -249.57028759180832  65.24829465321125  114.08972450185811  299.9156328869919  -193.5445696702181  -572.9124632578813  -215.05620894388278  200.06403051417686  -93.33447984046245  91.38016347604517  216.50607505149355  -76.76530468144563  228.75227528597975  -244.54884287108803  -554.1717215517224  263.58667994597243  
58.88111722364356  -190.3177095288166  -207.26127394643183  75.83064710124494  -521.1767922609753  -443.619614475469  -36.46803351641424  -46.23531505976399  -246.838583855366  74.70840270140943  -502.6734192145359  -196.30048375724678  -32.372869552884765  -233.97568751328046  -535.9340185589316  -109.26336314858068  -492.10517191421104  -415.6759034803365  -289.0780722615124  -190.43599889297818  -645.7093399259833  -110.23540719269667  -48.694396430629894  -158.43835290638546  -262.976781573876  -85.75864978596084  -192.16206599780966  -115.89602574229988  -59.9599790261411  -200.41346777871374  -115.79751325536878  135.25084484347957  -165.02506502089093  0.0  129.27074277228405  -414.59535261269923  -99.77677036767969  -50.93534051903282  134.89056786610098  -358.56963469110906  -737.9375282787722  -380.0812739647737  35.03896549328594  -258.35954486135336  -73.64490154484577  51.48101003060262  -241.79036970233656  63.72721026508883  -409.57390789197893  -719.1967865726133  98.56161492508149  
-70.38962554864048  -319.58845230110063  -336.53201671871585  -53.44009567103911  -650.4475350332593  -572.8903572477531  -165.7387762886983  -175.50605783204804  -376.10932662765003  -54.56234007087462  -631.94416198682  -325.5712265295308  -161.64361232516882  -363.2464302855645  -665.2047613312156  -238.53410592086473  -621.3759146864951  -544.9466462526206  -418.34881503379637  -319.7067416652622  -774.9800826982673  -239.50614996498072  -177.96513920291395  -287.7090956786695  -392.24752434616  -215.0293925582449  -321.4328087700937  -245.16676851458394  -189.23072179842515  -329.68421055099776  -245.06825602765284  5.980102071195523  -294.29580779317496  -129.27074277228405  0.0  -543.8660953849833  -229.04751313996374  -180.20608329131687  5.6198250938169245  -487.84037746339305  -867.2082710510563  -509.35201673705774  -94.2317772789981  -387.6302876336374  -202.91564431712982  -77.78973274168143  -371.0611124746206  -65.54353250719521  -538.844650664263  -848.4675293448973  -30.70912784720256  
473.4764698363428  224.27764308388265  207.33407866626743  490.4259997139442  -106.58143964827605  -29.024261862769777  378.127319096285  368.3600375529353  167.75676875733325  489.3037553141087  -88.07806660183667  218.29486885545248  382.2224830598145  180.6196650994188  -121.33866594623237  305.3319894641186  -77.50981930151181  -1.080550867637271  125.51728035118691  224.15935371972108  -231.11398731328404  304.3599454200026  365.90095618206936  256.1569997063138  151.6185710388233  328.8367028267384  222.4332866148896  298.6993268703994  354.63537358655816  214.18188483398552  298.7978393573305  549.8461974561789  249.57028759180832  414.59535261269923  543.8660953849833  0.0  314.81858224501957  363.6600120936664  549.4859204788003  56.02571792159023  -323.342175666073  34.514078647925544  449.6343181059852  156.23580775134587  340.95045106785346  466.0763626433019  172.8049829103627  478.3225628777881  5.021444720720297  -304.60143395991406  513.1569675377807  
158.65788759132323  -90.54093916113692  -107.48450357875214  175.6074174689246  -421.4000218932956  -343.84284410778935  63.30873685126545  53.5414553079157  -147.06181348768632  174.48517306908911  -402.89664884685624  -96.52371338956709  67.40390081479492  -134.19891714560077  -436.15724819125194  -9.486592780900992  -392.3284015465314  -315.89913311265684  -189.30130189383266  -90.65922852529849  -545.9325695583036  -10.458636825016981  51.082373937049795  -58.66158253870577  -163.20001120619628  14.018120581718847  -92.38529563012997  -16.119255374620195  39.81679134153859  -100.63669741103405  -16.020742887689096  235.02761521115926  -65.24829465321125  99.77677036767969  229.04751313996374  -314.81858224501957  0.0  48.84142984864687  234.66733823378067  -258.79286432342934  -638.1607579110926  -280.304503597094  134.81573586096562  -158.5827744936737  26.131868822833923  151.2577803982823  -142.01359933465687  163.5039806327685  -309.7971375242993  -619.4200162049336  198.3383852927612  
109.81645774267638  -139.3823690097838  -156.325933427399  126.76598762027776  -470.24145174194246  -392.6842739564362  14.467307002618583  4.700025459268829  -195.9032433363332  125.64374322044225  -451.7380786955031  -145.36514323821396  18.562470966148055  -183.04034699424764  -484.9986780398988  -58.32802262954786  -441.1698313951782  -364.7405629613037  -238.14273174247953  -139.50065837394536  -594.7739994069505  -59.30006667366385  2.2409440884029266  -107.50301238735264  -212.04144105484315  -34.82330926692802  -141.22672547877684  -64.96068522326706  -9.024638507108278  -149.47812725968092  -64.86217273633596  186.1861853625124  -114.08972450185811  50.93534051903282  180.20608329131687  -363.6600120936664  -48.84142984864687  0.0  185.8259083851338  -307.63429417207624  -687.0021877597394  -329.14593344574087  85.97430601231876  -207.42420434232056  -22.709561025812945  102.41635054963544  -190.85502918330374  114.66255078412165  -358.6385673729461  -668.2614460535805  149.4969554441143  
