Height_Data

node	height
0	57.834500304397636
1	183.75183542302284
2	88.96120101662687
3	119.08909120575856
4	247.13702193265235
5	133.7851202131162
6	82.90841090024892
7	161.27917192526075
8	120.05221888242403
9	174.58254692932664
10	74.84841941380573
11	175.08842364910356
12	53.49769509832907
13	78.9571931135386
14	101.50364290161953
15	60.99570390383819
16	163.1755907821106
17	89.18919868880387
18	295.0823226529085
19	70.2518901289949
20	26.99804260468991
21	47.24517409784304
22	109.22892304367416
23	210.48744250628593
24	59.84256061784515
25	143.27536721887105
26	44.10191927260228
27	145.37252496860634
28	127.17350235415513
29	192.46751377002673
30	74.36077063200997
31	15.991336294439431
32	98.62084516632143
33	242.78629993342705
34	166.5448412031903
35	67.25323809610683
36	67.22405601131854
37	168.73789538687373
38	101.60445330793861
39	42.22534263480631
40	87.5868974231464
41	147.34452695958475
42	44.55672705563026
43	125.99730015610035
44	88.85759520843494
45	80.91256079745791
46	176.81949988590824
47	119.39311978325055
48	80.03588504000972
49	187.65995484160155
50	76.74558186344962
51	160.54341310821772
52	58.11844278792821
53	228.51448722709176
54	583.7043395020911
55	213.26689986975188
56	43.085465676327324
57	87.76570762076553
58	30.98256496849059
59	52.43712182266894
60	549.4177940405056
61	157.30572467790267
62	89.60525364919398
63	162.46052489911088
64	111.4398148137043
65	33.262434447781274
66	202.1147873431371
67	197.70802134183901
68	131.63930556237287
69	157.70218802374032
70	447.3905010494256
71	176.28624157677942
72	51.719044565870426
73	142.62302924537008
74	126.34707722682165
75	78.47638920291051



height_matrix
0.0  -125.9173351186252  -31.126700712229237  -61.25459090136093  -189.3025216282547  -75.95061990871855  -25.073910595851288  -103.44467162086312  -62.21771857802639  -116.748046624929  -17.013919109408093  -117.25392334470592  4.3368052060685685  -21.122692809140958  -43.66914259722189  -3.1612035994405545  -105.34109047771295  -31.354698384406234  -237.24782234851085  -12.417389824597265  30.836457699707726  10.589326206554595  -51.39442273927652  -152.6529422018883  -2.0080603134475155  -85.44086691447342  13.732581031795355  -87.5380246642087  -69.3390020497575  -134.6330134656291  -16.526270327612337  41.8431640099582  -40.786344861923794  -184.9517996290294  -108.71034089879265  -9.41873779170919  -9.389555706920902  -110.9033950824761  -43.76995300354098  15.609157669591326  -29.75239711874876  -89.51002665518712  13.277773248767375  -68.16279985170272  -31.023094904037308  -23.078060493060278  -118.9849995815106  -61.55861947885292  -22.20138473561208  -129.8254545372039  -18.91108155905198  -102.70891280382008  -0.2839424835305735  -170.67998692269413  -525.8698391976934  -155.43239956535425  14.749034628070312  -29.93120731636789  26.851935335907047  5.397378481728694  -491.5832937361079  -99.47122437350504  -31.770753344796347  -104.62602459471324  -53.605314509306666  24.572065856616362  -144.28028703873946  -139.87352103744138  -73.80480525797523  -99.86768771934268  -389.556000745028  -118.45174127238178  6.11545573852721  -84.78852894097244  -68.51257692242402  -20.641888898512875  
125.9173351186252  0.0  94.79063440639597  64.66274421726428  -63.385186509629506  49.96671520990665  100.84342452277392  22.472663497762085  63.69961654059881  9.1692884936962  108.90341600921711  8.663411773919279  130.25414032469376  104.79464230948425  82.24819252140331  122.75613151918465  20.57624464091225  94.56263673421897  -111.33048722988565  113.49994529402794  156.75379281833293  136.5066613251798  74.52291237934868  -26.73560708326309  123.90927480517769  40.476468204151786  139.64991615042055  38.3793104544165  56.57833306886771  -8.715678347003887  109.39106479101287  167.7604991285834  85.13099025670141  -59.034464510404206  17.206994219832552  116.49859732691601  116.5277794117043  15.013940036149108  82.14738211508423  141.52649278821653  96.16493799987644  36.407308463438085  139.19510836739258  57.75453526692249  94.8942402145879  102.83927462556493  6.9323355371145965  64.35871563977229  103.71595038301312  -3.908119418578707  107.00625355957322  23.20842231480512  125.63339263509462  -44.76265180406892  -399.95250407906826  -29.515064446729042  140.66636974669552  95.98612780225731  152.76927045453226  131.3147136003539  -365.6659586174827  26.446110745120166  94.14658177382886  21.29131052391196  72.31202060931854  150.48940097524155  -18.362951920114256  -13.956185918816175  52.11252986064997  26.04964739928252  -263.63866562640277  7.465593846243422  132.0327908571524  41.12880617765276  57.404758196201186  105.27544622011233  
31.126700712229237  -94.79063440639597  0.0  -30.12789018913169  -158.1758209160255  -44.823919196489314  6.052790116377949  -72.31797090863388  -31.091017865797156  -85.62134591269977  14.112781602821144  -86.12722263247669  35.463505918297805  10.00400790308828  -12.542441884992655  27.965497112788682  -74.21438976548372  -0.22799767217699696  -206.1211216362816  18.709310887631972  61.96315841193696  41.71602691878383  -20.267722027047284  -121.52624148965906  29.11864039878172  -54.31416620224418  44.85928174402459  -56.41132395197947  -38.21230133752826  -103.50631275339985  14.6004303846169  72.96986472218744  -9.659644149694557  -153.8250989168002  -77.58364018656341  21.707962920520046  21.737145005308335  -79.77669437024686  -12.64325229131174  46.73585838182056  1.3743035934804766  -58.38332594295788  44.40447396099661  -37.03609913947348  0.10360580819192933  8.04864021916896  -87.85829886928137  -30.43191876662368  8.925315976617156  -98.69875382497467  12.215619153177258  -71.58221209159085  30.842758228698663  -139.55328621046488  -494.7431384854642  -124.30569885312501  45.87573534029955  1.195493395861348  57.97863604813628  36.52407919395793  -460.45659302387867  -68.3445236612758  -0.6440526325671101  -73.499323882484  -22.47861379707743  55.6987665688456  -113.15358632651022  -108.74682032521214  -42.678104545745995  -68.74098700711345  -358.4293000327987  -87.32504056015254  37.24215645075645  -53.661828228743204  -37.38587621019478  10.484811813716362  
61.25459090136093  -64.66274421726428  30.12789018913169  0.0  -128.04793072689378  -14.696029007357623  36.18068030550964  -42.19008071950219  -0.9631276766654651  -55.493455723568076  44.240671791952835  -55.999332443345  65.59139610742949  40.13189809221997  17.585448304139035  58.09338730192037  -44.086499576352026  29.899892516954694  -175.99323144714992  48.83720107676366  92.09104860106865  71.84391710791553  9.860168162084406  -91.39835130052737  59.24653058791341  -24.18627601311249  74.98717193315628  -26.28343376284778  -8.084411148396569  -73.37842256426816  44.72832057374859  103.09775491131913  20.468246039437133  -123.69720872766848  -47.455749997431724  51.83585310965174  51.865035194440026  -49.64880418111517  17.48463789781995  76.86374857095225  31.502193782612167  -28.25543575382619  74.5323641501283  -6.908208950341788  30.23149599732362  38.17653040830065  -57.73040868014968  -0.30402857749199086  39.05320616574885  -68.57086363584298  42.34350934230895  -41.45432190245916  60.970648417830354  -109.4253960213332  -464.61524829633254  -94.17780866399332  76.00362552943125  31.32338358499304  88.10652623726797  66.65196938308962  -430.328702834747  -38.21663347214411  29.48383755656458  -43.371433693352316  7.6492763920542615  85.82665675797729  -83.02569613737853  -78.61893013608045  -12.550214356614305  -38.613096817981756  -328.30140984366705  -57.197150371020854  67.37004663988813  -23.533938039611513  -7.25798602106309  40.61270200284805  
189.3025216282547  63.385186509629506  158.1758209160255  128.04793072689378  0.0  113.35190171953616  164.22861103240342  85.85785000739159  127.08480305022832  72.5544750033257  172.28860251884663  72.04859828354878  193.63932683432327  168.17982881911377  145.6333790310328  186.14131802881417  83.96143115054176  157.94782324384846  -47.94530072025614  176.88513180365743  220.13897932796243  199.8918478348093  137.9080988889782  36.649579426366415  187.2944613148072  103.86165471378129  203.03510266005006  101.764496964046  119.96351957849721  54.66950816262562  172.77625130064237  231.1456856382129  148.51617676633091  4.3507219992253  80.59218072946206  179.88378383654552  179.9129659213338  78.39912654577861  145.53256862471375  204.91167929784604  159.55012450950596  99.79249497306759  202.58029487702208  121.139721776552  158.2794267242174  166.22446113519442  70.3175220467441  127.74390214940179  167.10113689264261  59.4770670910508  170.39144006920273  86.59360882443463  189.01857914472413  18.622534705560582  -336.5673175694387  33.870122062900464  204.05155625632503  159.3713143118868  216.15445696416177  194.6999001099834  -302.2807721078532  89.83129725474967  157.53176828345835  84.67649703354147  135.69720711894803  213.87458748487109  45.02223458951525  49.42900059081333  115.49771637027948  89.43483390891203  -200.25347911677326  70.85078035587293  195.4179773667819  104.51399268728227  120.78994470583069  168.66063272974185  
75.95061990871855  -49.96671520990665  44.823919196489314  14.696029007357623  -113.35190171953616  0.0  50.87670931286726  -27.494051712144568  13.732901330692158  -40.79742671621045  58.93670079931046  -41.303303435987374  80.28742511478711  54.82792709957759  32.28147731149666  72.789416309278  -29.390470568994402  44.59592152431232  -161.2972024397923  63.533230084121286  106.78707760842627  86.53994611527315  24.55619716944203  -76.70232229316974  73.94255959527104  -9.490247005754867  89.6832009405139  -11.587404755490155  6.611617858961054  -58.68239355691054  59.42434958110621  117.79378391867675  35.16427504679476  -109.00117972031086  -32.7597209900741  66.53188211700936  66.56106420179765  -34.952775173757544  32.180666905177574  91.55977757830988  46.19822278996979  -13.559406746468568  89.22839315748593  7.787820057015836  44.92752500468124  52.87255941565827  -43.034379672792056  14.392000429865632  53.74923517310647  -53.87483462848536  57.03953834966657  -26.758292895101533  75.66667742518797  -94.72936701397558  -449.9192192889749  -79.4817796566357  90.69965453678887  46.01941259235066  102.8025552446256  81.34799839044724  -415.63267382738934  -23.520604464786487  44.179866563922204  -28.675404685994692  22.345305399411885  100.52268576533491  -68.32966713002091  -63.92290112872283  2.1458146507433185  -23.917067810624133  -313.60538083630945  -42.50112136366323  82.06607564724575  -8.83790903225389  7.438042986294533  55.308731010205676  
25.073910595851288  -100.84342452277392  -6.052790116377949  -36.18068030550964  -164.22861103240342  -50.87670931286726  0.0  -78.37076102501183  -37.143807982175105  -91.67413602907772  8.059991486443195  -92.18001274885464  29.410715801919856  3.9512177867103304  -18.595232001370604  21.912706996410733  -80.26717988186167  -6.280787788554946  -212.17391175265956  12.656520771254023  55.91036829555901  35.66323680240588  -26.320512143425233  -127.579031606037  23.065850282403773  -60.36695631862213  38.80649162764664  -62.46411406835742  -44.26509145390621  -109.5591028697778  8.54764026823895  66.91707460580949  -15.712434266072506  -159.87788903317812  -83.63643030294136  15.655172804142097  15.684354888930386  -85.8294844866248  -18.69604240768969  40.683068265442614  -4.678486522897472  -64.43611605933583  38.35168384461866  -43.08888925585143  -5.94918430818602  1.9958501027910103  -93.91108898565932  -36.48470888300163  2.8725258602392074  -104.75154394135262  6.162829036799309  -77.6350022079688  24.789968112320715  -145.60607632684284  -500.7959286018422  -130.35848896950296  39.8229452239216  -4.857296720516601  51.92584593175833  30.471289077579982  -466.50938314025666  -74.39731377765375  -6.696842748945059  -79.55211399886196  -28.531403913455378  49.64597645246765  -119.20637644288817  -114.79961044159009  -48.730894662123944  -74.7937771234914  -364.48209014917666  -93.3778306765305  31.189366334378498  -59.71461834512115  -43.43866632657273  4.4320216973384134  
103.44467162086312  -22.472663497762085  72.31797090863388  42.19008071950219  -85.85785000739159  27.494051712144568  78.37076102501183  0.0  41.226953042836726  -13.303375004065884  86.43075251145503  -13.809251723842806  107.78147682693168  82.32197881172216  59.775529023641226  100.28346802142256  -1.8964188568498344  72.08997323645688  -133.80315072764773  91.02728179626585  134.28112932057084  114.03399782741772  52.0502488815866  -49.208270581025175  101.4366113074156  18.0038047063897  117.17725265265847  15.906646956654413  34.10566957110562  -31.188341844765972  86.91840129325078  145.28783563082132  62.658326758939324  -81.50712800816629  -5.265669277929533  94.02593382915393  94.05511591394222  -7.458723461612976  59.67471861732214  119.05382929045444  73.69227450211436  13.934644965676  116.7224448696305  35.281871769160404  72.42157671682581  80.36661112780284  -15.540327960647488  41.8860521420102  81.24328688525104  -26.38078291634079  84.53359006181114  0.7357588170430347  103.16072913733254  -67.23531530183101  -422.42516757683035  -51.98772794449113  118.19370624893344  73.51346430449523  130.29660695677018  108.84205010259181  -388.1386221152448  3.973447247358081  71.67391827606677  -1.1813529738501245  49.83935711155645  128.01673747747947  -40.83561541787634  -36.42884941657826  29.639866362887886  3.5769839015204354  -286.11132912416485  -15.007069651518663  109.56012735939032  18.656142679890678  34.9320946984391  82.80278272235024  
62.21771857802639  -63.69961654059881  31.091017865797156  0.9631276766654651  -127.08480305022832  -13.732901330692158  37.143807982175105  -41.226953042836726  0.0  -54.53032804690261  45.2037994686183  -55.03620476667953  66.55452378409495  41.095025768885435  18.5485759808045  59.05651497858584  -43.12337189968656  30.86302019362016  -175.03010377048446  49.80032875342913  93.05417627773411  72.807044784581  10.823295838749871  -90.4352236238619  60.20965826457888  -23.223148336447025  75.95029960982174  -25.320306086182313  -7.121283471731104  -72.4152948876027  45.691448250414055  104.0608825879846  21.4313737161026  -122.73408105100302  -46.49262232076626  52.7989807863172  52.82816287110549  -48.6856765044497  18.447765574485416  77.82687624761772  32.46532145927763  -27.292308077160726  75.49549182679377  -5.9450812736763226  31.194623673989085  39.139658084966115  -56.767281003484214  0.6590990991734742  40.01633384241431  -67.60773595917752  43.30663701897441  -40.49119422579369  61.93377609449582  -108.46226834466773  -463.6521206196671  -93.21468098732785  76.96675320609671  32.286511261658504  89.06965391393344  67.61509705975509  -429.3655751580815  -37.253505795478645  30.446965233230046  -42.40830601668685  8.612404068719727  86.78978443464275  -82.06256846071307  -77.65580245941499  -11.58708667994884  -37.64996914131629  -327.3382821670016  -56.23402269435539  68.3331743165536  -22.570810362946048  -6.294858344397625  41.57582967951352  
116.748046624929  -9.1692884936962  85.62134591269977  55.493455723568076  -72.5544750033257  40.79742671621045  91.67413602907772  13.303375004065884  54.53032804690261  0.0  99.73412751552091  -0.5058767197769214  121.08485183099756  95.62535381578805  73.07890402770711  113.58684302548845  11.40695614721605  85.39334824052277  -120.49977572358185  104.33065680033174  147.58450432463673  127.3373728314836  65.35362388565248  -35.90489557695929  114.73998631148149  31.307179710455586  130.48062765672435  29.210021960720297  47.40904457517151  -17.884966840700088  100.22177629731667  158.5912106348872  75.96170176300521  -68.2037530041004  8.037705726136352  107.32930883321981  107.3584909180081  5.844651542452908  72.97809362138803  132.35720429452033  86.99564950618024  27.238019969741885  130.02581987369638  48.58524677322629  85.7249517208917  93.66998613186873  -2.2369529565816038  55.189427146076085  94.54666188931692  -13.077407912274907  97.83696506587702  14.03913382110892  116.46410414139842  -53.931940297765124  -409.12179257276443  -38.68435294042524  131.49708125299932  86.81683930856111  143.59998196083606  122.1454251066577  -374.8352471111789  17.276822251423965  84.97729328013266  12.12202203021576  63.14273211562234  141.32011248154538  -27.532240413810456  -23.125474412512375  42.94324136695377  16.88035890558632  -272.807954120099  -1.703694647452778  122.8635023634562  31.959517683956562  48.235469702504986  96.10615772641613  
17.013919109408093  -108.90341600921711  -14.112781602821144  -44.240671791952835  -172.28860251884663  -58.93670079931046  -8.059991486443195  -86.43075251145503  -45.2037994686183  -99.73412751552091  0.0  -100.24000423529783  21.35072431547666  -4.108773699732865  -26.6552234878138  13.852715509967538  -88.32717136830486  -14.340779274998141  -220.23390323910274  4.596529284810828  47.850376809115815  27.60324531596269  -34.38050362986843  -135.63902309248022  15.005858795960577  -68.42694780506532  30.746500141203448  -70.52410555480061  -52.325082940349404  -117.619094356221  0.4876487817957553  58.857083119366294  -23.7724257525157  -167.93788051962133  -91.69642178938456  7.595181317698902  7.624363402487191  -93.889475973068  -26.756033894132884  32.62307677899942  -12.738478009340668  -72.49610754577903  30.291692358175467  -51.14888074229462  -14.009175794629215  -6.064141383652185  -101.97108047210251  -44.544700369444826  -5.187465626203988  -112.81153542779582  -1.8971624496438864  -85.69499369441199  16.72997662587752  -153.66606781328602  -508.85592008828536  -138.41848045594617  31.762953737478405  -12.917288206959796  43.865854445315136  22.411297591136787  -474.5693746266998  -82.45730526409695  -14.756834235388254  -87.61210548530515  -36.59139539989857  41.585984966024455  -127.26636792933137  -122.85960192803329  -56.79088614856714  -82.85376860993459  -372.54208163561987  -101.43782216297369  23.129374847935303  -67.77460983156435  -51.498657813015924  -3.6279697891047817  
117.25392334470592  -8.663411773919279  86.12722263247669  55.999332443345  -72.04859828354878  41.303303435987374  92.18001274885464  13.809251723842806  55.03620476667953  0.5058767197769214  100.24000423529783  0.0  121.59072855077449  96.13123053556497  73.58478074748403  114.09271974526537  11.912832866992972  85.89922496029969  -119.99389900380493  104.83653352010866  148.09038104441365  127.84324955126053  65.8595006054294  -35.39901885718237  115.24586303125841  31.813056430232507  130.98650437650127  29.71589868049722  47.91492129494843  -17.379090120923166  100.72765301709359  159.09708735466413  76.46757848278213  -67.69787628432348  8.543582445913273  107.83518555299673  107.86436763778502  6.35052826222983  73.48397034116495  132.86308101429725  87.50152622595716  27.743896689518806  130.5316965934733  49.09112349300321  86.23082844066862  94.17586285164565  -1.7310762368046824  55.695303865853006  95.05253860909384  -12.571531192497986  98.34284178565395  14.54501054088584  116.96998086117534  -53.4260635779882  -408.61591585298754  -38.17847622064832  132.00295797277624  87.32271602833804  144.10585868061298  122.65130182643462  -374.329370391402  17.782698971200887  85.48316999990958  12.627898749992681  63.64860883539926  141.82598920132227  -27.026363694033535  -22.619597692735454  43.44911808673069  17.38623562536324  -272.30207740032205  -1.1978179276758567  123.36937908323313  32.465394403733484  48.74134642228191  96.61203444619305  
-4.3368052060685685  -130.25414032469376  -35.463505918297805  -65.59139610742949  -193.63932683432327  -80.28742511478711  -29.410715801919856  -107.78147682693168  -66.55452378409495  -121.08485183099756  -21.35072431547666  -121.59072855077449  0.0  -25.459498015209526  -48.00594780329046  -7.498008805509123  -109.67789568378151  -35.6915035904748  -241.5846275545794  -16.754195030665834  26.499652493639157  6.252521000486027  -55.73122794534509  -156.98974740795686  -6.344865519516084  -89.77767212054198  9.395775825726787  -91.87482987027727  -73.67580725582607  -138.96981867169765  -20.863075533680906  37.50635880388964  -45.12315006799236  -189.28860483509797  -113.04714610486121  -13.75554299777776  -13.72636091298947  -115.24020028854466  -48.106758209609545  11.272352463522758  -34.08920232481733  -93.84683186125568  8.940968042698806  -72.49960505777128  -35.359900110105876  -27.414865699128846  -123.32180478757917  -65.8954246849215  -26.53818994168065  -134.16225974327247  -23.247886765120548  -107.04571800988865  -4.620747689599142  -175.0167921287627  -530.2066444037621  -159.7692047714228  10.412229422001744  -34.26801252243646  22.51513012983848  1.0605732756601256  -495.9200989421765  -103.8080295795736  -36.107558550864916  -108.9628298007818  -57.942119715375235  20.235260650547794  -148.61709224480802  -144.21032624350994  -78.1416104640438  -104.20449292541124  -393.89280595109653  -122.78854647845034  1.7786505324586415  -89.125334147041  -72.84938212849258  -24.978694104581443  
21.122692809140958  -104.79464230948425  -10.00400790308828  -40.13189809221997  -168.17982881911377  -54.82792709957759  -3.9512177867103304  -82.32197881172216  -41.095025768885435  -95.62535381578805  4.108773699732865  -96.13123053556497  25.459498015209526  0.0  -22.546449788080935  17.961489209700403  -84.218397668572  -10.232005575265276  -216.12512953936988  8.705302984543692  51.95915050884868  31.712019015695553  -30.271729930135564  -131.53024939274735  19.114632495693442  -64.31817410533246  34.85527384093631  -66.41533185506775  -48.21630924061654  -113.51032065648813  4.59642248152862  62.96585681909916  -19.663652052782837  -163.82910681988847  -87.5876480896517  11.703955017431767  11.733137102220056  -89.78070227333514  -22.64726019440002  36.731850478732284  -8.629704309607803  -68.38733384604616  34.40046605790833  -47.04010704256176  -9.90040209489635  -1.9553676839193201  -97.86230677236965  -40.43592666971196  -1.078691926471123  -108.70276172806295  2.2116112500889784  -81.58621999467913  20.838750325610384  -149.55729411355316  -504.7471463885525  -134.3097067562133  35.87172743721127  -8.808514507226931  47.974628145048  26.52007129086965  -470.46060092696695  -78.34853156436408  -10.64806053565539  -83.50333178557229  -32.48262170016571  45.69475866575732  -123.1575942295985  -118.75082822830042  -52.682112448834275  -78.74499491020173  -368.433307935887  -97.32904846324082  27.238148547668168  -63.66583613183148  -47.38988411328306  0.48080391062808303  
43.66914259722189  -82.24819252140331  12.542441884992655  -17.585448304139035  -145.6333790310328  -32.28147731149666  18.595232001370604  -59.775529023641226  -18.5485759808045  -73.07890402770711  26.6552234878138  -73.58478074748403  48.00594780329046  22.546449788080935  0.0  40.50793899778134  -61.67194788049106  12.314444212815658  -193.57867975128897  31.251752772624627  74.50560029692961  54.25846880377649  -7.725280142054629  -108.9837996046664  41.66108228377438  -41.771724317251525  57.40172362901725  -43.868882066986814  -25.669859452535604  -90.9638708684072  27.142872269609555  85.5123066071801  2.882797735298098  -141.2826570318075  -65.04119830157076  34.2504048055127  34.27958689030099  -67.2342524852542  -0.10081040631908422  59.27830026681322  13.916745478473132  -45.840884057965226  56.94691584598927  -24.493657254480823  12.646047693184585  20.591082104161615  -75.31585698428871  -17.889476881631026  21.46775786160981  -86.15631193998202  24.758061038169913  -59.03977020659819  43.38520011369132  -127.01084432547223  -482.2006966004716  -111.76325696813235  58.418177225292204  13.737935280854003  70.52107793312894  49.066521078950586  -447.91415113888604  -55.802081776283146  11.898389252425545  -60.95688199749135  -9.936171912084774  68.24120845383825  -100.61114444151757  -96.20437844021949  -30.13566266075334  -56.19854512212079  -345.8868581478061  -74.78259867515989  49.7845983357491  -41.11938634375055  -24.843434325202125  23.027253698709018  
3.1612035994405545  -122.75613151918465  -27.965497112788682  -58.09338730192037  -186.14131802881417  -72.789416309278  -21.912706996410733  -100.28346802142256  -59.05651497858584  -113.58684302548845  -13.852715509967538  -114.09271974526537  7.498008805509123  -17.961489209700403  -40.50793899778134  0.0  -102.1798868782724  -28.19349478496568  -234.08661874907028  -9.25618622515671  33.99766129914828  13.75052980599515  -48.23321913983597  -149.49173860244775  1.153143285993039  -82.27966331503286  16.89378463123591  -84.37682106476815  -66.17779845031694  -131.47180986618855  -13.365066728171783  45.004367609398756  -37.62514126248324  -181.79059602958887  -105.5491372993521  -6.257534192268636  -6.228352107480347  -107.74219148303554  -40.60874940410042  18.77036126903188  -26.591193519308206  -86.34882305574656  16.43897684820793  -65.00159625226216  -27.861891304596753  -19.916856893619723  -115.82379598207005  -58.397415879412364  -19.040181136171526  -126.66425093776336  -15.749877959611425  -99.54770920437953  2.877261115909981  -167.51878332325356  -522.708635598253  -152.2711959659137  17.910238227510867  -26.770003716927334  30.0131389353476  8.558582081169249  -488.42209013666735  -96.31002077406448  -28.609549745355793  -101.46482099527269  -50.44411090986611  27.733269456056917  -141.1190834392989  -136.7123174380008  -70.64360165853468  -96.70648411990213  -386.3947971455874  -115.29053767294123  9.276659337967764  -81.62732534153189  -65.35137332298346  -17.48068529907232  
105.34109047771295  -20.57624464091225  74.21438976548372  44.086499576352026  -83.96143115054176  29.390470568994402  80.26717988186167  1.8964188568498344  43.12337189968656  -11.40695614721605  88.32717136830486  -11.912832866992972  109.67789568378151  84.218397668572  61.67194788049106  102.1798868782724  0.0  73.98639209330672  -131.9067318707979  92.92370065311569  136.17754817742068  115.93041668426756  53.94666773843643  -47.31185172417534  103.33303016426544  19.900223563239535  119.0736715095083  17.803065813504247  36.00208842795546  -29.291922987916138  88.81482015010062  147.18425448767115  64.55474561578916  -79.61070915131646  -3.3692504210796983  95.92235268600376  95.95153477079205  -5.562304604763142  61.57113747417198  120.95024814730428  75.58869335896419  15.831063822525834  118.61886372648033  37.17829062601024  74.31799557367565  82.26302998465268  -13.643909103797654  43.782470998860035  83.13970574210087  -24.484364059490957  86.43000891866097  2.632177673892869  105.05714799418237  -65.33889644498117  -420.5287487199805  -50.09130908764129  120.09012510578327  75.40988316134506  132.19302581362  110.73846895944165  -386.24220325839497  5.869866104207915  73.5703371329166  0.7150658829997099  51.73577596840629  129.9131563343293  -38.939196561026506  -34.532430559728425  31.53628521973772  5.47340275837027  -284.214910267315  -13.110650794668828  111.45654621624016  20.552561536740512  36.828513555288936  84.69920157920008  
31.354698384406234  -94.56263673421897  0.22799767217699696  -29.899892516954694  -157.94782324384846  -44.59592152431232  6.280787788554946  -72.08997323645688  -30.86302019362016  -85.39334824052277  14.340779274998141  -85.89922496029969  35.6915035904748  10.232005575265276  -12.314444212815658  28.19349478496568  -73.98639209330672  0.0  -205.89312396410463  18.93730855980897  62.191156084113956  41.94402459096083  -20.039724354870287  -121.29824381748206  29.34663807095872  -54.086168530067184  45.08727941620159  -56.18332627980247  -37.98430366535126  -103.27831508122286  14.828428056793896  73.19786239436444  -9.43164647751756  -153.59710124462316  -77.35564251438642  21.935960592697043  21.965142677485332  -79.54869669806986  -12.415254619134743  46.96385605399756  1.6023012656574736  -58.155328270780885  44.63247163317361  -36.80810146729648  0.3316034803689263  8.276637891345956  -87.63030119710437  -30.203921094446684  9.153313648794153  -98.47075615279768  12.443616825354255  -71.35421441941385  31.07075590087566  -139.3252885382879  -494.51514081328725  -124.07770118094801  46.103733012476546  1.423491068038345  58.20663372031328  36.75207686613493  -460.2285953517017  -68.1165259890988  -0.41605496039011314  -73.27132621030701  -22.250616124900432  55.926764241022596  -112.92558865433323  -108.51882265303514  -42.450106873569  -68.51298933493645  -358.20130236062175  -87.09704288797555  37.470154122933444  -53.43383055656621  -37.15787853801778  10.71280948589336  
237.24782234851085  111.33048722988565  206.1211216362816  175.99323144714992  47.94530072025614  161.2972024397923  212.17391175265956  133.80315072764773  175.03010377048446  120.49977572358185  220.23390323910274  119.99389900380493  241.5846275545794  216.12512953936988  193.57867975128897  234.08661874907028  131.9067318707979  205.89312396410463  0.0  224.8304325239136  268.0842800482186  247.83714855506545  185.85339960923432  84.59488014662256  235.23976203506334  151.80695543403743  250.9804033803062  149.70979768430215  167.90882029875337  102.61480888288176  220.7215520208985  279.0909863584691  196.46147748658706  52.29602271948144  128.5374814497182  227.82908455680166  227.85826664158995  126.34442726603476  193.47786934496986  252.85698001810218  207.49542522976208  147.73779569332373  250.52559559727823  169.08502249680814  206.22472744447356  214.1697618554506  118.26282276700024  175.68920286965795  215.04643761289879  107.42236781130694  218.33674078945887  134.53890954469077  236.96387986498027  66.56783542581672  -288.6220168491826  81.8154227831566  251.99685697658117  207.31661503214298  264.0997576844179  242.64520083023956  -254.33547138759707  137.7765979750058  205.47706900371452  132.6217977537976  183.6425078392042  261.8198882051272  92.96753530977139  97.37430131106947  163.44301709053562  137.38013462916817  -152.30817839651712  118.79608107612907  243.36327808703805  152.4592934075384  168.73524542608683  216.60593344999796  
12.417389824597265  -113.49994529402794  -18.709310887631972  -48.83720107676366  -176.88513180365743  -63.533230084121286  -12.656520771254023  -91.02728179626585  -49.80032875342913  -104.33065680033174  -4.596529284810828  -104.83653352010866  16.754195030665834  -8.705302984543692  -31.251752772624627  9.25618622515671  -92.92370065311569  -18.93730855980897  -224.8304325239136  0.0  43.25384752430499  23.00671603115186  -38.977032914679256  -140.23555237729101  10.40932951114975  -73.02347708987615  26.14997085639262  -75.12063483961144  -56.92161222516023  -122.21562364103183  -4.108880503015072  54.260553834555466  -28.36895503732653  -172.53440980443213  -96.29295107419539  2.9986520328880744  3.0278341176763632  -98.48600525787883  -31.35256317894371  28.02654749418859  -17.335007294151495  -77.09263683058985  25.69516307336464  -55.74541002710545  -18.605705079440042  -10.660670668463013  -106.56760975691334  -49.14122965425565  -9.783994911014815  -117.40806471260665  -6.493691734454714  -90.29152297922282  12.133447341066692  -158.26259709809688  -513.4524493730962  -143.01500974075697  27.166424452667577  -17.513817491770624  39.26932516050431  17.81476830632596  -479.16590391151067  -87.05383454890777  -19.353363520199082  -92.20863477011598  -41.1879246847094  36.98945568121363  -131.8628972141422  -127.45613121284411  -61.38741543337797  -87.45029789474542  -377.1386109204307  -106.03435144778452  18.532845563124475  -72.37113911637518  -56.09518709782675  -8.22449907391561  
-30.836457699707726  -156.75379281833293  -61.96315841193696  -92.09104860106865  -220.13897932796243  -106.78707760842627  -55.91036829555901  -134.28112932057084  -93.05417627773411  -147.58450432463673  -47.850376809115815  -148.09038104441365  -26.499652493639157  -51.95915050884868  -74.50560029692961  -33.99766129914828  -136.17754817742068  -62.191156084113956  -268.0842800482186  -43.25384752430499  0.0  -20.24713149315313  -82.23088043898424  -183.48939990159602  -32.84451801315524  -116.27732461418114  -17.10387666791237  -118.37448236391643  -100.17545974946522  -165.4694711653368  -47.36272802732006  11.006706310250479  -71.62280256163152  -215.78825732873713  -139.54679859850037  -40.25519549141691  -40.226013406628624  -141.73985278218382  -74.6064107032487  -15.2273000301164  -60.58885481845648  -120.34648435489484  -17.55868445094035  -98.99925755141044  -61.85955260374503  -53.914518192768  -149.82145728121833  -92.39507717856064  -53.0378424353198  -160.66191223691163  -49.7475392587597  -133.5453705035278  -31.1204001832383  -201.51644462240185  -556.7062968974012  -186.26885726506197  -16.087423071637414  -60.76766501607561  -3.9845223638006786  -25.43907921797903  -522.4197514358157  -130.30768207321276  -62.60721104450407  -135.46248229442097  -84.44177220901439  -6.264391843091364  -175.11674473844718  -170.7099787371491  -104.64126295768295  -130.7041454190504  -420.3924584447357  -149.2881989720895  -24.721001961180516  -115.62498664068016  -99.34903462213174  -51.4783465982206  
-10.589326206554595  -136.5066613251798  -41.71602691878383  -71.84391710791553  -199.8918478348093  -86.53994611527315  -35.66323680240588  -114.03399782741772  -72.807044784581  -127.3373728314836  -27.60324531596269  -127.84324955126053  -6.252521000486027  -31.712019015695553  -54.25846880377649  -13.75052980599515  -115.93041668426756  -41.94402459096083  -247.83714855506545  -23.00671603115186  20.24713149315313  0.0  -61.98374894583112  -163.2422684084429  -12.597386520002111  -96.03019312102802  3.14325482524076  -98.12735087076331  -79.92832825631208  -145.2223396721837  -27.115596534166933  31.25383780340361  -51.37567106847839  -195.541125835584  -119.29966710534725  -20.008063998263786  -19.978881913475497  -121.4927212890307  -54.35927921009557  5.019831463036731  -40.341723325303356  -100.09935286174172  2.688447042212779  -78.75212605825732  -41.6124211105919  -33.66738669961487  -129.5743257880652  -72.1479456854075  -32.790710942166676  -140.4147807437585  -29.500407765606575  -113.29823901037469  -10.873268690085169  -181.26931312924873  -536.4591654042481  -166.02172577190885  4.159708421515717  -40.520533522922484  16.26260912935245  -5.191947724825901  -502.1726199426625  -110.06055058005964  -42.36007955135094  -115.21535080126785  -64.19464071586125  13.982739650061767  -154.86961324529406  -150.46284724399598  -84.39413146452983  -110.45701392589729  -400.14532695158255  -129.04106747893638  -4.4738704680273855  -95.37785514752704  -79.10190312897862  -31.23121510506747  
51.39442273927652  -74.52291237934868  20.267722027047284  -9.860168162084406  -137.9080988889782  -24.55619716944203  26.320512143425233  -52.0502488815866  -10.823295838749871  -65.35362388565248  34.38050362986843  -65.8595006054294  55.73122794534509  30.271729930135564  7.725280142054629  48.23321913983597  -53.94666773843643  20.039724354870287  -185.85339960923432  38.977032914679256  82.23088043898424  61.98374894583112  0.0  -101.25851946261177  49.386362425829006  -34.046444175196896  65.12700377107188  -36.143601924932184  -17.944579310480975  -83.23859072635257  34.868152411664184  93.23758674923472  10.608077877352727  -133.5573768897529  -57.31591815951613  41.97568494756733  42.00486703235562  -59.508972343199574  7.624469735735545  67.00358040886785  21.64202562052776  -38.1156039159106  64.6721959880439  -16.768377112426194  20.371327835239214  28.316362246216244  -67.59057684223409  -10.164196739576397  29.19303800366444  -78.43103179792739  32.48334118022454  -51.31449006454356  51.11048025574595  -119.2855641834176  -474.47541645841693  -104.03797682607772  66.14345736734683  21.463215422908632  78.24635807518357  56.791801221005215  -440.1888709968314  -48.07680163422852  19.623669394480174  -53.23160185543672  -2.2108917700301447  75.96648859589288  -92.88586429946294  -88.47909829816486  -22.41038251869871  -48.47326498006616  -338.16157800575144  -67.05731853310526  57.50987847780373  -33.39410620169592  -17.118154183147496  30.752533840763647  
152.6529422018883  26.73560708326309  121.52624148965906  91.39835130052737  -36.649579426366415  76.70232229316974  127.579031606037  49.208270581025175  90.4352236238619  35.90489557695929  135.63902309248022  35.39901885718237  156.98974740795686  131.53024939274735  108.9837996046664  149.49173860244775  47.31185172417534  121.29824381748206  -84.59488014662256  140.23555237729101  183.48939990159602  163.2422684084429  101.25851946261177  0.0  150.64488188844078  67.21207528741488  166.38552323368364  65.11491753767959  83.3139401521308  18.019928736259203  136.12667187427596  194.4961062118465  111.8665973399645  -32.298857427141115  43.94260130309564  143.2342044101791  143.2633864949674  41.7495471194122  108.88298919834732  168.26209987147962  122.90054508313953  63.142915546701175  165.93071545065567  84.49014235018558  121.62984729785099  129.574881708828  33.66794262037769  91.09432272303538  130.4515574662762  22.827487664684384  133.74186064283631  49.94402939806821  152.3689997183577  -18.027044720805833  -373.2168969958052  -2.7794573634659514  167.4019768299586  122.7217348855204  179.50487753779535  158.05032068361697  -338.93035153421965  53.181717828383256  120.88218885709195  48.02691760717505  99.04762769258163  177.22500805850467  8.372655163148835  12.779421164446916  78.84813694391306  52.78525448254561  -236.90305854313968  34.20120092950651  158.7683979404155  67.86441326091585  84.14036527946428  132.01105330337543  
2.0080603134475155  -123.90927480517769  -29.11864039878172  -59.24653058791341  -187.2944613148072  -73.94255959527104  -23.065850282403773  -101.4366113074156  -60.20965826457888  -114.73998631148149  -15.005858795960577  -115.24586303125841  6.344865519516084  -19.114632495693442  -41.66108228377438  -1.153143285993039  -103.33303016426544  -29.34663807095872  -235.23976203506334  -10.40932951114975  32.84451801315524  12.597386520002111  -49.386362425829006  -150.64488188844078  0.0  -83.4328066010259  15.74064134524287  -85.52996435076119  -67.33094173630998  -132.62495315218158  -14.518210014164822  43.85122432340572  -38.77828454847628  -182.9437393155819  -106.70228058534514  -7.410677478261675  -7.3814953934733865  -108.89533476902858  -41.76189269009346  17.61721798303884  -27.744336805301245  -87.5019663417396  15.28583356221489  -66.1547395382552  -29.015034590589792  -21.070000179612762  -116.97693926806309  -59.5505591654054  -20.193324422164565  -127.8173942237564  -16.903021245604464  -100.70085249037257  1.724117829916942  -168.6719266092466  -523.861778884246  -153.42433925190673  16.757094941517828  -27.923147002920373  28.859995649354563  7.4054387951762095  -489.5752334226604  -97.46316406005752  -29.76269303134883  -102.61796428126573  -51.59725419585915  26.580126170063878  -142.27222672529194  -137.86546072399386  -71.79674494452772  -97.85962740589517  -387.54794043158046  -116.44368095893427  8.123516051974725  -82.78046862752493  -66.5045166089765  -18.63382858506536  
