Height_Data

node	height
0	130.8281952610494
1	182.41085084424088
2	31.681648808708793
3	40.31837308787129
4	46.34561305168081
5	138.89013882942174
6	33.650726262777056
7	190.17550109440614
8	85.21977793628767
9	185.65973619528293
10	193.18119586264322
11	169.90341670153205
12	148.31973753050355
13	174.44058558691935
14	352.1888597872979
15	235.41749963314058
16	466.4946346446947
17	85.3069776411639
18	260.7493478000923
19	214.41554263929916
20	105.10269714013188
21	28.16568839885516
22	42.957902225412816
23	115.65254976018443
24	88.7821680471211
25	278.71213203901374
26	43.641775563377884
27	136.68356533259234
28	79.1511137645636
29	26.346087385377988
30	30.821990701989073
31	276.3181435389926
32	72.54771687934243
33	231.45557133997758
34	82.49992657825838
35	43.77762624993938
36	121.14906997832264
37	116.59733723026024
38	144.42097961524257
39	608.0229166484584
40	333.60645922827104
41	51.698912249541614
42	252.3605526790941
43	38.934160267053166
44	252.16988692835827
45	175.9414757132187
46	67.87859415011364
47	108.51923000548364
48	114.13398497750647
49	129.56706099482804
50	45.265277321835846
51	182.77364155208934
52	93.39069966540377
53	171.96627005136057
54	52.78961535135371
55	23.671400765635884
56	49.46318008203716
57	638.1477856606191
58	80.88370032780462
59	36.645896429930396
60	148.55181490033843
61	47.7342980952928
62	68.2837477715661
63	76.35356476590569
64	215.30941243173527
65	422.2810697921971
66	63.68360878574488
67	79.87374129281233
68	738.2000633520265
69	49.96554174582043
70	79.67441887513537
71	169.33334138972384
72	214.88568347689792
73	81.8809826848824
74	116.00377564453859
75	586.1681256293076



height_matrix
0.0  -42.98554631932625  82.62212204361717  75.42485181098175  70.4021518411405  -6.718286306976964  80.98122416522695  -49.45608819446396  38.007014437301436  -45.69295077852796  -51.96083383466153  -32.56268453373555  -14.576285224545131  -36.343658604891644  -184.46722043854044  -87.15775364340932  -279.72203281970445  37.93434801657125  -108.2676271158691  -69.65612281520815  21.4379151007646  85.55208905182853  73.22524419636382  12.646371250720804  35.03835601160691  -123.23661398163695  72.65534974805959  -4.879475059619125  43.06423458040483  87.06842322972618  83.33850379921694  -121.24162356495269  48.567065318089135  -83.85614673244017  40.27355723565918  72.54214084259168  8.06593773560563  11.859048358990961  -11.327320295160987  -397.6622678228408  -168.9818866393514  65.94106917625649  -101.27696451503725  76.57836249499687  -101.11807638942408  -37.59440037680774  52.45800092577979  18.59080437963813  13.911841902952432  1.0509452218511228  71.30243161601129  -43.28787190919995  31.197912996371358  -34.28172899192599  65.0321499247464  89.29732874617793  67.80417931584353  -422.76632533297476  41.62041244437064  78.4852490259325  -14.769683032740858  69.24491430479716  52.12037290790275  45.395525412619754  -70.40101430890489  -242.87739544262314  55.953822062753765  42.462044973530894  -506.14322340914765  67.38554459602415  42.62814698826169  -32.08762177389538  -70.04790684654044  40.7893438134725  12.353683013758996  -379.44994197354856  
42.98554631932625  0.0  125.60766836294341  118.41039813030801  113.38769816046674  36.26726001234928  123.9667704845532  -6.470541875137712  80.99256075662768  -2.7074044592017117  -8.975287515335282  10.422861785590698  28.409261094781115  6.641887714434603  -141.48167411921418  -44.172207324083075  -236.7364865003782  80.9198943358975  -65.28208079654286  -26.670576495881903  64.42346142009085  128.53763537115478  116.21079051569006  55.63191757004705  78.02390233093315  -80.2510676623107  115.64089606738584  38.10607125970712  86.04978089973108  130.05396954905243  126.32405011854318  -78.25607724562644  91.55261163741538  -40.87060041311392  83.25910355498543  115.52768716191792  51.051484054931876  54.84459467831721  31.65822602416526  -354.67672150351456  -125.99634032002513  108.92661549558272  -58.291418195711  119.5639088143231  -58.13253007009783  5.391145942518506  95.44354724510603  61.576350698964376  56.89738822227868  44.03649154117737  114.28797793533754  -0.3023255898737034  74.1834593156976  8.703817327400259  108.01769624407265  132.2828750655042  110.78972563516977  -379.7807790136485  84.60595876369689  121.47079534525875  28.21586328658539  112.23046062412341  95.105919227229  88.38107173194601  -27.415467989578644  -199.89184912329688  98.93936838208  85.44759129285714  -463.1576770898214  110.37109091535038  85.61369330758794  10.897924545430868  -27.062360527214196  83.77489013279875  55.33922933308524  -336.4643956542223  
-82.62212204361717  -125.60766836294341  0.0  -7.1972702326354145  -12.219970202476677  -89.34040835059413  -1.64089787839022  -132.07821023808114  -44.61510760631573  -128.31507282214514  -134.5829558782787  -115.18480657735272  -97.1984072681623  -118.96578064850881  -267.0893424821576  -169.7798756870265  -362.3441548633216  -44.68777402704592  -190.88974915948629  -152.27824485882533  -61.18420694285257  2.92996700821136  -9.396877847253354  -69.97575079289636  -47.58376603201026  -205.85873602525413  -9.966772295557579  -87.50159710323629  -39.55788746321234  4.446301186109004  0.716381755599766  -203.86374560856987  -34.05505672552803  -166.47826877605735  -42.348564807957985  -10.079981201025493  -74.55618430801154  -70.7630736846262  -93.94944233877816  -480.28438986645796  -251.60400868296855  -16.681052867360687  -183.89908655865443  -6.0437595486203115  -183.74019843304126  -120.21652242042491  -30.16412111783738  -64.03131766397904  -68.71028014066474  -81.57117682176604  -11.319690427605881  -125.90999395281712  -51.42420904724581  -116.90385103554316  -17.589972118870765  6.675206702560757  -14.817942727773644  -505.3884473765919  -41.001709599246524  -4.136873017684671  -97.39180507635803  -13.377207738820008  -30.501749135714423  -37.22659663099742  -153.02313635252207  -325.4995174862403  -26.668299980863406  -40.160077070086274  -588.7653454527648  -15.236577447593032  -39.99397505535548  -114.70974381751255  -152.67002889015762  -41.83277823014467  -70.26843902985817  -462.0720640171657  
-75.42485181098175  -118.41039813030801  7.1972702326354145  0.0  -5.022699969841263  -82.14313811795873  5.556372354245195  -124.88094000544572  -37.41783737368032  -121.11780258950972  -127.38568564564329  -107.98753634471731  -90.00113703552688  -111.76851041587341  -259.8920722495222  -162.58260545439109  -355.1468846306862  -37.49050379441051  -183.69247892685087  -145.0809746261899  -53.98693671021716  10.127237240846775  -2.199607614617939  -62.77848056026095  -40.38649579937485  -198.6614657926187  -2.7695020629221645  -80.30432687060087  -32.36061723057693  11.643571418744418  7.913651988235181  -196.66647537593445  -26.85778649289262  -159.28099854342193  -35.151294575322574  -2.8827109683900787  -67.35891407537613  -63.565803451990796  -86.75217210614275  -473.08711963382257  -244.40673845033314  -9.483782634725273  -176.701816326019  1.153510684015103  -176.54292820040584  -113.0192521877895  -22.966850885201964  -56.83404743134363  -61.513009908029325  -74.37390658913063  -4.122420194970466  -118.71272372018171  -44.2269388146104  -109.70658080290775  -10.39270188623535  13.872476935196172  -7.62067249513823  -498.1911771439565  -33.80443936661111  3.0603972149507435  -90.19453484372261  -6.179937506184594  -23.30447890307901  -30.029326398362002  -145.82586611988665  -318.3022472536049  -19.47102974822799  -32.96280683745086  -581.5680752201293  -8.039307214957617  -32.796704822720066  -107.51247358487714  -145.4727586575222  -34.63550799750926  -63.07116879722276  -454.8747937845303  
-70.4021518411405  -113.38769816046674  12.219970202476677  5.022699969841263  0.0  -77.12043814811746  10.579072324086457  -119.85824003560445  -32.39513740383906  -116.09510261966845  -122.36298567580202  -102.96483637487604  -84.97843706568563  -106.74581044603214  -254.86937227968093  -157.5599054845498  -350.12418466084495  -32.467803824569245  -178.6697789570096  -140.05827465634866  -48.964236740375895  15.149937210688037  2.8230923552233236  -57.75578059041969  -35.363795829533586  -193.63876582277743  2.253197906919098  -75.28162690075962  -27.337917260735665  16.66627138858568  12.936351958076443  -191.6437754060932  -21.83508652305136  -154.25829857358065  -30.12859460548131  2.139989001451184  -62.336214105534864  -58.54310348214953  -81.72947213630148  -468.0644196639813  -239.38403848049188  -4.46108266488401  -171.67911635617776  6.176210653856366  -171.52022823056456  -107.99655221794823  -17.9441509153607  -51.811347461502365  -56.49030993818806  -69.35120661928937  0.9002797748707962  -113.69002375034044  -39.20423884476914  -104.68388083306648  -5.370001916394088  18.895176905037435  -2.597972525296967  -493.16847717411525  -28.78173939676985  8.083097184792006  -85.17183487388135  -1.157237536343331  -18.281778933237746  -25.00662642852074  -140.8031661500454  -313.27954728376363  -14.448329778386729  -27.9401068676096  -576.5453752502881  -3.0166072451163544  -27.774004852878804  -102.48977361503587  -140.45005868768095  -29.612808027667995  -58.0484688273815  -449.85209381468906  
6.718286306976964  -36.26726001234928  89.34040835059413  82.14313811795873  77.12043814811746  0.0  87.69951047220391  -42.737801887486995  44.7253007442784  -38.974664471550994  -45.242547527684565  -25.844398226758585  -7.8579989175681675  -29.62537229791468  -177.74893413156346  -80.43946733643236  -273.0037465127275  44.65263432354821  -101.54934080889214  -62.937836508231186  28.156201407741563  92.2703753588055  79.94353050334078  19.364657557697768  41.75664231858387  -116.51832767465999  79.37363605503656  1.8388112473578389  49.78252088738179  93.78670953670314  90.0567901061939  -114.52333725797573  55.2853516250661  -77.1378604254632  46.99184354263615  79.26042714956864  14.784224042582593  18.577334665967925  -4.609033988184024  -390.9439815158638  -162.2636003323744  72.65935548323344  -94.55867820806029  83.29664880197382  -94.39979008244711  -30.876114069830777  59.176287232756756  25.309090686615093  20.630128209929396  7.769231528828087  78.02071792298825  -36.569585602222986  37.91619930334832  -27.563442684949024  71.75043623172337  96.01561505315489  74.52246562282049  -416.0480390259978  48.33869875134761  85.20353533290947  -8.051396725763894  75.96320061177413  58.83865921487971  52.11381171959672  -63.68272800192793  -236.15910913564616  62.67210836973073  49.18033128050786  -499.4249371021707  74.1038309030011  49.346433295238654  -25.369335466918415  -63.32962053956348  47.50763012044946  19.07196932073596  -372.73165566657156  
-80.98122416522695  -123.9667704845532  1.64089787839022  -5.556372354245195  -10.579072324086457  -87.69951047220391  0.0  -130.4373123596909  -42.97420972792551  -126.6741749437549  -132.94205799988848  -113.5439086989625  -95.55750938977208  -117.32488277011859  -265.44844460376737  -168.13897780863627  -360.7032569849314  -43.0468761486557  -189.24885128109605  -150.6373469804351  -59.54330906446235  4.57086488660158  -7.755979968863134  -68.33485291450614  -45.94286815362004  -204.2178381468639  -8.325874417167359  -85.86069922484607  -37.91698958482212  6.087199064499224  2.357279633989986  -202.22284773017964  -32.41415884713781  -164.8373708976671  -40.707666929567765  -8.439083322635273  -72.91528642962132  -69.12217580623599  -92.30854446038794  -478.64349198806775  -249.96311080457832  -15.040154988970468  -182.2581886802642  -4.402861670230092  -182.09930055465102  -118.57562454203469  -28.52322323944716  -62.39041978558882  -67.06938226227452  -79.93027894337582  -9.678792549215661  -124.2690960744269  -49.78331116885559  -115.26295315715294  -15.949074240480545  8.316104580950977  -13.177044849383424  -503.7475494982017  -39.360811720856304  -2.495975139294451  -95.7509071979678  -11.736309860429788  -28.860851257324203  -35.5856987526072  -151.38223847413184  -323.8586196078501  -25.027402102473186  -38.519179191696054  -587.1244475743746  -13.595679569202812  -38.35307717696526  -113.06884593912233  -151.0291310117674  -40.19188035175445  -68.62754115146795  -460.4311661387755  
49.45608819446396  6.470541875137712  132.07821023808114  124.88094000544572  119.85824003560445  42.737801887486995  130.4373123596909  0.0  87.4631026317654  3.7631374159360007  -2.5047456401975694  16.89340366072841  34.87980296991883  13.112429589572315  -135.01113224407646  -37.70166544894536  -230.26594462524048  87.39043621103521  -58.811538921405145  -20.20003462074419  70.89400329522856  135.0081772462925  122.68133239082778  62.10245944518476  84.49444420607087  -73.78052578717299  122.11143794252355  44.576613134844834  92.52032277486879  136.52451142419014  132.7945919936809  -71.78553537048873  98.0231535125531  -34.40005853797621  89.72964543012314  121.99822903705564  57.52202593006959  61.31513655345492  38.12876789930297  -348.20617962837684  -119.52579844488741  115.39715737072044  -51.82087632057329  126.03445068946081  -51.66198819496012  11.861687817656218  101.91408912024374  68.04689257410209  63.36793009741639  50.50703341631508  120.75851981047525  6.168216285264009  80.65400119083532  15.174359202537971  114.48823811921037  138.7534169406419  117.26026751030749  -373.3102371385108  91.0765006388346  127.94133722039646  34.6864051617231  118.70100249926112  101.57646110236671  94.85161360708372  -20.944926114440932  -193.42130724815917  105.40991025721772  91.91813316799485  -456.6871352146837  116.84163279048809  92.08423518272565  17.36846642056858  -20.591818652076483  90.24543200793646  61.809771208222955  -329.9938537790846  
-38.007014437301436  -80.99256075662768  44.61510760631573  37.41783737368032  32.39513740383906  -44.7253007442784  42.97420972792551  -87.4631026317654  0.0  -83.6999652158294  -89.96784827196296  -70.56969897103698  -52.58329966184657  -74.35067304219308  -222.47423487584186  -125.16476808071076  -317.72904725700585  -0.07266642073018659  -146.27464155317054  -107.66313725250959  -16.569099336536837  47.545074614527095  35.21822975906238  -25.36064318658063  -2.968658425694528  -161.24362841893839  34.648335310758156  -42.88648949692056  5.057220143103393  49.06140879242474  45.3314893619155  -159.24863800225413  10.5600508807877  -121.8631611697416  2.2665427983577473  34.53512640529024  -29.941076701695806  -26.147966078310475  -49.33433473246242  -435.66928226014227  -206.9889010766528  27.934054738955048  -139.28397895233869  38.571348057695424  -139.1250908267255  -75.60141481410918  14.450986488478357  -19.416210057663307  -24.095172534349004  -36.95606921545031  33.295417178709855  -81.29488634650139  -6.809101440930078  -72.28874342922742  27.02513548744497  51.29031430887649  29.79716487854209  -460.77333977027615  3.6133980070692076  40.47823458863107  -52.77669747004229  31.237899867495727  14.113358470601312  7.388510975318319  -108.40802874620633  -280.88440987992453  17.94680762545233  4.455030536229458  -544.150237846449  29.378530158722704  4.6211325509602545  -70.09463621119681  -108.05492128384188  2.782329376171063  -25.65333142354244  -417.45695641085  
45.69295077852796  2.7074044592017117  128.31507282214514  121.11780258950972  116.09510261966845  38.974664471550994  126.6741749437549  -3.7631374159360007  83.6999652158294  0.0  -6.26788305613357  13.13026624479241  31.116665553982827  9.349292173636314  -138.77426966001246  -41.464802864881364  -234.02908204117648  83.62729879509921  -62.574676337341145  -23.96317203668019  67.13086587929256  131.2450398303565  118.91819497489178  58.33932202924876  80.73130679013487  -77.54366320310899  118.34830052658755  40.81347571890883  88.75718535893279  132.76137400825414  129.0314545777449  -75.54867278642473  94.2600160966171  -38.16319595391221  85.96650801418714  118.23509162111964  53.75888851413359  57.55199913751892  34.36563048336697  -351.96931704431285  -123.28893586082341  111.63401995478443  -55.58401373650929  122.27131327352481  -55.42512561089612  8.098550401720217  98.15095170430774  64.28375515816609  59.60479268148039  46.74389600037908  116.99538239453925  2.4050788693280083  76.89086377489932  11.41122178660197  110.72510070327436  134.9902795247059  113.49713009437149  -377.0733745544468  87.3133632228986  124.17819980446046  30.9232677457871  114.93786508332512  97.8133236864307  91.08847619114772  -24.708063530376933  -197.18444466409517  101.64677284128172  88.15499575205885  -460.4502726306197  113.07849537455209  88.32109776678965  13.60532900463258  -24.354956068012484  86.48229459200046  58.046633792286954  -333.7569911950206  
51.96083383466153  8.975287515335282  134.5829558782787  127.38568564564329  122.36298567580202  45.242547527684565  132.94205799988848  2.5047456401975694  89.96784827196296  6.26788305613357  0.0  19.39814930092598  37.3845486101164  15.617175229769884  -132.5063866038789  -35.19691980874779  -227.7611989850429  89.89518185123278  -56.306793281207575  -17.69528898054662  73.39874893542613  137.51292288649006  125.18607803102535  64.60720508538233  86.99918984626844  -71.27578014697542  124.61618358272112  47.0813587750424  95.02506841506636  139.0292570643877  135.29933763387845  -69.28078973029116  100.52789915275066  -31.895312897778638  92.23439107032071  124.5029746772532  60.02677157026716  63.81988219365249  40.63351353950054  -345.70143398817925  -117.02105280468984  117.901903010918  -49.31613068037572  128.53919632965838  -49.15724255476255  14.366433457853788  104.41883476044131  70.55163821429966  65.87267573761396  53.01177905651265  123.26326545067282  8.672961925461578  83.15874683103289  17.67910484273554  116.99298375940793  141.25816258083947  119.76501315050506  -370.80549149831324  93.58124627903217  130.44608286059403  37.19115080192067  121.20574813945869  104.08120674256428  97.35635924728129  -18.440180474243363  -190.9165616079616  107.91465589741529  94.42287880819242  -454.18238957448614  119.34637843068566  94.58898082292322  19.87321206076615  -18.087073011878914  92.75017764813403  64.31451684842052  -327.489108138887  
32.56268453373555  -10.422861785590698  115.18480657735272  107.98753634471731  102.96483637487604  25.844398226758585  113.5439086989625  -16.89340366072841  70.56969897103698  -13.13026624479241  -19.39814930092598  0.0  17.986399309190418  -3.780974071156095  -151.90453590480487  -54.59506910967377  -247.1593482859689  70.4970325503068  -75.70494258213355  -37.0934382814726  54.00059963450015  118.11477358556408  105.78792873009937  45.20905578445635  67.60104054534246  -90.6739294479014  105.21803428179514  27.683209474116424  75.62691911414038  119.63110776346173  115.90118833295249  -88.67893903121714  81.12974985182468  -51.29346219870462  72.83624176939473  105.10482537632723  40.62862226934118  44.42173289272651  21.23536423857456  -365.0995832891052  -136.41920210561582  98.50375370999203  -68.7142799813017  109.1410470287324  -68.55539185568853  -5.031715843072192  85.02068545951533  51.15348891337368  46.47452643668798  33.61362975558667  103.86511614974684  -10.725187375464401  63.76059753010691  -1.7190444581904387  97.59483445848196  121.86001327991347  100.36686384957908  -390.2036407992392  74.18309697810619  111.04793355966805  17.79300150099469  101.80759883853271  84.6830574416383  77.95820994635531  -37.83832977516934  -210.31471090888758  88.51650659648931  75.02472950726644  -473.5805388754121  99.94822912975968  75.19083152199724  0.47506275984017066  -37.48522231280489  73.35202834720805  44.916367547494545  -346.88725743981297  
14.576285224545131  -28.409261094781115  97.1984072681623  90.00113703552688  84.97843706568563  7.8579989175681675  95.55750938977208  -34.87980296991883  52.58329966184657  -31.116665553982827  -37.3845486101164  -17.986399309190418  0.0  -21.767373380346513  -169.8909352139953  -72.58146841886419  -265.1457475951593  52.51063324111638  -93.69134189132397  -55.07983759066302  36.01420032530973  100.12837427637366  87.80152942090895  27.222656475265936  49.61464123615204  -108.66032875709182  87.23163497260472  9.696810164926006  57.64051980494996  101.64470845427131  97.91478902376207  -106.66533834040756  63.143350542634266  -69.27986150789503  54.849842460204314  87.11842606713681  22.64222296015076  26.435333583536092  3.248964929384144  -383.0859825982957  -154.40560141480626  80.51735440080162  -86.70067929049212  91.154647719542  -86.54179116487894  -23.01811515226261  67.03428615032493  33.16708960418326  28.488127127497563  15.627230446396254  85.87871684055642  -28.71158668465482  45.77419822091649  -19.705443767380856  79.60843514929154  103.87361397072306  82.38046454038866  -408.1900401084296  56.196697668915775  93.06153425047764  -0.19339780819572638  83.8211995293423  66.69665813244788  59.971810637164886  -55.82472908435976  -228.301110218078  70.5301072872989  57.038330198076025  -491.5669381846025  81.96182982056928  57.20443221280682  -17.511336549350247  -55.47162162199531  55.36562903801763  26.929968238304127  -364.87365674900343  
36.343658604891644  -6.641887714434603  118.96578064850881  111.76851041587341  106.74581044603214  29.62537229791468  117.32488277011859  -13.112429589572315  74.35067304219308  -9.349292173636314  -15.617175229769884  3.780974071156095  21.767373380346513  0.0  -148.12356183364878  -50.81409503851768  -243.3783742148128  74.2780066214629  -71.92396851097746  -33.312464210316506  57.78157370565624  121.89574765672018  109.56890280125546  48.99002985561245  71.38201461649855  -86.8929553767453  108.99900835295124  31.46418354527252  79.40789318529647  123.41208183461782  119.68216240410858  -84.89796496006105  84.91072392298078  -47.51248812754852  76.61721584055083  108.88579944748332  44.409596340497274  48.202706963882605  25.016338309730656  -361.3186092179492  -132.63822803445973  102.28472778114812  -64.9333059101456  112.9220210998885  -64.77441778453243  -1.250741771916097  88.80165953067143  54.93446298452977  50.255500507844076  37.39460382674277  107.64609022090293  -6.944213304308306  67.541571601263  2.061929612965656  101.37580852963805  125.64098735106957  104.14783792073517  -386.4226667280831  77.96407104926229  114.82890763082415  21.573975572150786  105.5885729096888  88.46403151279439  81.7391840175114  -34.05735570401325  -206.53373683773148  92.2974806676454  78.80570357842254  -469.79956480425597  103.72920320091578  78.97180559315333  4.2560368309962655  -33.7042482416488  77.13300241836414  48.69734161865064  -343.10628336865693  
184.46722043854044  141.48167411921418  267.0893424821576  259.8920722495222  254.86937227968093  177.74893413156346  265.44844460376737  135.01113224407646  222.47423487584186  138.77426966001246  132.5063866038789  151.90453590480487  169.8909352139953  148.12356183364878  0.0  97.3094667951311  -95.25481238116402  222.40156845511166  76.19959332267132  114.81109762333227  205.90513553930504  270.019309490369  257.69246463490424  197.11359168926123  219.50557645014732  61.23060645690347  257.1225701866  179.58774537892128  227.53145501894525  271.5356436682666  267.8057242377574  63.22559687358773  233.03428575662957  100.61107370610026  224.7407776741996  257.0093612811321  192.53315817414605  196.32626879753138  173.13990014337944  -213.19504738430038  15.48533379918905  250.4082896147969  83.19025592350317  261.0455829335373  83.34914404911635  146.87282006173268  236.9252213643202  203.05802481817855  198.37906234149284  185.51816566039156  255.76965205455173  141.17934852934047  215.66513343491178  150.18549144661444  249.49937036328683  273.76454918471836  252.27139975438394  -238.29910489443432  226.08763288291107  262.9524694644729  169.69753740579955  253.71213474333757  236.58759334644316  229.86274585116018  114.06620612963553  -58.4101750040827  240.42104250129418  226.92926541207132  -321.6760029706072  251.85276503456456  227.0953674268021  152.37959866464504  114.41931359199998  225.25656425201294  196.82090345229943  -194.98272153500812  
87.15775364340932  44.172207324083075  169.7798756870265  162.58260545439109  157.5599054845498  80.43946733643236  168.13897780863627  37.70166544894536  125.16476808071076  41.464802864881364  35.19691980874779  54.59506910967377  72.58146841886419  50.81409503851768  -97.3094667951311  0.0  -192.56427917629512  125.09210165998057  -21.109873472459782  17.501630828201172  108.59566874417392  172.70984269523785  160.38299783977314  99.80412489413013  122.19610965501623  -36.07886033822763  159.81310339146893  82.2782785837902  130.22198822381415  174.2261768731355  170.49625744262624  -34.08386992154337  135.72481896149844  3.3016069109691557  127.4313108790685  159.699894486001  95.22369137901495  99.01680200240028  75.83043334824833  -310.50451417943145  -81.82413299594205  153.0988228196658  -14.119210871627928  163.73611613840617  -13.960322746014754  49.56335326660158  139.6157545691891  105.74855802304745  101.06959554636175  88.20869886526044  158.4601852594206  43.86988173420937  118.35566663978068  52.876024651483334  152.18990356815573  176.45508238958726  154.96193295925286  -335.60857168956545  128.77816608777997  165.64300266934183  72.38807061066846  156.4026679482065  139.27812655131208  132.55327905602908  16.75673933450443  -155.7196417992138  143.11157570616308  129.61979861694022  -418.98546976573834  154.54329823943345  129.785900631671  55.07013186951394  17.10984679686888  127.94709745688182  99.51143665716832  -292.2921883301392  
279.72203281970445  236.7364865003782  362.3441548633216  355.1468846306862  350.12418466084495  273.0037465127275  360.7032569849314  230.26594462524048  317.72904725700585  234.02908204117648  227.7611989850429  247.1593482859689  265.1457475951593  243.3783742148128  95.25481238116402  192.56427917629512  0.0  317.6563808362757  171.45440570383533  210.0659100044963  301.15994792046905  365.274121871533  352.94727701606826  292.36840407042524  314.76038883131133  156.4854188380675  352.377382567764  274.8425577600853  322.7862674001093  366.7904560494306  363.0605366189214  158.48040925475175  328.2890981377936  195.86588608726427  319.9955900553636  352.2641736622961  287.78797055531004  291.5810811786954  268.3947125245435  -117.94023500313637  110.74014618035307  345.6631019959609  178.4450683046672  356.3003953147013  178.60395643028036  242.1276324428967  332.18003374548425  298.31283719934254  293.63387472265686  280.7729780415556  351.02446443571574  236.4341609105045  310.9199458160758  245.44030382777845  344.7541827444509  369.0193615658824  347.52621213554795  -143.0442925132703  321.3424452640751  358.20728184563694  264.95234978696357  348.9669471245016  331.8424057276072  325.1175582323242  209.32101851079955  36.84463737708131  335.6758548824582  322.18407779323536  -226.4211905894432  347.1075774157286  322.35017980796613  247.63441104580906  209.674125973164  320.51137663317695  292.07571583346345  -99.72790915384411  
-37.93434801657125  -80.9198943358975  44.68777402704592  37.49050379441051  32.467803824569245  -44.65263432354821  43.0468761486557  -87.39043621103521  0.07266642073018659  -83.62729879509921  -89.89518185123278  -70.4970325503068  -52.51063324111638  -74.2780066214629  -222.40156845511166  -125.09210165998057  -317.6563808362757  0.0  -146.20197513244034  -107.5904708317794  -16.49643291580665  47.61774103525728  35.29089617979257  -25.287976765850445  -2.8959920049643415  -161.1709619982082  34.72100173148834  -42.813823076190374  5.12988656383358  49.13407521315493  45.40415578264569  -159.17597158152392  10.632717301517886  -121.79049474901142  2.339209219087934  34.60779282602043  -29.86841028096562  -26.07529965758029  -49.26166831173224  -435.59661583941204  -206.9162346559226  28.006721159685235  -139.21131253160848  38.64401447842561  -139.05242440599534  -75.52874839337899  14.523652909208543  -19.34354363693312  -24.022506113618817  -36.883402794720126  33.36808359944004  -81.2222199257712  -6.736435020199892  -72.21607700849724  27.097801908175157  51.362980729606676  29.869831299272278  -460.700673349546  3.686064427799394  40.550901009361255  -52.70403104931211  31.310566288225914  14.186024891331499  7.461177396048505  -108.33536232547614  -280.81174345919436  18.019474046182516  4.527696956959645  -544.0775714257189  29.45119657945289  4.693798971690441  -70.02196979046663  -107.98225486311169  2.8549957969012496  -25.580665002812253  -417.3842899901198  
108.2676271158691  65.28208079654286  190.88974915948629  183.69247892685087  178.6697789570096  101.54934080889214  189.24885128109605  58.811538921405145  146.27464155317054  62.574676337341145  56.306793281207575  75.70494258213355  93.69134189132397  71.92396851097746  -76.19959332267132  21.109873472459782  -171.45440570383533  146.20197513244034  0.0  38.611504300660954  129.70554221663372  193.81971616769764  181.49287131223292  120.91399836658991  143.305983127476  -14.968986865767846  180.92297686392868  103.38815205624998  151.33186169627393  195.33605034559528  191.60613091508606  -12.973996449083586  156.83469243395825  24.411480383428938  148.54118435152827  180.80976795846078  116.33356485147473  120.12667547486006  96.94030682070812  -289.3946407069717  -60.71425952348227  174.20869629212558  6.990662600831854  184.84598961086596  7.149550726445028  70.67322673906136  160.7256280416489  126.85843149550723  122.17946901882154  109.31857233772023  179.5700587318804  64.97975520666915  139.46554011224046  73.98589812394312  173.2997770406155  197.56495586204704  176.07180643171262  -314.49869821710564  149.88803956023975  186.7528761418016  93.49794408312825  177.51254142066625  160.38800002377184  153.66315252848887  37.86661280696421  -134.60976832675402  164.22144917862286  150.7296720894  -397.87559629327853  175.65317171189324  150.8957741041308  76.18000534197373  38.21972026932866  149.05697092934162  120.6213101296281  -271.18231485767944  
69.65612281520815  26.670576495881903  152.27824485882533  145.0809746261899  140.05827465634866  62.937836508231186  150.6373469804351  20.20003462074419  107.66313725250959  23.96317203668019  17.69528898054662  37.0934382814726  55.07983759066302  33.312464210316506  -114.81109762333227  -17.501630828201172  -210.0659100044963  107.5904708317794  -38.611504300660954  0.0  91.09403791597275  155.20821186703668  142.88136701157197  82.30249406592895  104.69447882681506  -53.5804911664288  142.31147256326773  64.77664775558902  112.72035739561298  156.72454604493433  152.9946266144251  -51.58550074974454  118.22318813329728  -14.200023917232016  109.92968005086733  142.19826365779983  77.72206055081378  81.51517117419911  58.32880252004716  -328.00614500763265  -99.32576382414322  135.59719199146463  -31.6208416998291  146.234485310205  -31.461953574215926  32.06172243840041  122.11412374098794  88.24692719484628  83.56796471816058  70.70706803705927  140.95855443121945  26.3682509060082  100.85403581157951  35.37439382328216  134.68827273995456  158.9534515613861  137.46030213105166  -353.1102025177666  111.2765352595788  148.14137184114065  54.88643978246729  138.9010371200053  121.7764957231109  115.05164822782791  -0.7448914936967412  -173.22127262741498  125.60994487796191  112.11816778873904  -436.4871005939395  137.04166741123228  112.28426980346984  37.56850104131277  -0.39178403133229267  110.44546662868065  82.00980582896715  -309.7938191583404  
-21.4379151007646  -64.42346142009085  61.18420694285257  53.98693671021716  48.964236740375895  -28.156201407741563  59.54330906446235  -70.89400329522856  16.569099336536837  -67.13086587929256  -73.39874893542613  -54.00059963450015  -36.01420032530973  -57.78157370565624  -205.90513553930504  -108.59566874417392  -301.15994792046905  16.49643291580665  -129.70554221663372  -91.09403791597275  0.0  64.11417395106393  51.78732909559922  -8.791543850043794  13.600440910842309  -144.67452908240153  51.21743464729499  -26.317390160383724  21.62631947964023  65.63050812896158  61.90058869845234  -142.6795386657173  27.129150217324536  -105.29406183320476  18.835642134894584  51.10422574182708  -13.371977365158969  -9.578866741773638  -32.765235395925586  -419.1001829236054  -190.419801740116  44.503154075491885  -122.71487961580185  55.14044739423226  -122.55599149018867  -59.03231547757234  31.020085825015194  -2.8471107211264695  -7.526073197812167  -20.386969878913476  49.86451651524669  -64.72578700996455  9.759997895606759  -55.71964409269059  43.59423482398181  67.85941364541333  46.36626421507893  -444.20424043373936  20.182497343606045  57.047333925167905  -36.207598133505456  47.806999204032564  30.68245780713815  23.957610311855156  -91.83892940966949  -264.31531054338774  34.51590696198917  21.024129872766295  -527.5811385099122  45.94762949525954  21.19023188749709  -53.52553687465998  -91.48582194730504  19.3514287127079  -9.084232087005603  -400.88785707431316  
-85.55208905182853  -128.53763537115478  -2.92996700821136  -10.127237240846775  -15.149937210688037  -92.2703753588055  -4.57086488660158  -135.0081772462925  -47.545074614527095  -131.2450398303565  -137.51292288649006  -118.11477358556408  -100.12837427637366  -121.89574765672018  -270.019309490369  -172.70984269523785  -365.274121871533  -47.61774103525728  -193.81971616769764  -155.20821186703668  -64.11417395106393  0.0  -12.326844855464714  -72.90571780110773  -50.513733040221624  -208.78870303346548  -12.896739303768939  -90.43156411144766  -42.4878544714237  1.5163341778976438  -2.213585252611594  -206.79371261678122  -36.985023733739396  -169.4082357842687  -45.27853181616935  -13.009948209236853  -77.4861513162229  -73.69304069283757  -96.87940934698952  -483.2143568746693  -254.5339756911799  -19.611019875572048  -186.82905356686578  -8.973726556831672  -186.6701654412526  -123.14648942863627  -33.09408812604874  -66.9612846721904  -71.6402471488761  -84.50114382997741  -14.249657435817241  -128.83996096102848  -54.354176055457174  -119.83381804375452  -20.519939127082125  3.7452396943493973  -17.747909735985004  -508.3184143848033  -43.93167660745789  -7.066840025896031  -100.32177208456939  -16.307174747031368  -33.43171614392578  -40.15656363920878  -155.95310336073342  -328.4294844944517  -29.598266989074766  -43.09004407829764  -591.6953124609762  -18.16654445580439  -42.92394206356684  -117.63971082572391  -155.59999589836897  -44.76274523835603  -73.19840603806954  -465.00203102537705  
-73.22524419636382  -116.21079051569006  9.396877847253354  2.199607614617939  -2.8230923552233236  -79.94353050334078  7.755979968863134  -122.68133239082778  -35.21822975906238  -118.91819497489178  -125.18607803102535  -105.78792873009937  -87.80152942090895  -109.56890280125546  -257.69246463490424  -160.38299783977314  -352.94727701606826  -35.29089617979257  -181.49287131223292  -142.88136701157197  -51.78732909559922  12.326844855464714  0.0  -60.57887294564301  -38.18688818475691  -196.46185817800077  -0.5698944483042254  -78.10471925598294  -30.16100961595899  13.843179033362357  10.11325960285312  -194.4668677613165  -24.658178878274683  -157.08139092880398  -32.951686960704635  -0.6831033537721396  -65.15930646075819  -61.36619583737286  -84.5525644915248  -470.8875120192046  -242.2071308357152  -7.284175020107334  -174.50220871140107  3.353118298633042  -174.3433205857879  -110.81964457317156  -20.767243270584025  -54.63443981672569  -59.313402293411386  -72.1742989745127  -1.9228125803525273  -116.51311610556377  -42.02733119999246  -107.5069731882898  -8.193094271617412  16.07208454981411  -5.421064880520291  -495.99156952933856  -31.604831751993174  5.2600048295686825  -87.99492722910468  -3.9803298915666545  -21.10487128846107  -27.829718783744063  -143.6262585052687  -316.10263963898694  -17.271422133610052  -30.763199222832924  -579.3684676055115  -5.839699600339678  -30.597097208102127  -105.3128659702592  -143.27315104290426  -32.43590038289132  -60.87156118260482  -452.67518616991237  
-12.646371250720804  -55.63191757004705  69.97575079289636  62.77848056026095  57.75578059041969  -19.364657557697768  68.33485291450614  -62.10245944518476  25.36064318658063  -58.33932202924876  -64.60720508538233  -45.20905578445635  -27.222656475265936  -48.99002985561245  -197.11359168926123  -99.80412489413013  -292.36840407042524  25.287976765850445  -120.91399836658991  -82.30249406592895  8.791543850043794  72.90571780110773  60.57887294564301  0.0  22.391984760886103  -135.88298523235775  60.00897849733879  -17.52584631033993  30.417863329684025  74.42205197900537  70.69213254849613  -133.8879948156735  35.92069406736833  -96.50251798316097  27.62718598493838  59.895769591870874  -4.580433515115175  -0.7873228917298434  -23.973691545881792  -410.3086390735616  -181.62825789007218  53.29469792553568  -113.92333576575805  63.931991244276055  -113.76444764014488  -50.240771627528545  39.81162967505899  5.944433128917325  1.2654706522316275  -11.595426028869682  58.656060365290486  -55.934243159920754  18.551541745650553  -46.92810024264679  52.3857786740256  76.65095749545712  55.15780806512272  -435.41269658369555  28.97404119364984  65.8388777752117  -27.416054283461662  56.59854305407636  39.474001657181944  32.74915416189895  -83.0473855596257  -255.52376669334393  43.30745081203296  29.81567372281009  -518.7895946598685  54.739173345303335  29.981775737540886  -44.73399302461618  -82.69427809726125  28.142972562751694  -0.29268823696180846  -392.09631322426935  
-35.03835601160691  -78.02390233093315  47.58376603201026  40.38649579937485  35.363795829533586  -41.75664231858387  45.94286815362004  -84.49444420607087  2.968658425694528  -80.73130679013487  -86.99918984626844  -67.60104054534246  -49.61464123615204  -71.38201461649855  -219.50557645014732  -122.19610965501623  -314.76038883131133  2.8959920049643415  -143.305983127476  -104.69447882681506  -13.600440910842309  50.513733040221624  38.18688818475691  -22.391984760886103  0.0  -158.27496999324387  37.616993736452685  -39.91783107122603  8.025878568797921  52.03006721811927  48.30014778761003  -156.27997957655958  13.528709306482227  -118.89450274404707  5.235201224052275  37.50378483098477  -26.972418276001278  -23.179307652615947  -46.365676306767895  -432.7006238344477  -204.02024265095827  30.902713164649576  -136.31532052664414  41.54000648338995  -136.156432401031  -72.63275638841465  17.419644914172885  -16.44755163196878  -21.126514108654476  -33.987410789755785  36.26407560440438  -78.32622792080686  -3.84044301523555  -69.3200850035329  29.9937939131395  54.25897273457102  32.76582330423662  -457.80468134458164  6.582056432763736  43.446893014325596  -49.808039044347765  34.206558293190255  17.08201689629584  10.357169401012847  -105.4393703205118  -277.91575145423  20.915466051146858  7.423688961923986  -541.1815794207546  32.34718858441723  7.589790976654783  -67.12597778550229  -105.08626285814735  5.750987801865591  -22.684672997847912  -414.48829798515544  
