Height_Data

node	height
0	99.81575382476215
1	236.4199851941175
2	73.839126674355
3	83.00549874470914
4	85.23936361144617
5	127.63099866458516
6	159.01275603587231
7	369.26825471716893
8	117.04545779805842
9	91.19673882447668
10	82.98510472563717
11	130.03072900421273
12	56.73119389163097
13	74.93078007329927
14	84.3796856570669
15	51.037114608491244
16	155.4957114387516
17	241.13620150033947
18	29.7849336743533
19	140.08232827409623
20	194.99504005153463
21	19.350288778234304
22	179.2893606972373
23	137.75013411287225
24	184.75996531955607
25	197.75987329989633
26	117.01369877036427
27	122.64556664120882
28	150.09747226606498
29	29.786982691238503
30	235.87051280773258
31	60.50007729088215
32	135.90076698757397
33	354.3341087826202
34	80.60445150270387
35	57.37970409425201
36	211.68216317600312
37	166.84984366250288
38	124.98015774474004
39	181.08948030172502
40	178.7419081785269
41	308.43399314433094
42	161.14418410121516
43	41.24593610987834
44	63.191319485640086
45	95.5447279386767
46	28.114469107436175
47	136.509820427095
48	53.32875893812654
49	187.0957635224902
50	227.65862403676712
51	102.58750370607503
52	95.70771220241404
53	152.11295549261013
54	85.23936361144617
55	80.27473788797398
56	57.46309158218622
57	65.38341423050625
58	43.51571759979371
59	99.11054082184309
60	175.47866089757903
61	104.92135302213022
62	249.27119036888107
63	55.81093218326791
64	33.414963236868886
65	337.80285514822356
66	237.40218417291874
67	340.98509168766515
68	245.95366492212966
69	347.88922694829074
70	51.09093923556899
71	174.63659452009665
72	109.19461833692665
73	183.7685016424133
74	201.3469226772878
75	67.23461222307184



height_matrix
0.0  -478.11480979274364  90.91819502642505  58.83589278018553  51.01736574660595  -97.35335693938055  -207.18950773888554  -943.0837531234238  -60.30396390653692  30.16655250099916  58.90727184693742  -105.75241312807702  150.79595976595914  87.09740813012007  54.0262385869334  170.7252372569482  -194.8798516489631  -494.6215668645206  245.107870526431  -140.93301057266928  -333.12750179370363  281.62912766284745  -278.157624053663  -132.7703310083853  -297.3047402317787  -342.8044181629696  -60.19280730960742  -79.90434485756333  -175.98601454455996  245.1006989673328  -476.19165644039646  137.60486786858  -126.29754606984136  -890.8142423525032  67.23955812720402  148.5261740567855  -391.5324327293434  -234.6193144320925  -88.07541371992261  -284.45804266937006  -276.2415402381766  -730.1638376184908  -214.64950596758553  204.99436200209334  128.18552018692722  14.948590601299088  250.95449651064092  -128.42923310816496  162.70448210322465  -305.4800339420481  -447.4500457420174  -9.70112458459505  14.378145678218402  -183.0402058374679  51.01736574660595  68.39355577875858  148.23431784901575  120.51318857989565  197.05012678738956  2.4682455102167182  -264.8201747548591  -17.869597190788227  -523.0940279044162  154.01687574522987  232.40276705762642  -832.954854632115  -481.5525062185481  -844.0926825201605  -511.48268884078624  -868.2571559323501  170.53685106217608  -261.87294243367074  -32.82602579257576  -293.83461736177895  -355.35909098383985  114.03399560591612  
478.11480979274364  0.0  569.0330048191687  536.9507025729292  529.1321755393496  380.7614528533631  270.9253020538581  -464.9689433306801  417.8108458862067  508.2813622937428  537.0220816396811  372.3623966646666  628.9107695587028  565.2122179228637  532.141048379677  648.8400470496919  283.23495814378055  -16.506757071776974  723.2226803191746  337.18179922007437  144.98730799904  759.7439374555911  199.95718573908061  345.34447878435833  180.81006956096496  135.31039162977402  417.9220024831362  398.2104649351803  302.1287952481837  723.2155087600764  1.9231533523471853  615.7196776613237  351.8172637229023  -412.69943255975954  545.3543679199477  626.6409838495291  86.58237706340026  243.49549536065115  390.03939607282103  193.65676712337358  201.87326955456706  -252.0490278257471  263.4653038251581  683.109171794837  606.3003299796709  493.06340039404273  729.0693063033846  349.6855766845787  640.8192918959683  172.63477585069552  30.664764050726262  468.4136852081486  492.49295547096204  295.07460395527573  529.1321755393496  546.5083655715023  626.3491276417594  598.6279983726392  675.1649365801331  480.58305530296036  213.29463503788452  460.2452126019554  -44.979218111672594  632.1316855379735  710.5175768503701  -354.84004483937133  -3.437696425804461  -365.97787272741675  -33.367879048042596  -390.1423461396064  648.6516608549198  216.2418673590729  445.2887840001679  184.2801924309647  122.7557188089038  592.1488053986598  
-90.91819502642505  -569.0330048191687  0.0  -32.08230224623952  -39.900829279819106  -188.2715519658056  -298.1077027653106  -1034.0019481498489  -151.22215893296197  -60.75164252542589  -32.010923179487634  -196.67060815450208  59.877764739534086  -3.8207868963049805  -36.89195643949165  79.80704223052314  -285.79804667538815  -585.5397618909457  154.18967550000593  -231.85120559909433  -424.0456968201287  190.7109326364224  -369.0758190800881  -223.68852603481037  -388.22293525820373  -433.7226131893947  -151.11100233603247  -170.82253988398838  -266.904209570985  154.18250394090774  -567.1098514668215  46.686672842154934  -217.2157410962664  -981.7324373789282  -23.678636899221033  57.60797903036044  -482.45062775576844  -325.53750945851755  -178.99360874634766  -375.3762376957951  -367.15973526460164  -821.0820326449158  -305.5677009940106  114.07616697566829  37.26732516050217  -75.96960442512597  160.03630148421587  -219.34742813459002  71.7862870767996  -396.3982289684732  -538.3682407684424  -100.6193196110201  -76.54004934820665  -273.95840086389296  -39.900829279819106  -22.52463924766647  57.3161228225907  29.5949935534706  106.1319317609645  -88.44994951620833  -355.7383697812842  -108.78779221721328  -614.0122229308413  63.098680718804815  141.48457203120137  -923.87304965854  -572.4707012449732  -935.0108775465854  -602.4008838672113  -959.1753509587751  79.61865603575103  -352.7911374600958  -123.74422081900082  -384.752812388204  -446.2772860102649  23.115800579491065  
-58.83589278018553  -536.9507025729292  32.08230224623952  0.0  -7.818527033579585  -156.18924971956608  -266.02540051907107  -1001.9196459036093  -119.13985668672245  -28.669340279186372  0.07137906675188788  -164.58830590826256  91.96006698577361  28.26151534993454  -4.809654193252129  111.88934447676266  -253.71574442914863  -553.4574596447062  186.27197774624545  -199.7689033528548  -391.96339457388916  222.79323488266192  -336.99351683384856  -191.60622378857084  -356.1406330119642  -401.64031094315516  -119.02870008979295  -138.74023763774886  -234.8219073247455  186.26480618714726  -535.0275492205819  78.76897508839446  -185.1334388500269  -949.6501351326888  8.403665347018489  89.69028127659996  -450.3683255095289  -293.455207212278  -146.91130650010814  -343.2939354495556  -335.0774330183621  -788.9997303986763  -273.48539874777106  146.1584692219078  69.34962740674169  -43.88730217888644  192.1186037304554  -187.2651258883505  103.86858932303912  -364.31592672223366  -506.2859385222029  -68.53701736478058  -44.45774710196713  -241.87609861765344  -7.818527033579585  9.55766299857305  89.39842506883022  61.67729579971012  138.21423400720403  -56.36764726996881  -323.65606753504466  -76.70548997097376  -581.9299206846017  95.18098296504434  173.5668742774409  -891.7907474123006  -540.3883989987337  -902.928575300346  -570.3185816209718  -927.0930487125356  111.70095828199055  -320.7088352138563  -91.6619185727613  -352.6705101419645  -414.1949837640254  55.19810282573059  
-51.01736574660595  -529.1321755393496  39.900829279819106  7.818527033579585  0.0  -148.3707226859865  -258.2068734854915  -994.1011188700297  -111.32132965314287  -20.850813245606787  7.889906100331473  -156.76977887468297  99.77859401935319  36.080042383514126  3.008872840327456  119.70787151034224  -245.89721739556904  -545.6389326111266  194.09050477982504  -191.95037631927522  -384.1448675403096  230.6117619162415  -329.174989800269  -183.78769675499126  -348.3221059783846  -393.8217839095756  -111.21017305621336  -130.92171060416928  -227.0033802911659  194.08333322072684  -527.2090221870023  86.58750212197404  -177.3149118164473  -941.8316080991092  16.222192380598074  97.50880831017955  -442.54979847594933  -285.63668017869844  -139.09277946652855  -335.475408415976  -327.25890598478253  -781.1812033650967  -265.6668717141915  153.9769962554874  77.16815444032127  -36.06877514530686  199.93713076403498  -179.4465988547709  111.6871163566187  -356.49739968865407  -498.4674114886233  -60.718490331201  -36.639220068387544  -234.05757158407386  0.0  17.376190032152635  97.2169521024098  69.49582283328971  146.0327610407836  -48.54912023638923  -315.83754050146507  -68.88696293739417  -574.1113936510221  102.99950999862392  181.38540131102047  -883.972220378721  -532.5698719651541  -895.1100482667664  -562.5000545873922  -919.274521678956  119.51948531557014  -312.8903081802767  -83.84339153918171  -344.8519831083849  -406.3764567304458  63.01662985931017  
97.35335693938055  -380.7614528533631  188.2715519658056  156.18924971956608  148.3707226859865  0.0  -109.83615079950499  -845.7303961840432  37.049393032843625  127.5199094403797  156.26062878631797  -8.399056188696477  248.1493167053397  184.45076506950062  151.37959552631395  268.0785941963287  -97.52649470958255  -397.26820992514007  342.46122746581153  -43.57965363328873  -235.77414485432308  378.982484602228  -180.80426711428248  -35.416974069004766  -199.95138329239813  -245.45106122358908  37.16054962977313  17.449012081817216  -78.63265760517942  342.45405590671334  -378.8382995010159  234.95822480796053  -28.944189130460813  -793.4608854131227  164.59291506658457  245.87953099616604  -294.17907578996284  -137.26595749271195  9.277943219457939  -187.1046857299895  -178.88818329879604  -632.8104806791102  -117.29614902820498  302.3477189414739  225.53887712630777  112.30194754067963  348.30785345002147  -31.07587616878442  260.0578390426052  -208.12667700266758  -350.09668880263683  87.6522323547855  111.73150261759895  -85.68684889808736  148.3707226859865  165.74691271813913  245.5876747883963  217.8665455192762  294.4034837267701  99.82160244959726  -167.46681781547858  79.48375974859232  -425.7406709650357  251.37023268461041  329.75612399700697  -735.6014976927345  -384.19914927916756  -746.7393255807799  -414.1293319014057  -770.9037989929695  267.89020800155663  -164.5195854942902  64.52733114680478  -196.4812604223984  -258.0057340444593  211.38735254529666  
207.18950773888554  -270.9253020538581  298.1077027653106  266.02540051907107  258.2068734854915  109.83615079950499  0.0  -735.8942453845382  146.88554383234862  237.3560602398847  266.09677958582296  101.43709461080851  357.9854675048447  294.2869158690056  261.21574632581894  377.91474499583376  12.309656089922441  -287.4320591256351  452.2973782653165  66.25649716621626  -125.93799405481809  488.818635401733  -70.96811631477749  74.41917673050023  -90.11523249289314  -135.6149104240841  146.99670042927812  127.28516288132221  31.203493194325574  452.2902067062183  -269.0021487015109  344.79437560746555  80.89196166904418  -683.6247346136176  274.42906586608956  355.715681795671  -184.34292499045785  -27.429806693206956  119.11409401896293  -77.26853493048452  -69.05203249929104  -522.9743298796052  -7.4599982286999875  412.1838697409789  335.3750279258128  222.13809834018463  458.14400424952646  78.76027463072057  369.89398984211016  -98.29052620316259  -240.26053800313184  197.4883831542905  221.56765341710394  24.14930190141763  258.2068734854915  275.5830635176441  355.4238255879013  327.7026963187812  404.2396345262751  209.65775324910226  -57.630667015973586  189.3199105480973  -315.9045201655307  361.2063834841154  439.59227479651196  -625.7653468932294  -274.36299847966256  -636.9031747812749  -304.2931811019007  -661.0676481934645  377.7263588010616  -54.683434694785205  174.36348194630978  -86.64510962289341  -148.1695832449543  321.22350334480166  
943.0837531234238  464.9689433306801  1034.0019481498489  1001.9196459036093  994.1011188700297  845.7303961840432  735.8942453845382  0.0  882.7797892168868  973.2503056244229  1001.9910249703612  837.3313399953468  1093.879712889383  1030.181161253544  997.1099917103571  1113.8089903803718  748.2039014744606  448.4621862589031  1188.1916236498546  802.1507425507544  609.9562513297201  1224.7128807862712  664.9261290697607  810.3134221150384  645.779012891645  600.2793349604541  882.8909458138163  863.1794082658604  767.0977385788638  1188.1844520907564  466.89209668302726  1080.6886209920037  816.7862070535823  52.26951077092053  1010.3233112506277  1091.6099271802093  551.5513203940803  708.4644386913312  855.0083394035012  658.6257104540537  666.8422128852471  212.919915504933  728.4342471558382  1148.0781151255171  1071.2692733103509  958.0323437247228  1194.0382496340646  814.6545200152588  1105.7882352266483  637.6037191813756  495.63370738140634  933.3826285388286  957.4618988016421  760.0435472859558  994.1011188700297  1011.4773089021824  1091.3180709724395  1063.5969417033193  1140.1338799108132  945.5519986336404  678.2635783685646  925.2141559326355  419.9897252190075  1097.1006288686535  1175.48652018105  110.12889849130875  461.5312469048756  98.99107060326332  431.6010642826375  74.82659719107369  1113.6206041855999  681.210810689753  910.257727330848  649.2491357616448  587.7246621395839  1057.1177487293398  
60.30396390653692  -417.8108458862067  151.22215893296197  119.13985668672245  111.32132965314287  -37.049393032843625  -146.88554383234862  -882.7797892168868  0.0  90.47051640753608  119.21123575347434  -45.4484492215401  211.09992367249606  147.401372036657  114.33020249347032  231.0292011634851  -134.57588774242618  -434.3176029579837  305.4118344329679  -80.62904666613235  -272.8235378871667  341.9330915693844  -217.8536601471261  -72.46636710184839  -237.00077632524176  -282.5004542564327  0.1111565969295043  -19.60038095102641  -115.68205063802304  305.4046628738697  -415.88769253385954  197.9088317751169  -65.99358216330444  -830.5102784459663  127.54352203374094  208.83013796332241  -331.22846882280646  -174.31535052555557  -27.771449813385686  -224.15407876283314  -215.93757633163966  -669.8598737119538  -154.3455420610486  265.29832590863026  188.48948409346414  75.25255450783601  311.25846041717784  -68.12526920162804  223.00844600976157  -245.1760700355112  -387.14608183548046  50.60283932194187  74.68210958475532  -122.73624193093099  111.32132965314287  128.6975196852955  208.53828175555267  180.81715248643258  257.3540906939265  62.77220941675364  -204.5162108483222  42.434366715748695  -462.7900639978793  214.3208396517668  292.70673096416334  -772.650890725578  -421.2485423120112  -783.7887186136235  -451.1787249342493  -807.9531920258131  230.840814968713  -201.56897852713382  27.47793811396116  -233.53065345524203  -295.0551270773029  174.33795951245304  
-30.16655250099916  -508.2813622937428  60.75164252542589  28.669340279186372  20.850813245606787  -127.5199094403797  -237.3560602398847  -973.2503056244229  -90.47051640753608  0.0  28.74071934593826  -135.91896562907618  120.62940726495998  56.93085562912091  23.859686085934243  140.55868475594903  -225.04640414996226  -524.7881193655198  214.94131802543183  -171.09956307366843  -363.2940542947028  251.4625751618483  -308.3241765546622  -162.93688350938447  -327.47129273277784  -372.9709706639688  -90.35935981060658  -110.07089735856249  -206.15256704555912  214.93414646633363  -506.3582089413956  107.43831536758083  -156.46409857084052  -920.9807948535024  37.07300562620486  118.35962155578633  -421.69898523034254  -264.78586693309165  -118.24196622092177  -314.6245951703692  -306.40809273917574  -760.33039011949  -244.81605846858469  174.82780950109418  98.01896768592806  -15.217961899700072  220.78794400964176  -158.59578560916412  132.5379296022255  -335.6465864430473  -477.61659824301654  -39.86767708559421  -15.788406822780757  -213.20675833846707  20.850813245606787  38.22700327775942  118.0677653480166  90.3466360788965  166.8835742863904  -27.69830699078244  -294.9867272558583  -48.03614969178739  -553.2605804054153  123.85032324423071  202.23621455662726  -863.1214071331142  -511.71905871954726  -874.2592350211596  -541.6492413417855  -898.4237084333492  140.37029856117692  -292.0394949346699  -62.99257829357492  -324.0011698627781  -385.525643484839  83.86744310491696  
-58.90727184693742  -537.0220816396811  32.010923179487634  -0.07137906675188788  -7.889906100331473  -156.26062878631797  -266.09677958582296  -1001.9910249703612  -119.21123575347434  -28.74071934593826  0.0  -164.65968497501444  91.88868791902172  28.190136283182653  -4.881033260004017  111.81796541001077  -253.78712349590052  -553.5288387114581  186.20059867949357  -199.8402824196067  -392.03477364064105  222.72185581591003  -337.06489590060045  -191.67760285532273  -356.2120120787161  -401.71169000990704  -119.10007915654484  -138.81161670450075  -234.89328639149738  186.19342712039537  -535.0989282873338  78.69759602164257  -185.20481791677878  -949.7215141994407  8.332286280266601  89.61890220984807  -450.4397045762808  -293.5265862790299  -146.98268556686003  -343.3653145163075  -335.148812085114  -789.0711094654282  -273.55677781452295  146.08709015515592  69.2782483399898  -43.95868124563833  192.0472246637035  -187.33650495510238  103.79721025628723  -364.38730578898554  -506.3573175889548  -68.60839643153247  -44.52912616871902  -241.94747768440533  -7.889906100331473  9.486283931821163  89.32704600207833  61.605916732958235  138.14285494045214  -56.4390263367207  -323.72744660179654  -76.77686903772565  -582.0012997513536  95.10960389829245  173.495495210689  -891.8621264790524  -540.4597780654856  -902.9999543670979  -570.3899606877237  -927.1644277792875  111.62957921523866  -320.78021428060816  -91.73329763951318  -352.7418892087164  -414.26636283077727  55.1267237589787  
105.75241312807702  -372.3623966646666  196.67060815450208  164.58830590826256  156.76977887468297  8.399056188696477  -101.43709461080851  -837.3313399953468  45.4484492215401  135.91896562907618  164.65968497501444  0.0  256.54837289403616  192.8498212581971  159.77865171501043  276.4776503850252  -89.12743852088607  -388.8691537364436  350.860283654508  -35.18059744459225  -227.3750886656266  387.3815407909245  -172.405210925586  -27.01791788030829  -191.55232710370166  -237.0520050348926  45.559605818469606  25.848068270513693  -70.23360141648294  350.8531120954098  -370.43924331231943  243.357280996657  -20.545132941764336  -785.0618292244262  172.99197125528104  254.27858718486252  -285.78001960126636  -128.86690130401547  17.676999408154416  -178.70562954129304  -170.48912711009956  -624.4114244904138  -108.8970928395085  310.74677513017036  233.93793331500424  120.70100372937611  356.70690963871795  -22.67681998008794  268.4568952313017  -199.7276208139711  -341.69763261394036  96.05128854348197  120.13055880629543  -77.28779270939089  156.76977887468297  174.1459689068356  253.98673097709278  226.26560170797268  302.8025399154666  108.22065863829374  -159.0677616267821  87.8828159372888  -417.3416147763392  259.7692888733069  338.15518018570344  -727.202441504038  -375.8000930904711  -738.3402693920834  -405.7302757127092  -762.5047428042731  276.2892641902531  -156.12052930559372  72.92638733550126  -188.08220423370193  -249.60667785576283  219.78640873399314  
-150.79595976595914  -628.9107695587028  -59.877764739534086  -91.96006698577361  -99.77859401935319  -248.1493167053397  -357.9854675048447  -1093.879712889383  -211.09992367249606  -120.62940726495998  -91.88868791902172  -256.54837289403616  0.0  -63.69855163583907  -96.76972117902574  19.92927749098905  -345.67581141492224  -645.4175266304798  94.31191076047185  -291.7289703386284  -483.92346155966277  130.8331678968883  -428.95358381962217  -283.56629077434445  -448.1006999977378  -493.60037792892876  -210.98876707556656  -230.70030462352247  -326.7819743105191  94.30473920137364  -626.9876162063556  -13.191091897379152  -277.0935058358005  -1041.6102021184624  -83.55640163875512  -2.2697857091736466  -542.3283924953025  -385.41527419805163  -238.87137348588175  -435.2540024353292  -427.0375000041357  -880.9597973844499  -365.44546573354467  54.1984022361342  -22.61043957903192  -135.84736916466005  100.15853674468178  -279.2251928741241  11.90852233726551  -456.27599370800726  -598.2460055079765  -160.4970843505542  -136.41781408774074  -333.83616560342705  -99.77859401935319  -82.40240398720056  -2.561641916943387  -30.282771186063485  46.25416702143042  -148.32771425574242  -415.61613452081826  -168.66555695674737  -673.8899876703754  3.2209159792707283  81.6068072916673  -983.7508143980741  -632.3484659845072  -994.8886422861195  -662.2786486067454  -1019.0531156983092  19.740891296216944  -412.6689021996299  -183.6219855585349  -444.6305771277381  -506.155050749799  -36.76196416004302  
-87.09740813012007  -565.2122179228637  3.8207868963049805  -28.26151534993454  -36.080042383514126  -184.45076506950062  -294.2869158690056  -1030.181161253544  -147.401372036657  -56.93085562912091  -28.190136283182653  -192.8498212581971  63.69855163583907  0.0  -33.07116954318667  83.62782912682812  -281.97725977908317  -581.7189749946407  158.0104623963109  -228.03041870278935  -420.2249099238237  194.53171953272738  -365.2550321837831  -219.86773913850539  -384.40214836189875  -429.9018262930897  -147.2902154397275  -167.0017529876834  -263.08342267468004  158.00329083721272  -563.2890645705165  50.507459738459914  -213.39495419996143  -977.9116504826233  -19.857850002916052  61.42876592666542  -478.62984085946346  -321.71672256221257  -175.17282185004268  -371.55545079949013  -363.33894836829666  -817.2612457486108  -301.7469140977056  117.89695387197327  41.08811205680715  -72.14881752882098  163.85708838052085  -215.52664123828504  75.60707397310458  -392.5774420721682  -534.5474538721375  -96.79853271471512  -72.71926245190167  -270.137613967588  -36.080042383514126  -18.70385235136149  61.13690971889568  33.41578044977558  109.95271865726949  -84.62916261990335  -351.9175828849792  -104.9670053209083  -610.1914360345363  66.9194676151098  145.30535892750635  -920.052262762235  -568.6499143486682  -931.1900906502805  -598.5800969709063  -955.3545640624701  83.43944293205601  -348.9703505637908  -119.92343392269584  -380.932025491899  -442.4564991139599  26.936587475796046  
-54.0262385869334  -532.141048379677  36.89195643949165  4.809654193252129  -3.008872840327456  -151.37959552631395  -261.21574632581894  -997.1099917103571  -114.33020249347032  -23.859686085934243  4.881033260004017  -159.77865171501043  96.76972117902574  33.07116954318667  0.0  116.69899867001479  -248.9060902358965  -548.647805451454  191.08163193949758  -194.95924915960268  -387.15374038063703  227.60288907591405  -332.18386264059643  -186.79656959531872  -351.3309788187121  -396.830656749903  -114.21904589654082  -133.93058344449673  -230.01225313149337  191.0744603803994  -530.2178950273299  83.57862928164658  -180.32378465677476  -944.8404809394366  13.213319540270618  94.49993546985209  -445.5586713162768  -288.6455530190259  -142.101652306856  -338.48428125630346  -330.26777882511  -784.1900762054241  -268.67574455451893  150.96812341515994  74.15928159999382  -39.077647985634314  196.92825792370752  -182.45547169509837  108.67824351629125  -359.5062725289815  -501.4762843289508  -63.72736317152845  -39.648092908715  -237.0664444244013  -3.008872840327456  14.36731719182518  94.20807926208235  66.48694999296225  143.02388820045616  -51.557993076716684  -318.8464133417925  -71.89583577772163  -577.1202664913496  99.99063715829647  178.37652847069302  -886.9810932190484  -535.5787448054815  -898.1189211070938  -565.5089274277196  -922.2833945192834  116.51061247524268  -315.89918102060415  -86.85226437950917  -347.86085594871236  -409.38532957077325  60.007757018982716  
-170.7252372569482  -648.8400470496919  -79.80704223052314  -111.88934447676266  -119.70787151034224  -268.0785941963287  -377.91474499583376  -1113.8089903803718  -231.0292011634851  -140.55868475594903  -111.81796541001077  -276.4776503850252  -19.92927749098905  -83.62782912682812  -116.69899867001479  0.0  -365.6050889059113  -665.3468041214688  74.3826332694828  -311.6582478296175  -503.85273905065185  110.90389040589928  -448.88286131061125  -303.49556826533353  -468.0299774887269  -513.5296554199178  -230.9180445665556  -250.62958211451152  -346.7112518015082  74.37546171038458  -646.9168936973447  -33.1203693883682  -297.0227833267895  -1061.5394796094513  -103.48567912974417  -22.199063200162698  -562.2576699862916  -405.3445516890407  -258.80065097687077  -455.1832799263183  -446.9667774951248  -900.889074875439  -385.37474322453374  34.26912474514515  -42.53971707002097  -155.7766466556491  80.22925925369273  -299.1544703651132  -8.020755153723542  -476.20527119899634  -618.1752829989656  -180.42636184154324  -156.3470915787298  -353.7654430944161  -119.70787151034224  -102.33168147818961  -22.490919407932438  -50.212048677052536  26.324889530441368  -168.25699174673147  -435.54541201180734  -188.59483444773642  -693.8192651613645  -16.708361511718323  61.67752980067824  -1003.6800918890632  -652.2777434754963  -1014.8179197771086  -682.2079260977345  -1038.9823931892981  -0.18838619477210727  -432.59817969061896  -203.55126304952395  -464.5598546187272  -526.0843282407881  -56.69124165103207  
194.8798516489631  -283.23495814378055  285.79804667538815  253.71574442914863  245.89721739556904  97.52649470958255  -12.309656089922441  -748.2039014744606  134.57588774242618  225.04640414996226  253.78712349590052  89.12743852088607  345.67581141492224  281.97725977908317  248.9060902358965  365.6050889059113  0.0  -299.7417152155575  439.9877221753941  53.94684107629382  -138.24765014474053  476.50897931181055  -83.27777240469993  62.109520640577784  -102.42488858281558  -147.92456651400653  134.68704433935568  114.97550679139977  18.893837104403133  439.9805506162959  -281.31180479143336  332.4847195175431  68.58230557912174  -695.9343907035401  262.1194097761671  343.40602570574856  -196.6525810803803  -39.7394627831294  106.80443792904049  -89.57819102040696  -81.36168858921349  -535.2839859695276  -19.76965431862243  399.87421365105644  323.06537183589035  209.82844225026219  445.834348159604  66.45061854079813  357.5843337521877  -110.60018229308503  -252.57019409305428  185.17872706436805  209.2579973271815  11.839645811495188  245.89721739556904  263.2734074277217  343.1141694979789  315.39304022885875  391.92997843635266  197.34809715917982  -69.94032310589603  177.01025445817487  -328.21417625545314  348.89672739419296  427.2826187065895  -638.0750029831519  -286.672654569585  -649.2128308711973  -316.60283719182314  -673.3773042833869  365.4167027111392  -66.99309078470765  162.05382585638733  -98.95476571281586  -160.47923933487675  308.9138472548792  
494.6215668645206  16.506757071776974  585.5397618909457  553.4574596447062  545.6389326111266  397.26820992514007  287.4320591256351  -448.4621862589031  434.3176029579837  524.7881193655198  553.5288387114581  388.8691537364436  645.4175266304798  581.7189749946407  548.647805451454  665.3468041214688  299.7417152155575  0.0  739.7294373909516  353.68855629185134  161.494065070817  776.2506945273681  216.4639428108576  361.8512358561353  197.31682663274194  151.817148701551  434.4287595549132  414.7172220069573  318.63555231996065  739.7222658318534  18.42991042412416  632.2264347331006  368.32402079467926  -396.19267548798257  561.8611249917246  643.1477409213061  103.08913413517723  260.0022524324281  406.546153144598  210.16352419515056  218.38002662634403  -235.54227075397012  279.9720608969351  699.615928866614  622.8070870514479  509.5701574658197  745.5760633751615  366.19233375635565  657.3260489677452  189.1415329224725  47.171521122503236  484.92044227992557  508.999712542739  311.5813610270527  545.6389326111266  563.0151226432793  642.8558847135364  615.1347554444162  691.6716936519101  497.08981237473733  229.8013921096615  476.7519696737324  -28.47246103989562  648.6384426097504  727.0243339221471  -338.33328776759436  13.069060645972513  -349.4711156556398  -16.861121976265622  -373.6355890678294  665.1584179266968  232.74862443084987  461.79554107194485  200.78694950274166  139.26247588068077  608.6555624704367  
-245.107870526431  -723.2226803191746  -154.18967550000593  -186.27197774624545  -194.09050477982504  -342.46122746581153  -452.2973782653165  -1188.1916236498546  -305.4118344329679  -214.94131802543183  -186.20059867949357  -350.860283654508  -94.31191076047185  -158.0104623963109  -191.08163193949758  -74.3826332694828  -439.9877221753941  -739.7294373909516  0.0  -386.04088109910026  -578.2353723201346  36.52125713641648  -523.265494580094  -377.8782015348163  -542.4126107582097  -587.9122886894006  -305.3006778360384  -325.0122153839943  -421.09388507099095  -0.007171559098210878  -721.2995269668274  -107.503002657851  -371.40541659627235  -1135.922112878934  -177.86831239922697  -96.5816964696455  -636.6403032557744  -479.7271849585235  -333.1832842463536  -529.565913195801  -521.3494107646076  -975.2717081449217  -459.7573764940165  -40.11350852433765  -116.92235033950377  -230.1592799251319  5.846625984209936  -373.53710363459595  -82.40338842320634  -550.5879044684791  -692.5579162684484  -254.80899511102604  -230.72972484821258  -428.1480763638989  -194.09050477982504  -176.7143147476724  -96.87355267741523  -124.59468194653533  -48.05774373904143  -242.63962501621427  -509.9280452812901  -262.9774677172192  -768.2018984308472  -91.09099478120112  -12.705103468804552  -1078.062725158546  -726.6603767449791  -1089.2005530465913  -756.5905593672172  -1113.365026458781  -74.5710194642549  -506.98081296010173  -277.93389631900675  -538.9424878882099  -600.4669615102708  -131.07387492051487  
140.93301057266928  -337.18179922007437  231.85120559909433  199.7689033528548  191.95037631927522  43.57965363328873  -66.25649716621626  -802.1507425507544  80.62904666613235  171.09956307366843  199.8402824196067  35.18059744459225  291.7289703386284  228.03041870278935  194.95924915960268  311.6582478296175  -53.94684107629382  -353.68855629185134  386.04088109910026  0.0  -192.19449122103435  422.5621382355167  -137.22461348099375  8.162679564283962  -156.3717296591094  -201.87140759030035  80.74020326306186  61.028665715105944  -35.05300397189069  386.03370954000206  -335.2586458677272  278.5378784412493  14.635464502827915  -749.8812317798339  208.1725686998733  289.45918462945474  -250.5994221566741  -93.68630385942322  52.85759685274667  -143.52503209670078  -135.3085296655073  -589.2308270458215  -73.71649539491625  345.9273725747626  269.1185307595965  155.88160117396836  391.8875070833102  12.50377746450431  303.6374926758939  -164.54702336937885  -306.5170351693481  131.23188598807423  155.31115625088768  -42.107195264798634  191.95037631927522  209.32656635142786  289.16732842168506  261.44619915256493  337.98313736005883  143.401256082886  -123.88716418218985  123.06341338188105  -382.16101733174696  294.94988631789914  373.3357776302957  -692.0218440594457  -340.6194956458788  -703.1596719474911  -370.54967826811696  -727.3241453596808  311.46986163484536  -120.93993186100147  108.10698478009351  -152.90160678910968  -214.42608041117057  254.9670061785854  
333.12750179370363  -144.98730799904  424.0456968201287  391.96339457388916  384.1448675403096  235.77414485432308  125.93799405481809  -609.9562513297201  272.8235378871667  363.2940542947028  392.03477364064105  227.3750886656266  483.92346155966277  420.2249099238237  387.15374038063703  503.85273905065185  138.24765014474053  -161.494065070817  578.2353723201346  192.19449122103435  0.0  614.7566294565511  54.9698777400406  200.35717078531832  35.82276156192495  -9.676916369265996  272.9346944840962  253.2231569361403  157.14148724914367  578.2282007610364  -143.06415464669283  470.73236966228365  206.82995572386227  -557.6867405587996  400.36705992090765  481.6536758504891  -58.404930935639754  98.50818736161114  245.05208807378102  48.66945912433357  56.88596155552705  -397.0363358247871  118.4779958261181  538.121863795797  461.3130219806309  348.0760923950027  584.0819983043446  204.69826868553866  495.83198389692825  27.647467851655506  -114.32254394831375  323.4263772091086  347.50564747192203  150.08729595623572  384.1448675403096  401.5210575724622  481.3618196427194  453.6406903735993  530.1776285810931  335.59574730392035  68.3073270388445  315.2579046029154  -189.9665261107126  487.1443775389335  565.5302688513301  -499.82735283841134  -148.42500442484447  -510.96518072645677  -178.3551870470826  -535.1296541386464  503.6643528558797  71.25455936003289  300.30147600112787  39.292884431924676  -22.23158919013622  447.16149739961975  
-281.62912766284745  -759.7439374555911  -190.7109326364224  -222.79323488266192  -230.6117619162415  -378.982484602228  -488.818635401733  -1224.7128807862712  -341.9330915693844  -251.4625751618483  -222.72185581591003  -387.3815407909245  -130.8331678968883  -194.53171953272738  -227.60288907591405  -110.90389040589928  -476.50897931181055  -776.2506945273681  -36.52125713641648  -422.5621382355167  -614.7566294565511  0.0  -559.7867517165105  -414.39945867123276  -578.9338678946261  -624.4335458258171  -341.82193497245487  -361.5334725204108  -457.6151422074074  -36.52842869551469  -757.8207841032439  -144.0242597942675  -407.9266737326888  -1172.4433700153506  -214.38956953564343  -133.102953606062  -673.1615603921908  -516.24844209494  -369.70454138277006  -566.0871703322175  -557.870667901024  -1011.7929652813382  -496.278633630433  -76.63476566075413  -153.44360747592026  -266.68053706154836  -30.674631152206544  -410.0583607710124  -118.92464555962282  -587.1091616048956  -729.0791734048648  -291.3302522474425  -267.25098198462905  -464.66933350031536  -230.6117619162415  -213.23557188408887  -133.39480981383173  -161.1159390829518  -84.57900087545791  -279.16088215263073  -546.4493024177066  -299.4987248536357  -804.7231555672637  -127.6122519176176  -49.22636060522103  -1114.5839822949624  -763.1816338813956  -1125.7218101830078  -793.1118165036337  -1149.8862835951975  -111.09227660067138  -543.5020700965182  -314.4551534554232  -575.4637450246264  -636.9882186466873  -167.59513205693133  
278.157624053663  -199.95718573908061  369.0758190800881  336.99351683384856  329.174989800269  180.80426711428248  70.96811631477749  -664.9261290697607  217.8536601471261  308.3241765546622  337.06489590060045  172.405210925586  428.95358381962217  365.2550321837831  332.18386264059643  448.88286131061125  83.27777240469993  -216.4639428108576  523.265494580094  137.22461348099375  -54.9698777400406  559.7867517165105  0.0  145.38729304527772  -19.147116178115652  -64.6467941093066  217.9648167440556  198.2532791960997  102.17160950910306  523.2583230209958  -198.03403238673343  415.76249192224304  151.86007798382167  -612.6566182988402  345.39718218086705  426.6837981104485  -113.37480867568036  43.538309621570534  190.08221033374042  -6.300418615707031  1.916083815486445  -452.0062135648277  63.5081180860775  483.15198605575637  406.3431442405903  293.1062146549621  529.112120564304  149.72839094549806  440.86210615688765  -27.322409888385096  -169.29242168835435  268.456499469068  292.53576973188143  95.11741821619512  329.174989800269  346.5511798324216  426.3919419026788  398.6708126335587  475.2077508410526  280.62586956387975  13.337449298803904  260.2880268628748  -244.9364038507532  432.1744997988929  510.56039111128945  -554.797230578452  -203.39488216488508  -565.9350584664974  -233.3250647871232  -590.099531878687  448.6944751158391  16.284681619992284  245.33159826108727  -15.676993308115925  -77.20146693017682  392.19161965957915  
132.7703310083853  -345.34447878435833  223.68852603481037  191.60622378857084  183.78769675499126  35.416974069004766  -74.41917673050023  -810.3134221150384  72.46636710184839  162.93688350938447  191.67760285532273  27.01791788030829  283.56629077434445  219.86773913850539  186.79656959531872  303.49556826533353  -62.109520640577784  -361.8512358561353  377.8782015348163  -8.162679564283962  -200.35717078531832  414.39945867123276  -145.38729304527772  0.0  -164.53440922339337  -210.0340871545843  72.5775236987779  52.86598615082198  -43.21568353617465  377.8710299757181  -343.42132543201114  270.3751988769653  6.472784938543953  -758.0439113441179  200.00988913558933  281.2965050651708  -258.76210172095807  -101.84898342370718  44.694917288462705  -151.68771166098475  -143.47120922979127  -597.3935066101054  -81.87917495920021  337.76469301047865  260.95585119531256  147.7189216096844  383.72482751902623  4.341097900220348  295.47481311160993  -172.7097029336628  -314.67971473363207  123.06920642379026  147.14847668660371  -50.269874829082596  183.78769675499126  201.1638867871439  281.0046488574011  253.28351958828097  329.82045779577487  135.23857651860203  -132.0498437464738  114.90073381759709  -390.3236968960309  286.7872067536152  365.17309806601173  -700.1845236237297  -348.7821752101628  -711.3223515117751  -378.7123578324009  -735.4868249239647  303.3071820705614  -129.10261142528543  99.94430521580955  -161.06428635339364  -222.58875997545454  246.80432661430143  
297.3047402317787  -180.81006956096496  388.22293525820373  356.1406330119642  348.3221059783846  199.95138329239813  90.11523249289314  -645.779012891645  237.00077632524176  327.47129273277784  356.2120120787161  191.55232710370166  448.1006999977378  384.40214836189875  351.3309788187121  468.0299774887269  102.42488858281558  -197.31682663274194  542.4126107582097  156.3717296591094  -35.82276156192495  578.9338678946261  19.147116178115652  164.53440922339337  0.0  -45.499677931190945  237.11193292217126  217.40039537421535  121.31872568721872  542.4054391991115  -178.88691620861778  434.9096081003587  171.00719416193732  -593.5095021207245  364.5442983589827  445.83091428856414  -94.2276924975647  62.685425799686186  209.22932651185607  12.846697562408622  21.063199993602097  -432.85909738671205  82.65523426419315  502.299102233872  425.49026041870593  312.25333083307777  548.2592367424196  168.87550712361372  460.0092223350033  -8.175293710269443  -150.1453055102387  287.60361564718363  311.6828859099971  114.26453439431077  348.3221059783846  365.69829601053726  445.53905808079446  417.81792881167434  494.35486701916824  299.7729857419954  32.484565476919556  279.43514304099045  -225.78928767263756  451.32161597700855  529.7075072894052  -535.6501144003363  -184.24776598676942  -546.7879422883817  -214.17794860900756  -570.9524157005714  467.84159129395476  35.43179779810794  264.4787144392029  3.4701228699997273  -58.05435075206117  411.3387358376948  
