Height_Data

node	height
0	102.76481648192825
1	123.59016054720279
2	123.79000910871423
3	114.96239163669824
4	198.1546613704493
5	121.74759171016916
6	77.60089868599319
7	97.04172930686745
8	84.43363884971143
9	180.30519646287
10	120.0511699256194
11	78.75890819769647
12	184.475153722366
13	205.4550733988311
14	172.490556696897
15	182.32033853472055
16	166.71817685876883
17	43.399545773530505
18	265.089736940741
19	61.68344602256438
20	294.6454537617838
21	251.6243059150147
22	106.38259196751089
23	32.63486670967158
24	127.70300932652378
25	122.87601588837846
26	59.88956512716152
27	105.08674205245462
28	96.839837609658
29	96.23365027840065
30	58.00684721803577
31	162.08213169647516
32	48.061991320924136
33	338.06407024846675
34	52.32307320977575
35	160.63068207649073
36	279.73934728546817
37	215.1838284357587
38	115.94264471230149
39	135.262207278801
40	182.4789356859671
41	194.29632805722784
42	44.825301634304715
43	78.31277903353008
44	129.8988222549459
45	30.072233741561025
46	257.1967996809101
47	66.56800640743458
48	59.35892898420624
49	244.91755564962685
50	80.24537564342468
51	113.85327323781874
52	103.98528423965267
53	253.88474996654438
54	127.70977297258885
55	121.39308731888494
56	54.08220417718229
57	42.96849894679154
58	214.44691821796582
59	106.90707361661238
60	88.78924856404328
61	35.62867882746422
62	164.96920460251076
63	51.56071909468176
64	58.52102743368667
65	112.5133787190294
66	81.35872028917711
67	356.3681664165527
68	289.9044070568012
69	118.37672447868877
70	226.7863623320217
71	84.44869057666105
72	75.8676325978465
73	85.80442198503391
74	52.74116712387525
75	108.37178114481785



height_matrix
0.0  -41.65068813054907  -42.05038525357196  -24.395150309539986  -190.7796897770421  -37.96555045648182  50.32783559187013  11.446174350121595  36.66235526443364  -155.08075996188347  -34.57270688738231  48.01181656846356  -163.4206744808755  -205.3805138338057  -139.45148042993748  -159.1110441055846  -127.90672075368116  118.73054141679549  -324.64984091762545  82.16274091872774  -383.7612745597111  -297.7189788661729  -7.2355509711652815  140.25989954451336  -49.87638568919107  -40.22239881290042  85.75050270953346  -4.64385114105275  11.84995774454049  13.062332407055209  89.51593852778495  -118.63463042909382  109.40565032200823  -470.598507533077  100.883486544305  -115.73173118912496  -353.94906160707984  -224.8380239076609  -26.355656460746474  -64.99478159374547  -159.42823840807768  -183.06302315059918  115.87902969524707  48.904074896796345  -54.268011546035325  145.38516548073446  -308.8639663979637  72.39362014898734  86.81177499544403  -284.3054783353972  45.03888167700714  -22.17691351178098  -2.4409355154488424  -302.23986696923225  -49.8899129813212  -37.256541673913375  97.36522460949192  119.59263507027342  -223.36420347207513  -8.284514269368259  27.951135835769946  134.27227530892804  -124.40877624116501  102.40819477449298  88.48757809648316  -19.49712447420231  42.81219238550227  -507.2066998692489  -374.27918114974585  -31.223815993521043  -248.0430917001869  36.6322518105344  53.79436776816351  33.920788993788676  100.047298716106  -11.21392932577919  
41.65068813054907  0.0  -0.3996971230228894  17.255537821009085  -149.12900164649304  3.6851376740672492  91.9785237224192  53.096862480670666  78.31304339498271  -113.4300718313344  7.077981243166761  89.66250469901263  -121.76998635032643  -163.72982570325664  -97.8007922993884  -117.46035597503553  -86.25603262313209  160.38122954734456  -282.99915278707635  123.8134290492768  -342.110586429162  -256.0682907356238  34.41513715938379  181.9105876750624  -8.225697558641997  1.4282893176486482  127.40119084008253  37.00683698949632  53.50064587508956  54.71302053760428  131.16662665833402  -76.98394229854475  151.0563384525573  -428.9478194025279  142.53417467485406  -74.08104305857589  -312.29837347653074  -183.18733577711183  15.295031669802597  -23.3440934631964  -117.7775502775286  -141.4123350200501  157.52971782579613  90.55476302734542  -12.617323415486254  187.03585361128353  -267.2132782674146  114.04430827953641  128.4624631259931  -242.65479020484813  86.68956980755621  19.47377461876809  39.20975261510023  -260.5891788386832  -8.239224850772132  4.394146456635696  139.015912740041  161.2433232008225  -181.71351534152606  33.36617386118081  69.60182396631902  175.92296343947714  -82.75808811061594  144.05888290504205  130.13826622703223  22.153563656346762  84.46288051605134  -465.5560117386998  -332.62849301919675  10.426872137028028  -206.39240356963782  78.28293994108347  95.44505589871258  75.57147712433775  141.69798684665506  30.43675880476988  
42.05038525357196  0.3996971230228894  0.0  17.655234944031974  -148.72930452347015  4.084834797090139  92.37822084544209  53.496559603693555  78.7127405180056  -113.03037470831151  7.47767836618965  90.06220182203552  -121.37028922730354  -163.33012858023375  -97.40109517636552  -117.06065885201264  -85.8563355001092  160.78092667036745  -282.5994556640535  124.2131261722997  -341.71088930613917  -255.66859361260094  34.81483428240668  182.31028479808532  -7.8260004356191075  1.8279864406715376  127.80088796310542  37.40653411251921  53.90034299811245  55.11271766062717  131.5663237813569  -76.58424517552186  151.4560355755802  -428.54812227950504  142.93387179787698  -73.681345935553  -311.8986763535079  -182.78763865408894  15.694728792825487  -22.944396340173512  -117.37785315450571  -141.01263789702722  157.92941494881904  90.9544601503683  -12.217626292463365  187.43555073430642  -266.8135811443917  114.4440054025593  128.86216024901597  -242.25509308182524  87.0892669305791  19.87347174179098  39.60944973812312  -260.1894817156603  -7.839527727749243  4.793843579658585  139.41560986306388  161.64302032384538  -181.31381821850317  33.7658709842037  70.0015210893419  176.3226605625  -82.35839098759305  144.45858002806494  130.53796335005512  22.55326077936965  84.86257763907423  -465.15631461567693  -332.2287958961739  10.826569260050917  -205.99270644661493  78.68263706410636  95.84475302173547  75.97117424736064  142.09768396967797  30.83645592779277  
24.395150309539986  -17.255537821009085  -17.655234944031974  0.0  -166.38453946750212  -13.570400146941836  74.72298590141011  35.84132465966158  61.05750557397363  -130.6856096523435  -10.177556577842324  72.40696687800354  -139.02552417133552  -180.98536352426572  -115.05633012039749  -134.7158937960446  -103.51157044414117  143.12569172633548  -300.25469060808547  106.55789122826772  -359.36612425017114  -273.3238285566329  17.159599338374704  164.65504985405335  -25.481235379651082  -15.827248503360437  110.14565301907345  19.751299168487236  36.245108054080475  37.457482716595194  113.91108883732494  -94.23948011955383  133.8008006315482  -446.203357223537  125.27863685384499  -91.33658087958497  -329.55391129753986  -200.4428735981209  -1.9605061512064879  -40.599631284205486  -135.0330880985377  -158.6678728410592  140.27418000478707  73.29922520633633  -29.87286123649534  169.78031579027444  -284.4688160884237  96.78877045852732  111.20692530498401  -259.9103280258572  69.43403198654713  2.2182367977590047  21.954214794091143  -277.84471665969227  -25.494762671781217  -12.86139136437339  121.7603749190319  143.9877853798134  -198.96905316253515  16.110636040171727  52.34628614530993  158.66742561846803  -100.01362593162503  126.80334508403297  112.88272840602315  4.898025835337677  67.20734269504226  -482.8115495597089  -349.88403084020587  -6.8286656839810576  -223.6479413906469  61.027402120074385  78.1895180777035  58.31593930332866  124.44244902564598  13.181220983760795  
190.7796897770421  149.12900164649304  148.72930452347015  166.38453946750212  0.0  152.8141393205603  241.10752536891223  202.2258641271637  227.44204504147575  35.698929815158635  156.2069828896598  238.79150634550567  27.359015296166604  -14.6008240567636  51.32820934710463  31.66864567145751  62.87296902336095  309.5102311938376  -133.87015114058335  272.9424306957699  -192.98158478266902  -106.9392890891308  183.54413880587683  331.03958932155547  140.90330408785104  150.55729096414169  276.5301924865756  186.13583863598936  202.6296475215826  203.84202218409732  280.29562830482706  72.14505934794829  300.18534009905034  -279.8188177560349  291.6631763213471  75.04795858791715  -163.16937183003773  -34.05833413061879  164.42403331629563  125.78490818329664  31.351451368964433  7.7166666264429296  306.6587194722892  239.68376467383845  136.51167823100678  336.16485525777654  -118.08427662092157  263.17330992602945  277.5914647724861  -93.52578855835509  235.81857145404925  168.60277626526113  188.33875426159327  -111.46017719219014  140.8897767957209  153.52314810312873  288.144914386534  310.37232484731555  -32.584513695033024  182.49517550767385  218.73082561281205  325.05196508597015  66.3709135358771  293.1878845515351  279.26726787352527  171.2825653028398  233.59188216254438  -316.4270100922068  -183.49949137270374  159.55587378352106  -57.263401923144784  227.4119415875765  244.57405754520562  224.70047877083078  290.8269884931481  179.56576045126292  
37.96555045648182  -3.6851376740672492  -4.084834797090139  13.570400146941836  -152.8141393205603  0.0  88.29338604835195  49.41172480660342  74.62790572091546  -117.11520950540165  3.3928435690995116  85.97736702494538  -125.45512402439368  -167.4149633773239  -101.48592997345565  -121.14549364910278  -89.94117029719933  156.6960918732773  -286.68429046114363  120.12829137520956  -345.7957241032293  -259.7534284096911  30.72999948531654  178.22545000099518  -11.910835232709246  -2.256848356418601  123.71605316601529  33.32169931542907  49.81550820102231  51.02788286353703  127.48148898426678  -80.669079972612  147.37120077849005  -432.6329570765952  138.84903700078684  -77.76618073264314  -315.983511150598  -186.87247345117908  11.609893995735348  -27.02923113726365  -121.46268795159585  -145.09747269411736  153.8445801517289  86.86962535327817  -16.302461089553503  183.35071593721628  -270.89841594148186  110.35917060546916  124.77732545192585  -246.33992787891538  83.00443213348896  15.78863694470084  35.52461494103298  -264.27431651275043  -11.924362524839381  0.7090087825684463  135.33077506597374  157.55818552675524  -185.3986530155933  29.681036187113563  65.91668629225177  172.23782576540987  -86.4432257846832  140.3737452309748  126.45312855296498  18.468425982279513  80.7777428419841  -469.2411494127671  -336.31363069326403  6.741734462960778  -210.07754124370507  74.59780226701622  91.75991822464533  71.8863394502705  138.01284917258783  26.75162113070263  
-50.32783559187013  -91.9785237224192  -92.37822084544209  -74.72298590141011  -241.10752536891223  -88.29338604835195  0.0  -38.88166124174853  -13.665480327436484  -205.4085955537536  -84.90054247925244  -2.316019023406568  -213.74851007274563  -255.70834942567583  -189.7793160218076  -209.43887969745472  -178.23455634555128  68.40270582492536  -374.9776765094956  31.83490532685761  -434.0891101515813  -348.04681445804306  -57.56338656303541  89.93206395264322  -100.2042212810612  -90.55023440477055  35.42266711766334  -54.971686732922876  -38.47787784732964  -37.26550318481492  39.18810293591483  -168.96246602096394  59.0778147301381  -520.9263431249472  50.555650952434874  -166.05956678099508  -404.27689719895  -275.16585949953105  -76.6834920526166  -115.3226171856156  -209.7560739999478  -233.3908587424693  65.55119410337694  -1.4237606950737813  -104.59584713790545  95.05732988886433  -359.19180198983383  22.06578455711721  36.4839394035739  -334.6333139272673  -5.2889539148629865  -72.50474910365111  -52.76877110731897  -352.56770256110235  -100.21774857319133  -87.5843772657835  47.03738901762179  69.26479947840329  -273.69203906394523  -58.612349861238386  -22.37669975610018  83.94443971705793  -174.73661183303514  52.08035918262286  38.159742504613035  -69.82496006607244  -7.515643206367855  -557.534535461119  -424.607016741616  -81.55165158539117  -298.370927292057  -13.695583781335728  3.4665321762933843  -16.40704659808145  49.71946312423587  -61.54176491764932  
-11.446174350121595  -53.096862480670666  -53.496559603693555  -35.84132465966158  -202.2258641271637  -49.41172480660342  38.88166124174853  0.0  25.216180914312048  -166.52693431200507  -46.018881237503905  36.565642218341964  -174.8668488309971  -216.8266881839273  -150.89765478005907  -170.5572184557062  -139.35289510380275  107.2843670666739  -336.096015267747  70.71656656860614  -395.2074489098327  -309.16515321629447  -18.681725321286876  128.81372519439174  -61.32256003931266  -51.66857316302202  74.30432835941187  -16.090025491174345  0.40378339441889466  1.6161580569336138  78.06976417766336  -130.0808047792154  97.95947597188663  -482.04468188319856  89.4373121941834  -127.17790553924655  -365.3952359572014  -236.2841982577825  -37.80183081086807  -76.44095594386707  -170.87441275819927  -194.50919750072077  104.43285534512547  37.45790054667475  -65.71418589615692  133.93899113061286  -320.31014074808525  60.94744579886574  75.36560064532243  -295.7516526855188  33.592707326885545  -33.623087861902576  -13.887109865570437  -313.6860413193539  -61.3360873314428  -48.70271602403497  85.91905025937032  108.14646072015182  -234.81037782219673  -19.730688619489854  16.50496148564835  122.82610095880646  -135.8549505912866  90.96202042437139  77.04140374636157  -30.943298824323904  31.366018035380677  -518.6528742193705  -385.7253554998674  -42.66999034364264  -259.4892660503085  25.186077460412804  42.348193418041916  22.47461464366708  88.6011243659844  -22.660103675900785  
-36.66235526443364  -78.31304339498271  -78.7127405180056  -61.05750557397363  -227.44204504147575  -74.62790572091546  13.665480327436484  -25.216180914312048  0.0  -191.74311522631712  -71.23506215181595  11.349461304029916  -200.08302974530915  -242.04286909823935  -176.11383569437112  -195.77339937001824  -164.5690760181148  82.06818615236185  -361.3121961820591  45.50038565429409  -420.42362982414477  -334.38133413060655  -43.897906235598924  103.5975442800797  -86.53874095362471  -76.88475407733407  49.08814744509982  -41.30620640548639  -24.812397519893153  -23.600022857378434  52.85358326335131  -155.29698569352746  72.74329505757458  -507.26086279751064  64.22113127987136  -152.3940864535586  -390.6114168715135  -261.50037917209454  -63.018011725180116  -101.65713685817911  -196.09059367251132  -219.72537841503282  79.21667443081343  12.241719632362702  -90.93036681046897  108.72281021630081  -345.5263216623973  35.731264884553696  50.14941973101038  -320.96783359983084  8.376526412573497  -58.839268776214624  -39.103290779882485  -338.9022222336659  -86.55226824575485  -73.91889693834702  60.702869345058275  82.93027980583977  -260.0265587365088  -44.9468695338019  -8.711219428663696  97.60992004449442  -161.07113150559866  65.74583951005934  51.82522283204952  -56.15947973863595  6.149837121068629  -543.8690551336825  -410.9415364141795  -67.88617125795469  -284.70544696462053  -0.03010345389924396  17.132012503729868  -2.7415662706449666  63.384943451672356  -47.87628459021283  
155.08075996188347  113.4300718313344  113.03037470831151  130.6856096523435  -35.698929815158635  117.11520950540165  205.4085955537536  166.52693431200507  191.74311522631712  0.0  120.50805307450116  203.09257653034703  -8.339914518992032  -50.299753871922235  15.629279531945997  -4.030284143701124  27.174039208202316  273.811301378679  -169.56908095574198  237.2435008806112  -228.68051459782765  -142.63821890428943  147.8452089907182  295.34065950639683  105.2043742726924  114.85836114898305  240.83126267141694  150.43690882083072  166.93071770642396  168.14309236893868  244.59669848966843  36.446129532789655  264.4864102838917  -315.5177475711935  255.9642465061885  39.349028772758516  -198.86830164519637  -69.75726394577742  128.725103501137  90.085978368138  -4.347478446194202  -27.982263188715706  270.95978965713056  203.98483485867982  100.81274841584815  300.4659254426179  -153.7832064360802  227.4743801108708  241.89253495732748  -129.22471837351372  200.1196416388906  132.9038464501025  152.63982444643463  -147.15910700734878  105.19084698056227  117.8242182879701  252.4459845713754  274.6733950321569  -68.28344351019166  146.7962456925152  183.03189579765342  289.3530352708115  30.67198372071846  257.48895473637646  243.56833805836663  135.58363548768116  197.89295234738574  -352.1259399073654  -219.19842118786238  123.85694396836243  -92.96233173830342  191.71301177241787  208.87512773004698  189.00154895567215  255.1280586779895  143.86683063610428  
34.57270688738231  -7.077981243166761  -7.47767836618965  10.177556577842324  -156.2069828896598  -3.3928435690995116  84.90054247925244  46.018881237503905  71.23506215181595  -120.50805307450116  0.0  82.58452345584587  -128.8479675934932  -170.8078069464234  -104.87877354255517  -124.53833721820229  -93.33401386629885  153.3032483041778  -290.07713403024314  116.73544780611005  -349.1885676723288  -263.1462719787906  27.33715591621703  174.83260643189567  -15.303678801808758  -5.649691925518113  120.32320959691577  29.92885574632956  46.4226646319228  47.63503929443752  124.08864541516726  -84.06192354171151  143.97835720939054  -436.0258006456947  135.45619343168732  -81.15902430174265  -319.37635471969753  -190.2653170202786  8.217050426635836  -30.422074706363162  -124.85553152069537  -148.49031626321687  150.4517365826294  83.47678178417866  -19.695304658653015  179.95787236811677  -274.29125951058137  106.96632703636965  121.38448188282634  -249.7327714480149  79.61158856438945  12.395793375601329  32.13177137193347  -267.66716008184994  -15.317206093938893  -2.683834786531065  131.93793149687423  154.16534195765573  -188.79149658469282  26.28819261801405  62.523842723152256  168.84498219631035  -89.8360693537827  136.9809016618753  123.06028498386547  15.075582413180001  77.38489927288458  -472.6339929818666  -339.70647426236354  3.3488908938612667  -213.47038481280458  71.20495869791671  88.36707465554582  68.49349588117099  134.62000560348832  23.35877756160312  
-48.01181656846356  -89.66250469901263  -90.06220182203552  -72.40696687800354  -238.79150634550567  -85.97736702494538  2.316019023406568  -36.565642218341964  -11.349461304029916  -203.09257653034703  -82.58452345584587  0.0  -211.43249104933906  -253.39233040226927  -187.46329699840103  -207.12286067404816  -175.91853732214472  70.71872484833193  -372.661657486089  34.15092435026418  -431.77309112817466  -345.73079543463643  -55.24736753962884  92.24808297604979  -97.88820225765463  -88.23421538136398  37.738686141069905  -52.65566770951631  -36.16185882392307  -34.94948416140835  41.504121959321395  -166.64644699755738  61.39383375354467  -518.6103241015405  52.87166997584144  -163.74354775758852  -401.96087817554337  -272.8498404761244  -74.36747302921003  -113.00659816220903  -207.44005497654123  -231.07483971906274  67.86721312678351  0.8922583283327867  -102.27982811449888  97.3733489122709  -356.8757829664272  24.38180358052378  38.79995842698047  -332.3172949038608  -2.9729348914564184  -70.18873008024454  -50.4527520839124  -350.25168353769584  -97.90172954978476  -85.26835824237693  49.35340804102836  71.58081850180986  -271.3760200405387  -56.29633083783182  -20.060680732693612  86.2604587404645  -172.42059280962857  54.396378206029425  40.4757615280196  -67.50894104266587  -5.199624182961287  -555.2185164377124  -422.2909977182094  -79.2356325619846  -296.0549082686505  -11.37956475792916  5.782551199699952  -14.091027574674882  52.03548214764244  -59.22574589424275  
163.4206744808755  121.76998635032643  121.37028922730354  139.02552417133552  -27.359015296166604  125.45512402439368  213.74851007274563  174.8668488309971  200.08302974530915  8.339914518992032  128.8479675934932  211.43249104933906  0.0  -41.9598393529302  23.96919405093803  4.309630375290908  35.51395372719435  282.151215897671  -161.22916643674995  245.58341539960324  -220.34060007883562  -134.2983043852974  156.18512350971022  303.68057402538886  113.54428879168444  123.19827566797508  249.17117719040897  158.77682333982276  175.270632225416  176.4830068879307  252.93661300866046  44.78604405178169  272.82632480288373  -307.1778330522015  264.3041610251805  47.68894329175055  -190.52838712620434  -61.41734942678539  137.06501802012903  98.42589288713003  3.9924360727978296  -19.642348669723674  279.2997041761226  212.32474937767185  109.15266293484018  308.80583996160993  -145.44329191708817  235.81429462986284  250.23244947631952  -120.88480385452169  208.45955615788264  141.24376096909452  160.97973896542666  -138.81919248835675  113.5307614995543  126.16413280696213  260.7858990903674  283.01330955114895  -59.94352899119963  155.13616021150725  191.37181031664545  297.69294978980355  39.01189823971049  265.8288692553685  251.90825257735867  143.9235500066732  206.23286686637778  -343.7860253883734  -210.85850666887035  132.19685848735446  -84.62241721931139  200.0529262914099  217.21504224903902  197.34146347466418  263.4679731969815  152.2067451550963  
205.3805138338057  163.72982570325664  163.33012858023375  180.98536352426572  14.6008240567636  167.4149633773239  255.70834942567583  216.8266881839273  242.04286909823935  50.299753871922235  170.8078069464234  253.39233040226927  41.9598393529302  0.0  65.92903340386823  46.26946972822111  77.47379308012455  324.1110552506012  -119.26932708381975  287.54325475253347  -178.38076072590542  -92.3384650323672  198.14496286264043  345.64041337831907  155.50412814461464  165.15811502090529  291.1310165433392  200.73666269275296  217.2304715783462  218.44284624086092  294.89645236159066  86.74588340471189  314.78616415581394  -265.2179936992713  306.2640003781107  89.64878264468075  -148.56854777327413  -19.45751007385519  179.02485737305923  140.38573224006024  45.95227542572803  22.31749068320653  321.2595435290528  254.28458873060205  151.11250228777038  350.76567931454014  -103.48345256415797  277.77413398279305  292.1922888292497  -78.92496450159149  250.41939551081285  183.20360032202473  202.93957831835687  -96.85935313542655  155.4906008524845  168.12397215989233  302.7457384432976  324.97314890407915  -17.983689638269425  197.09599956443745  233.33164966957565  339.65278914273375  80.9717375926407  307.7887086082987  293.86809193028887  185.8833893596034  248.19270621930798  -301.8261860354432  -168.89866731594014  174.15669784028466  -42.662577866381184  242.0127656443401  259.1748816019692  239.30130282759438  305.4278125499117  194.16658450802652  
139.45148042993748  97.8007922993884  97.40109517636552  115.05633012039749  -51.32820934710463  101.48592997345565  189.7793160218076  150.89765478005907  176.11383569437112  -15.629279531945997  104.87877354255517  187.46329699840103  -23.96919405093803  -65.92903340386823  0.0  -19.65956367564712  11.54475967625632  258.18202184673294  -185.19836048768798  221.6142213486652  -244.30979412977365  -158.26749843623543  132.2159294587722  279.71137997445084  89.57509474074641  99.22908161703705  225.20198313947094  134.80762928888473  151.30143817447797  152.51381283699268  228.96741895772243  20.816850000843658  248.8571307519457  -331.1470271031395  240.3349669742425  23.71974924081252  -214.49758117714237  -85.38654347772342  113.095823969191  74.456698836192  -19.9767579781402  -43.6115427206617  255.33051012518456  188.35555532673382  85.18346888390215  284.8366459106719  -169.4124859680262  211.84510057892481  226.2632554253815  -144.85399790545972  184.49036210694462  117.2745669181565  137.01054491448863  -162.78838653929478  89.56156744861627  102.1949387560241  236.8167050394294  259.04411550021086  -83.91272304213766  131.16696616056922  167.40261626570742  273.7237557388655  15.042704188772461  241.85967520443046  227.93905852642064  119.95435595573517  182.26367281543975  -367.7552194393114  -234.82770071980838  108.22766443641643  -108.59161127024942  176.08373224047187  193.245848198101  173.37226942372615  239.4987791460435  128.23755110415829  
159.1110441055846  117.46035597503553  117.06065885201264  134.7158937960446  -31.66864567145751  121.14549364910278  209.43887969745472  170.5572184557062  195.77339937001824  4.030284143701124  124.53833721820229  207.12286067404816  -4.309630375290908  -46.26946972822111  19.65956367564712  0.0  31.20432335190344  277.8415855223801  -165.53879681204086  241.27378502431233  -224.65023045412653  -138.6079347605883  151.87549313441932  299.37094365009796  109.23465841639353  118.88864529268417  244.86154681511806  154.46719296453185  170.9610018501251  172.1733765126398  248.62698263336955  40.47641367649078  268.5166944275928  -311.4874634274924  259.9945306498896  43.37931291645964  -194.83801750149524  -65.7269798020763  132.75538764483812  94.11626251183912  -0.31719430249307834  -23.951979045014582  274.9900738008317  208.01511900238094  104.84303255954927  304.496209586319  -149.75292229237908  231.50466425457194  245.9228191010286  -125.1944342298126  204.14992578259174  136.93413059380362  156.67010859013575  -143.12882286364766  109.2211311242634  121.85450243167122  256.4762687150765  278.70367917585804  -64.25315936649054  150.82652983621634  187.06217994135454  293.38331941451264  34.70226786441958  261.5192388800776  247.59862220206776  139.6139196313823  201.92323649108687  -348.0956557636643  -215.16813704416126  127.88722811206355  -88.9320475946023  195.743295916119  212.9054118737481  193.03183309937327  259.1583428216906  147.8971147798054  
127.90672075368116  86.25603262313209  85.8563355001092  103.51157044414117  -62.87296902336095  89.94117029719933  178.23455634555128  139.35289510380275  164.5690760181148  -27.174039208202316  93.33401386629885  175.91853732214472  -35.51395372719435  -77.47379308012455  -11.54475967625632  -31.20432335190344  0.0  246.63726217047665  -196.7431201639443  210.0694616724089  -255.85455380602997  -169.81225811249175  120.67116978251588  268.1666202981945  78.03033506449009  87.68432194078073  213.65722346321462  123.2628696126284  139.75667849822165  140.96905316073637  217.4226592814661  9.272090324587339  237.31237107568938  -342.69178677939584  228.79020729798617  12.1749895645562  -226.04234085339868  -96.93130315397974  101.55106429293468  62.911939159935685  -31.52151765439652  -55.15630239691802  243.78575044892824  176.8107956504775  73.63870920764583  273.2918862344156  -180.95724564428252  200.3003409026685  214.71849574912517  -156.39875758171604  172.9456024306883  105.72980724190018  125.46578523823231  -174.3331462155511  78.01680777235995  90.65017907976778  225.27194536317307  247.49935582395457  -95.45748271839398  119.6222064843129  155.8578565894511  262.1789960626092  3.497944512516142  230.31491552817414  216.39429885016432  108.40959627947885  170.71891313918343  -379.29997911556774  -246.3724603960647  96.68290476016011  -120.13637094650574  164.53897256421556  181.70108852184467  161.82750974746983  227.95401946978717  116.69279142790197  
-118.73054141679549  -160.38122954734456  -160.78092667036745  -143.12569172633548  -309.5102311938376  -156.6960918732773  -68.40270582492536  -107.2843670666739  -82.06818615236185  -273.811301378679  -153.3032483041778  -70.71872484833193  -282.151215897671  -324.1110552506012  -258.18202184673294  -277.8415855223801  -246.63726217047665  0.0  -443.3803823344209  -36.567800498067754  -502.4918159765066  -416.44952028296836  -125.96609238796077  21.529358127717856  -168.60692710598656  -158.9529402296959  -32.980038707262025  -123.37439255784824  -106.880583672255  -105.66820900974028  -29.214602889010536  -237.3651718458893  -9.324891094787262  -589.3290489498725  -17.84705487249049  -234.46227260592045  -472.6796030238753  -343.56856532445636  -145.08619787754196  -183.72532301054096  -278.15877982487314  -301.7935645673947  -2.8515117215484196  -69.82646651999914  -172.99855296283081  26.65462406393896  -427.59450781475914  -46.33692126780815  -31.918766421351464  -403.0360197521927  -73.69165973978835  -140.90745492857647  -121.17147693224433  -420.97040838602777  -168.6204543981167  -155.98708309070886  -21.36531680730357  0.8620936534779275  -342.09474488887065  -127.01505568616375  -90.77940558102554  15.54173389213257  -243.1393176579605  -16.322346642302506  -30.242963320312327  -138.2276658909978  -75.91834903129322  -625.9372412860444  -493.0097225665413  -149.95435741031653  -366.7736331169824  -82.09828960626109  -64.93617364863198  -84.80975242300681  -18.68324270068949  -129.94447074257468  
324.64984091762545  282.99915278707635  282.5994556640535  300.25469060808547  133.87015114058335  286.68429046114363  374.9776765094956  336.096015267747  361.3121961820591  169.56908095574198  290.07713403024314  372.661657486089  161.22916643674995  119.26932708381975  185.19836048768798  165.53879681204086  196.7431201639443  443.3803823344209  0.0  406.81258183635316  -59.11143364208567  26.93086205145255  317.41428994646014  464.9097404621388  274.7734552284344  284.42744210472506  410.4003436271589  320.00598977657273  336.499798662166  337.71217332468063  414.1657794454104  206.01521048853164  434.0554912396337  -145.94866661545154  425.53332746193047  208.9181097285005  -29.299220689454387  99.81181700996456  298.29418445687895  259.65505932388  165.22160250954778  141.58681776702628  440.52887061287254  373.55391581442177  270.38182937159013  470.0350063983599  15.785874519661775  397.0434610666128  411.46161591306947  40.34436258222826  369.6887225946326  302.4729274058445  322.2089054021766  22.4099739483932  274.7599279363043  287.3932992437121  422.0150655271174  444.24247598789884  101.28563744555032  316.3653266482572  352.6009767533954  458.9221162265535  200.24106467646044  427.05803569211844  413.1374190141086  305.1527164434232  367.4620333031277  -182.55685895162344  -49.6293402321204  293.4260249241044  76.60674921743856  361.28209272815985  378.44420868578896  358.57062991141413  424.69713963373147  313.43591159184626  
-82.16274091872774  -123.8134290492768  -124.2131261722997  -106.55789122826772  -272.9424306957699  -120.12829137520956  -31.83490532685761  -70.71656656860614  -45.50038565429409  -237.2435008806112  -116.73544780611005  -34.15092435026418  -245.58341539960324  -287.54325475253347  -221.6142213486652  -241.27378502431233  -210.0694616724089  36.567800498067754  -406.81258183635316  0.0  -465.92401547843883  -379.8817197849006  -89.39829188989302  58.09715862578561  -132.0391266079188  -122.38513973162816  3.587761790805729  -86.80659205978048  -70.31278317418725  -69.10040851167253  7.353197609057219  -200.79737134782155  27.242909403280493  -552.7612484518047  18.720745625577266  -197.8944721078527  -436.11180252580755  -307.0007648263886  -108.51839737947421  -147.1575225124732  -241.5909793268054  -265.22576406932694  33.716288776519335  -33.25866602193139  -136.43075246476306  63.222424562006715  -391.0267073166914  -9.769120769740397  4.6490340767162905  -366.46821925412496  -37.123859241720595  -104.33965443050872  -84.60367643417658  -384.40260788796  -132.05265390004894  -119.41928259264111  15.202483690764183  37.42989415154568  -305.5269443908029  -90.447255188096  -54.21160508295779  52.109534390200324  -206.57151715989275  20.24545385576525  6.324837177755427  -101.65986539293004  -39.350548533225464  -589.3694407879766  -456.44192206847356  -113.38655691224878  -330.20583261891466  -45.530489108193336  -28.368373150564224  -48.24195192493906  17.884557797378264  -93.37667024450693  
383.7612745597111  342.110586429162  341.71088930613917  359.36612425017114  192.98158478266902  345.7957241032293  434.0891101515813  395.2074489098327  420.42362982414477  228.68051459782765  349.1885676723288  431.77309112817466  220.34060007883562  178.38076072590542  244.30979412977365  224.65023045412653  255.85455380602997  502.4918159765066  59.11143364208567  465.92401547843883  0.0  86.04229569353822  376.5257235885458  524.0211741042244  333.88488887052006  343.53887574681073  469.5117772692446  379.1174234186584  395.61123230425164  396.8236069667663  473.2772130874961  265.1266441306173  493.16692488171935  -86.83723297336587  484.64476110401614  268.02954337058617  29.812212952631285  158.92325065205023  357.4056180989646  318.76649296596565  224.33303615163345  200.69825140911195  499.6403042549582  432.66534945650744  329.4932630136758  529.1464400404456  74.89730816174745  456.15489470869846  470.57304955515514  99.45579622431393  428.8001562367183  361.58436104793014  381.32033904426225  81.52140759047887  333.87136157838995  346.50473288579775  481.12649916920304  503.3539096299845  160.397071087636  375.4767602903429  411.7124103954811  518.0335498686392  259.3524983185461  486.1694693342041  472.2488526561943  364.26415008550885  426.5734669452134  -123.44542530953777  9.482093409965273  352.5374585661901  135.71818285952423  420.3935263702455  437.55564232787464  417.6820635534998  483.80857327581714  372.54734523393194  
297.7189788661729  256.0682907356238  255.66859361260094  273.3238285566329  106.9392890891308  259.7534284096911  348.04681445804306  309.16515321629447  334.38133413060655  142.63821890428943  263.1462719787906  345.73079543463643  134.2983043852974  92.3384650323672  158.26749843623543  138.6079347605883  169.81225811249175  416.44952028296836  -26.93086205145255  379.8817197849006  -86.04229569353822  0.0  290.4834278950076  437.97887841068626  247.84259317698184  257.4965800532725  383.46948157570637  293.0751277251202  309.5689366107134  310.7813112732281  387.23491739395786  179.0843484370791  407.12462918818113  -172.8795286669041  398.6024654104779  181.98724767704795  -56.23008274090694  72.880954958512  271.3633224054264  232.72419727242743  138.29074045809523  114.65595571557373  413.59800856142  346.6230537629692  243.45096732013758  443.10414434690733  -11.144987531790775  370.11259901516024  384.5307538616169  13.413500530775707  342.7578605431801  275.5420653543919  295.27804335072403  -4.520888103059349  247.8290658848517  260.46243719225953  395.0842034756648  417.3116139364463  74.35477539409777  289.4344645968047  325.67011470194285  431.99125417510095  173.3102026250079  400.1271736406659  386.20655696265607  278.2218543919706  340.5311712516752  -209.487721003076  -76.56020228357295  266.49516287265186  49.67588716598601  334.3512306767073  351.5133466343364  331.6397678599616  397.7662775822789  286.5050495403937  
7.2355509711652815  -34.41513715938379  -34.81483428240668  -17.159599338374704  -183.54413880587683  -30.72999948531654  57.56338656303541  18.681725321286876  43.897906235598924  -147.8452089907182  -27.33715591621703  55.24736753962884  -156.18512350971022  -198.14496286264043  -132.2159294587722  -151.87549313441932  -120.67116978251588  125.96609238796077  -317.41428994646014  89.39829188989302  -376.5257235885458  -290.4834278950076  0.0  147.4954505156786  -42.640834718025786  -32.98684784173514  92.98605368069875  2.591699830112532  19.08550871570577  20.29788337822049  96.75148949895024  -111.39907945792854  116.64120129317351  -463.3629565619117  108.11903751547028  -108.49618021795968  -346.71351063591453  -217.60247293649562  -19.120105489581192  -57.75923062258019  -152.1926874369124  -175.8274721794339  123.11458066641235  56.13962586796163  -47.03246057487004  152.62071645189974  -301.62841542679837  79.62917112015262  94.0473259666093  -277.06992736423194  52.27443264817242  -14.9413625406157  4.794615455716439  -295.004315998067  -42.65436201015592  -30.020990702748094  104.6007755806572  126.8281860414387  -216.12865250090985  -1.0489632982029775  35.18668680693523  141.50782628009335  -117.17322526999973  109.64374574565826  95.72312906764844  -12.261573503037027  50.04774335666755  -499.9711488980836  -367.04363017858054  -23.988265022355762  -240.8075407290216  43.86780278169968  61.02991873932879  41.15633996495396  107.28284968727128  -3.978378354613909  
-140.25989954451336  -181.9105876750624  -182.31028479808532  -164.65504985405335  -331.03958932155547  -178.22545000099518  -89.93206395264322  -128.81372519439174  -103.5975442800797  -295.34065950639683  -174.83260643189567  -92.24808297604979  -303.68057402538886  -345.64041337831907  -279.71137997445084  -299.37094365009796  -268.1666202981945  -21.529358127717856  -464.9097404621388  -58.09715862578561  -524.0211741042244  -437.97887841068626  -147.4954505156786  0.0  -190.13628523370443  -180.48229835741375  -54.50939683497988  -144.90375068556608  -128.40994179997284  -127.19756713745814  -50.74396101672839  -258.8945299736072  -30.854249222505118  -610.8584070775903  -39.376413000208345  -255.99163073363832  -494.2089611515932  -365.09792345217426  -166.6155560052598  -205.25468113825883  -299.68813795259103  -323.32292269511254  -24.380869849266276  -91.355824647717  -194.52791109054868  5.125265936221105  -449.12386594247704  -67.866279395526  -53.44812454906932  -424.56537787991056  -95.2210178675062  -162.43681305629434  -142.70083505996217  -442.4997665137456  -190.14981252583453  -177.51644121842673  -42.89467493502143  -20.66726447423993  -363.6241030165885  -148.5444138138816  -112.3087637087434  -5.987624235585287  -264.6686757856784  -37.85170477002036  -51.77232144803018  -159.75702401871564  -97.44770715901107  -647.4665994137622  -514.5390806942592  -171.4837155380344  -388.30299124470025  -103.62764773397895  -86.46553177634983  -106.33911055072467  -40.212600828407346  -151.47382887029255  
49.87638568919107  8.225697558641997  7.8260004356191075  25.481235379651082  -140.90330408785104  11.910835232709246  100.2042212810612  61.32256003931266  86.53874095362471  -105.2043742726924  15.303678801808758  97.88820225765463  -113.54428879168444  -155.50412814461464  -89.57509474074641  -109.23465841639353  -78.03033506449009  168.60692710598656  -274.7734552284344  132.0391266079188  -333.88488887052006  -247.84259317698184  42.640834718025786  190.13628523370443  0.0  9.653986876290645  135.62688839872453  45.23253454813832  61.72634343373156  62.938718096246276  139.39232421697602  -68.75824473990275  159.2820360111993  -420.72212184388593  150.75987223349608  -65.85534549993389  -304.0726759178888  -174.96163821846983  23.520729228444594  -15.118395904554404  -109.55185271888661  -133.1866374614081  165.75541538443815  98.78046058598741  -4.391625856844257  195.26155116992553  -258.9875807087726  122.2700058381784  136.68816068463508  -234.42909264620613  94.91526736619821  27.699472177410087  47.435450173742225  -252.36348128004119  -0.013527292130135038  12.619844015277693  147.24161029868299  169.46902075946448  -173.48781778288406  41.59187141982281  77.82752152496101  184.1486609981191  -74.53239055197395  152.28458046368405  138.36396378567423  30.37926121498876  92.68857807469334  -457.3303141800578  -324.4027954605548  18.652569695670024  -198.16670601099582  86.50863749972547  103.67075345735458  83.79717468297974  149.92368440529708  38.66245636341188  
