Height_Data

node	height
0	101.36892040488293
1	83.18569853470673
2	141.90287406486001
3	49.93352575951412
4	146.04945139845404
5	23.211384748464248
6	145.98378832318625
7	82.96853754919793
8	96.62057202374906
9	109.84919583325969
10	92.25725711519081
11	34.65807478785019
12	62.25258386408374
13	134.01239131459027
14	141.34188958149275
15	33.48444814548969
16	194.31420951638137
17	178.9885471301413
18	202.22362323375202
19	407.1262895261378
20	22.66477025057325
21	39.53188265833336
22	118.70817002141759
23	146.20181717420778
24	102.94082128345492
25	118.11666254660416
26	152.54886482900892
27	123.154546620013
28	103.84164536149778
29	43.03870139593663
30	49.10382398356154
31	279.76759690618746
32	285.6724567799836
33	211.96142600441485
34	199.0723779998431
35	102.20138057294328
36	163.0360500687834
37	249.66696575808334
38	121.90583874068393
39	122.4375344628319
40	21.575725670863854
41	25.368962098325966
42	217.87748348393595
43	411.3935736607711
44	146.87461420976572
45	117.27475964825946
46	139.7703152331364
47	73.82285399109384
48	75.06639475341275
49	134.5736385747722
50	101.54431777326151
51	70.3780743882391
52	140.49206320892492
53	36.2230543641969
54	26.696348359182533
55	54.80220736237395
56	46.07589300571716
57	278.44113373317674
58	224.5209606871566
59	50.84290213902213
60	312.2266335512698
61	113.48500205900984
62	58.58188535784729
63	118.35413639207339
64	26.55702374519911
65	56.744047676588885
66	117.51327268826913
67	184.34796191619645
68	124.82871049181293
69	42.06119435836737
70	254.93572591176826
71	124.0436442893428
72	196.08240215748907
73	48.46002406641414
74	101.859255222036
75	133.877966188359



height_matrix
0.0  18.183221870176197  -40.53395365997709  51.43539464536881  -44.68053099357111  78.15753565641867  -44.61486791830332  18.400382855684995  4.748348381133866  -8.480275428376757  9.111663289692117  66.71084561703273  39.11633654079919  -32.64347090970735  -39.97296917660982  67.88447225939325  -92.94528911149844  -77.61962672525839  -100.8547028288691  -305.75736912125484  78.70415015430967  61.83703774654957  -17.33924961653466  -44.83289676932485  -1.571900878571995  -16.747742141721233  -51.17994442412599  -21.785626215130065  -2.4727249566148544  58.3302190089463  52.26509642132139  -178.39867650130452  -184.30353637510063  -110.59250559953192  -97.70345759496017  -0.8324601680603507  -61.66712966390047  -148.2980453532004  -20.536918335801005  -21.068614057948977  79.79319473401907  75.99995830655696  -116.50856307905302  -310.02465325588815  -45.505693804882796  -15.905839243376533  -38.40139482825346  27.54606641378909  26.302525651470177  -33.20471816988926  -0.175397368378583  30.99084601664383  -39.12314280404199  65.14586604068603  74.67257204570039  46.56671304250898  55.293027399165766  -177.0722133282938  -123.15204028227366  50.5260182658608  -210.85771314638686  -12.116081654126916  42.78703504703564  -16.985215987190458  74.81189665968381  44.624872728294044  -16.144352283386198  -82.97904151131353  -23.45979008693  59.307726046515555  -153.56680550688532  -22.674723884459866  -94.71348175260614  52.908896338468786  -0.4903348171530695  -32.50904578347608  
-18.183221870176197  0.0  -58.717175530153284  33.25217277519261  -62.86375286374731  59.97431378624248  -62.798089788479516  0.21716098550879792  -13.434873489042332  -26.663497298552954  -9.07155858048408  48.52762374685654  20.93311467062299  -50.826692779883544  -58.15619104678602  49.701250389217044  -111.12851098167464  -95.80284859543458  -119.03792469904529  -323.94059099143107  60.52092828413348  43.65381587637337  -35.522471486710856  -63.016118639501045  -19.755122748748192  -34.93096401189743  -69.36316629430219  -39.96884808530626  -20.65594682679105  40.146997138770104  34.08187455114519  -196.58189837148075  -202.48675824527686  -128.7757274697081  -115.88667946513637  -19.015682038236548  -79.85035153407667  -166.48126722337662  -38.7201402059772  -39.251835928125175  61.60997286384288  57.816736436380765  -134.6917849492292  -328.2078751260644  -63.68891567505899  -34.08906111355273  -56.584616698429656  9.362844543612894  8.11930378129398  -51.38794004006546  -18.35861923855478  12.807624146467631  -57.30636467421819  46.96264417050983  56.489350175524194  28.383491172332782  37.10980552898957  -195.25543519847002  -141.33526215244984  32.3427963956846  -229.04093501656308  -30.299303524303113  24.60381317685944  -35.168437857366655  56.62867478950762  26.441650858117846  -34.327574153562395  -101.16226338148972  -41.6430119571062  41.12450417633936  -171.75002737706154  -40.85794575463606  -112.89670362278234  34.72567446829259  -18.673556687329267  -50.69226765365228  
40.53395365997709  58.717175530153284  0.0  91.9693483053459  -4.146577333594024  118.69148931639577  -4.0809142583262314  58.93433651566208  45.28230204111095  32.05367823160033  49.645616949669204  107.24479927700983  79.65029020077628  7.89048275026974  0.5609844833672639  108.41842591937032  -52.41133545152135  -37.0856730652813  -60.32074916889201  -265.2234154612778  119.23810381428677  102.37099140652666  23.194704043442428  -4.298943109347761  38.96205278140509  23.786211518255854  -10.645990764148905  18.74832744484702  38.06122870336223  98.86417266892339  92.79905008129847  -137.86472284132745  -143.76958271512356  -70.05855193955483  -57.169503934983084  39.701493491916736  -21.13317600392338  -107.76409169322332  19.997035324176082  19.46533960202811  120.32714839399617  116.53391196653405  -75.97460941907593  -269.4906995959111  -4.971740144905709  24.628114416600553  2.132558831723628  68.08002007376618  66.83647931144726  7.329235490087825  40.358556291598504  71.52479967662092  1.4108108559350967  105.67981970066312  115.20652570567748  87.10066670248607  95.82698105914285  -136.53825966831673  -82.61808662229657  91.05997192583789  -170.32375948640978  28.41787200585017  83.32098870701273  23.54873767278663  115.34585031966091  85.15882638827114  24.38960137659089  -42.44508785133644  17.074163573047088  99.84167970649264  -113.03285184690824  17.85922977551722  -54.179528092629056  93.44284999844587  40.04361884282402  8.024907876501004  
-51.43539464536881  -33.25217277519261  -91.9693483053459  0.0  -96.11592563893993  26.72214101104987  -96.05026256367213  -33.035011789683814  -46.687046264234944  -59.91567007374557  -42.32373135567669  15.275450971663929  -12.31905810456962  -84.07886555507616  -91.40836382197864  16.449077614024432  -144.38068375686726  -129.0550213706272  -152.2900974742379  -357.19276376662367  27.26875550894087  10.40164310118076  -68.77464426190346  -96.26829141469366  -53.007295523940805  -68.18313678709004  -102.61533906949481  -73.22102086049887  -53.908119601983664  6.8948243635774915  0.8297017759525787  -229.83407114667335  -235.73893102046947  -162.02790024490074  -149.138852240329  -52.26785481342916  -113.10252430926928  -199.73343999856922  -71.97231298116981  -72.5040087033178  28.357800088650265  24.564563661188153  -167.94395772442184  -361.460047901257  -96.94108845025161  -67.34123388874534  -89.83678947362228  -23.889328231579718  -25.132868993898633  -84.64011281525808  -51.61079201374739  -20.44454862872498  -90.5585374494108  13.71047139531722  23.237177400331586  -4.86868160285983  3.857632753796956  -228.50760797366263  -174.58743492764248  -0.9093763795080108  -262.2931077917557  -63.551476299495725  -8.648359598333172  -68.42061063255926  23.376502014315008  -6.810521917074766  -67.57974692875501  -134.41443615668234  -74.89518473229882  7.872331401146745  -205.00220015225415  -74.11011852982867  -146.14887639797496  1.4735016930999763  -51.92572946252188  -83.9444404288449  
44.68053099357111  62.86375286374731  4.146577333594024  96.11592563893993  0.0  122.8380666499898  0.06566307526779269  63.080913849256106  49.42887937470498  36.200255565194354  53.79219428326323  111.39137661060386  83.7968675343703  12.037060083863764  4.707561816961288  112.56500325296435  -48.26475811792733  -32.939095731687274  -56.17417183529798  -261.07683812768374  123.3846811478808  106.51756874012068  27.341281377036452  -0.15236577575373644  43.108630114999116  27.932788851849878  -6.499413430554881  22.894904778441045  42.207806036956256  103.01075000251741  96.9456274148925  -133.71814550773342  -139.62300538152954  -65.91197460596081  -53.02292660138906  43.84807082551076  -16.986598670329357  -103.6175143596293  24.143612657770106  23.611916935622133  124.47372572759019  120.68048930012807  -71.82803208548191  -265.34412226231706  -0.8251628113116851  28.774691750194577  6.279136165317652  72.2265974073602  70.98305664504129  11.47581282368185  44.50513362519253  75.67137701021494  5.557388189529121  109.82639703425714  119.3531030392715  91.24724403608009  99.97355839273688  -132.3916823347227  -78.47150928870255  95.20654925943191  -166.17718215281576  32.564449339444195  87.46756604060675  27.695315006380653  119.49242765325494  89.30540372186516  28.536178710184913  -38.298510517742415  21.22074090664111  103.98825704008667  -108.88627451331422  22.005807109111245  -50.03295075903503  97.58942733203989  44.19019617641804  12.171485210095028  
-78.15753565641867  -59.97431378624248  -118.69148931639577  -26.72214101104987  -122.8380666499898  0.0  -122.772403574722  -59.757152800733685  -73.40918727528481  -86.63781108479543  -69.04587236672657  -11.446690039385942  -39.04119911561949  -110.80100656612603  -118.13050483302851  -10.273063397025439  -171.10282476791713  -155.77716238167707  -179.01223848528778  -383.91490477767354  0.5466144978909995  -16.32049790986911  -95.49678527295333  -122.99043242574353  -79.72943653499067  -94.9052777981399  -129.33748008054468  -99.94316187154874  -80.63026061303353  -19.82731664747238  -25.892439235097292  -256.5562121577232  -262.46107203151934  -188.7500412559506  -175.86099325137886  -78.98999582447902  -139.82466532031916  -226.4555810096191  -98.69445399221968  -99.22614971436766  1.635659077600394  -2.157577349861718  -194.6660987354717  -388.18218891230686  -123.66322946130148  -94.0633748997952  -116.55893048467215  -50.61146924262959  -51.855010004948504  -111.36225382630795  -78.33293302479726  -47.16668963977485  -117.28067846046068  -13.01166961573265  -3.4849636107182853  -31.5908226139097  -22.864508257252915  -255.2297489847125  -201.30957593869235  -27.63151739055788  -289.01524880280556  -90.2736173105456  -35.37050060938304  -95.14275164360913  -3.3456389967348628  -33.53266292812464  -94.30188793980489  -161.1365771677322  -101.61732574334869  -18.849809609903126  -231.72434116330402  -100.83225954087854  -172.87101740902483  -25.248639317949895  -78.64787047357174  -110.66658143989477  
44.61486791830332  62.798089788479516  4.0809142583262314  96.05026256367213  -0.06566307526779269  122.772403574722  0.0  63.01525077398831  49.363216299437184  36.13459248992656  53.726531207995436  111.32571353533606  83.73120445910251  11.971397008595972  4.641898741693495  112.49934017769655  -48.33042119319512  -33.00475880695507  -56.239834910565776  -261.1425012029515  123.319018072613  106.45190566485289  27.27561830176866  -0.21802885102152914  43.04296703973132  27.867125776582085  -6.565076505822674  22.829241703173253  42.142142961688464  102.94508692724962  96.8799643396247  -133.78380858300122  -139.68866845679733  -65.9776376812286  -53.08858967665685  43.78240775024297  -17.05226174559715  -103.68317743489709  24.077949582502313  23.54625386035434  124.4080626523224  120.61482622486028  -71.8936951607497  -265.4097853375848  -0.8908258865794778  28.709028674926785  6.21347309004986  72.16093433209241  70.9173935697735  11.410149748414057  44.439470549924735  75.60571393494715  5.491725114261328  109.76073395898935  119.28743996400371  91.1815809608123  99.90789531746908  -132.4573454099905  -78.53717236397034  95.14088618416412  -166.24284522808355  32.4987862641764  87.40190296533896  27.62965193111286  119.42676457798714  89.23974064659737  28.47051563491712  -38.36417359301021  21.15507783137332  103.92259396481887  -108.95193758858201  21.940144033843453  -50.098613834302824  97.5237642567721  44.12453310115025  12.105822134827235  
-18.400382855684995  -0.21716098550879792  -58.93433651566208  33.035011789683814  -63.080913849256106  59.757152800733685  -63.01525077398831  0.0  -13.65203447455113  -26.880658284061752  -9.288719565992878  48.31046276134774  20.715953685114194  -51.04385376539234  -58.37335203229482  49.484089403708246  -111.34567196718343  -96.02000958094338  -119.25508568455409  -324.15775197693984  60.303767298624685  43.436654890864574  -35.739632472219654  -63.23327962500984  -19.97228373425699  -35.14812499740623  -69.58032727981099  -40.18600907081506  -20.87310781229985  39.929836153261306  33.86471356563639  -196.79905935698952  -202.70391923078563  -128.99288845521693  -116.10384045064517  -19.232843023745346  -80.06751251958546  -166.6984282088854  -38.937301191486  -39.46899691363397  61.39281187833408  57.59957545087197  -134.90894593473803  -328.42503611157315  -63.90607666056779  -34.30622209906153  -56.801777683938454  9.145683558104096  7.902142795785181  -51.60510102557426  -18.57578022406358  12.590463160958834  -57.523525659726985  46.745483185001035  56.272189190015396  28.166330186823984  36.89264454348077  -195.4725961839788  -141.55242313795867  32.1256354101758  -229.25809600207185  -30.51646450981191  24.38665219135064  -35.38559884287545  56.41151380399882  26.22448987260905  -34.54473513907119  -101.37942436699852  -41.860172942614994  40.90734319083056  -171.9671883625703  -41.07510674014486  -113.11386460829114  34.50851348278379  -18.890717672838065  -50.90942863916108  
-4.748348381133866  13.434873489042332  -45.28230204111095  46.687046264234944  -49.42887937470498  73.40918727528481  -49.363216299437184  13.65203447455113  0.0  -13.228623809510623  4.363314908558252  61.96249723589887  34.36798815966532  -37.39181929084121  -44.72131755774369  63.136123878259376  -97.6936374926323  -82.36797510639225  -105.60305121000296  -310.50571750238873  73.9558017731758  57.0886893654157  -22.087597997668524  -49.58124515045871  -6.320249259705861  -21.4960905228551  -55.92829280525986  -26.53397459626393  -7.22107333774872  53.581870627812435  47.51674804018752  -183.14702488243842  -189.05188475623453  -115.34085398066578  -102.45180597609404  -5.5808085491942165  -66.41547804503433  -153.0463937343343  -25.28526671693487  -25.816962439082843  75.0448463528852  71.2516099254231  -121.25691146018688  -314.77300163702205  -50.25404218601666  -20.6541876245104  -43.149743209387324  22.797718032655226  21.55417727033631  -37.95306655102313  -4.923745749512449  26.242497635509963  -43.871491185175856  60.397517659552165  69.92422366456653  41.818364661375114  50.5446790180319  -181.8205617094277  -127.90038866340753  45.77766988472693  -215.60606152752075  -16.86443003526078  38.03868666590177  -21.733564368324323  70.06354827854994  39.87652434716018  -20.892700664520063  -87.72738989244739  -28.208138468063865  54.55937766538169  -158.3151538880192  -27.42307226559373  -99.46183013374001  48.16054795733492  -5.238683198286935  -37.25739416460995  
8.480275428376757  26.663497298552954  -32.05367823160033  59.91567007374557  -36.200255565194354  86.63781108479543  -36.13459248992656  26.880658284061752  13.228623809510623  0.0  17.591938718068874  75.19112104540949  47.596611969175946  -24.16319548133059  -31.492693748233066  76.36474768777  -84.46501368312168  -69.13935129688163  -92.37442740049234  -297.2770936928781  87.18442558268643  70.31731317492633  -8.858974188157902  -36.35262134094809  6.908374549804762  -8.267466713344476  -42.699668995749235  -13.305350786753309  6.007550471761903  66.81049443732306  60.745371849698145  -169.9184010729278  -175.8232609467239  -102.11223017115516  -89.22318216658341  7.647815260316406  -53.18685423552371  -139.81776992482366  -12.056642907424248  -12.58833862957222  88.27347016239582  84.48023373493372  -108.02828765067626  -301.5443778275114  -37.02541837650604  -7.4255638149997765  -29.9211193998767  36.02634184216585  34.782801079846934  -24.724442741512505  8.304878059998174  39.471121445020586  -30.642867375665233  73.62614146906279  83.15284747407715  55.046988470885736  63.77330282754252  -168.59193789991707  -114.6717648538969  59.006293694237556  -202.37743771801013  -3.6358062257501587  51.267310475412394  -8.5049405588137  83.29217208806057  53.1051481566708  -7.664076855009441  -74.49876608293677  -14.979514658553242  67.78800147489231  -145.0865300785086  -14.194448456083109  -86.23320632422939  61.38917176684554  7.9899406112236875  -24.028770355099326  
-9.111663289692117  9.07155858048408  -49.645616949669204  42.32373135567669  -53.79219428326323  69.04587236672657  -53.726531207995436  9.288719565992878  -4.363314908558252  -17.591938718068874  0.0  57.59918232734062  30.00467325110707  -41.755134199399464  -49.08463246630194  58.772808969701124  -102.05695240119056  -86.7312900149505  -109.96636611856121  -314.86903241094694  69.59248686461757  52.72537445685745  -26.450912906226776  -53.944560059016965  -10.683564168264112  -25.85940543141335  -60.29160771381811  -30.897289504822183  -11.584388246306972  49.218555719254184  43.15343313162927  -187.51033979099665  -193.41519966479277  -119.70416888922404  -106.81512088465229  -9.944123457752468  -70.77879295359259  -157.40970864289253  -29.648581625493122  -30.180277347641095  70.68153144432696  66.88829501686484  -125.62022636874514  -319.13631654558026  -54.61735709457491  -25.01750253306865  -47.513058117945576  18.434403124096974  17.19086236177806  -42.31638145958138  -9.2870606580707  21.87918272695171  -48.23480609373411  56.03420275099391  65.56090875600827  37.45504975281686  46.18136410947365  -186.18387661798593  -132.26370357196578  41.41435497616868  -219.969376436079  -21.227744943819033  33.67537175734352  -26.096879276882575  65.70023336999171  35.513209438601926  -25.256015573078315  -92.09070480100564  -32.57145337662212  50.19606275682344  -162.67846879657745  -31.786387174151983  -103.82514504229826  43.79723304877667  -9.601998106845187  -41.6207090731682  
-66.71084561703273  -48.52762374685654  -107.24479927700983  -15.275450971663929  -111.39137661060386  11.446690039385942  -111.32571353533606  -48.31046276134774  -61.96249723589887  -75.19112104540949  -57.59918232734062  0.0  -27.59450907623355  -99.35431652674009  -106.68381479364257  1.173626642360503  -159.65613472853119  -144.33047234229113  -167.56554844590184  -372.4682147382876  11.993304537276941  -4.873807870483169  -84.05009523356739  -111.5437423863576  -68.28274649560473  -83.45858775875396  -117.89079004115874  -88.4964718321628  -69.18357057364759  -8.380626608086438  -14.44574919571135  -245.10952211833728  -251.0143819921334  -177.30335121656466  -164.41430321199292  -67.54330578509308  -128.3779752809332  -215.00889097023315  -87.24776395283374  -87.77945967498172  13.082349116986336  9.289112689524224  -183.21940869608576  -376.7354988729209  -112.21653942191554  -82.61668486040926  -105.1122404452862  -39.16477920324365  -40.40831996556256  -99.91556378692201  -66.88624298541131  -35.71999960038891  -105.83398842107474  -1.5649795763467083  7.961726428667657  -20.14413257452376  -11.417818217866973  -243.78305894532656  -189.8628858993064  -16.18482735117194  -277.5685587634196  -78.82692727115966  -23.9238105699971  -83.69606160422319  8.10105104265108  -22.085972888738695  -82.85519790041894  -149.68988712834627  -90.17063570396274  -7.403119570517184  -220.27765112391808  -89.3855695014926  -161.4243273696389  -13.801949278563953  -67.2011804341858  -99.21989140050883  
-39.11633654079919  -20.93311467062299  -79.65029020077628  12.31905810456962  -83.7968675343703  39.04119911561949  -83.73120445910251  -20.715953685114194  -34.36798815966532  -47.596611969175946  -30.00467325110707  27.59450907623355  0.0  -71.75980745050654  -79.08930571740902  28.768135718594053  -132.06162565229764  -116.73596326605758  -139.9710393696683  -344.873705662054  39.58781361351049  22.72070120575038  -56.45558615733385  -83.94923331012404  -40.688237419371184  -55.86407868252042  -90.29628096492519  -60.901962755929254  -41.58906149741404  19.213882468147112  13.1487598805222  -217.51501304210373  -223.41987291589984  -149.70884214033111  -136.81979413575937  -39.94879670885954  -100.78346620469966  -187.4143818939996  -59.653254876600194  -60.184950598748166  40.676858193219886  36.88362176575777  -155.62489961985221  -349.14098979668734  -84.62203034568199  -55.02217578417572  -77.51773136905265  -11.570270127010097  -12.813810889329012  -72.32105471068846  -39.29173390917777  -8.12549052415536  -78.23947934484119  26.02952949988684  35.55623550490121  7.4503765017097905  16.176690858366577  -216.188549869093  -162.26837682307286  11.40968172506161  -249.97404968718607  -51.232418194926105  3.670698506236448  -56.10155252798965  35.69556011888463  5.508536187494855  -55.26068882418539  -122.09537805211272  -62.57612662772919  20.191389505716366  -192.68314204768453  -61.791060425259055  -133.82981829340534  13.792559797669597  -39.60667135795226  -71.62538232427528  
32.64347090970735  50.826692779883544  -7.89048275026974  84.07886555507616  -12.037060083863764  110.80100656612603  -11.971397008595972  51.04385376539234  37.39181929084121  24.16319548133059  41.755134199399464  99.35431652674009  71.75980745050654  0.0  -7.329498266902476  100.52794316910058  -60.30181820179109  -44.97615581555104  -68.21123191916175  -273.1138982115475  111.34762106401703  94.48050865625692  15.304221293172688  -12.1894258596175  31.07157003113535  15.895728767986114  -18.536473514418645  10.857844694577281  30.170745953092492  90.97368991865365  84.90856733102873  -145.7552055915972  -151.6600654653933  -77.94903468982457  -65.05998668525282  31.811010741646996  -29.02365875419312  -115.65457444349306  12.106552573906342  11.57485685175837  112.43666564372643  108.64342921626431  -83.86509216934567  -277.3811823461808  -12.86222289517545  16.737631666330813  -5.757923918546112  60.18953732349644  58.94599656117752  -0.561247260181915  32.468073541328764  63.634316926351175  -6.479671894334643  97.78933695039338  107.31604295540774  79.21018395221633  87.93649830887311  -144.42874241858647  -90.50856937256631  83.16948917556815  -178.21424223667952  20.52738925558043  75.43050595674299  15.658254922516889  107.45536756939117  77.2683436380014  16.49911862632115  -50.33557060160618  9.183680822777347  91.9511969562229  -120.92333459717798  9.968747025247481  -62.070010842898796  85.55236724817613  32.15313609255428  0.1344251262312639  
39.97296917660982  58.15619104678602  -0.5609844833672639  91.40836382197864  -4.707561816961288  118.13050483302851  -4.641898741693495  58.37335203229482  44.72131755774369  31.492693748233066  49.08463246630194  106.68381479364257  79.08930571740902  7.329498266902476  0.0  107.85744143600306  -52.97231993488862  -37.64665754864856  -60.88173365225927  -265.78439994464503  118.67711933091951  101.81000692315939  22.633719560075164  -4.8599275927150245  38.40106829803783  23.22522703488859  -11.20697524751617  18.187342961479757  37.50024421999497  98.30318818555612  92.23806559793121  -138.4257073246947  -144.33056719849083  -70.6195364229221  -57.73048841835035  39.14050900854947  -21.694160487290645  -108.32507617659058  19.436050840808818  18.904355118660845  119.7661639106289  115.97292748316679  -76.5355939024432  -270.05168407927835  -5.532724628272973  24.06712993323329  1.5715743483563642  67.51903559039891  66.27549482808  6.768251006720561  39.79757180823124  70.96381519325365  0.8498263725678328  105.11883521729585  114.64554122231021  86.5396822191188  95.26599657577559  -137.099244151684  -83.17907110566384  90.49898744247062  -170.88474396977705  27.856887522482907  82.76000422364547  22.987753189419365  114.78486583629365  84.59784190490387  23.828616893223625  -43.0060723347037  16.513179089679824  99.28069522312538  -113.59383633027551  17.298245292149957  -54.74051257599632  92.8818655150786  39.48263435945675  7.46392339313374  
-67.88447225939325  -49.701250389217044  -108.41842591937032  -16.449077614024432  -112.56500325296435  10.273063397025439  -112.49934017769655  -49.484089403708246  -63.136123878259376  -76.36474768777  -58.772808969701124  -1.173626642360503  -28.768135718594053  -100.52794316910058  -107.85744143600306  0.0  -160.82976137089167  -145.50409898465162  -168.73917508826233  -373.6418413806481  10.819677894916438  -6.047434512843672  -85.22372187592791  -112.71736902871808  -69.45637313796524  -84.63221440111448  -119.06441668351923  -89.67009847452331  -70.3571972160081  -9.55425325044694  -15.619375838071853  -246.28314876069777  -252.18800863449388  -178.47697785892515  -165.5879298543534  -68.7169324274536  -129.5516019232937  -216.18251761259364  -88.42139059519425  -88.95308631734221  11.908722474625833  8.11548604716372  -184.39303533844625  -377.9091255152814  -113.39016606427603  -83.79031150276978  -106.2858670876467  -40.33840584560415  -41.581946607923065  -101.0891904292825  -68.05986962777183  -36.89362624274941  -107.00761506343522  -2.7386062187072113  6.7880997863071535  -21.317759216884262  -12.591444860227476  -244.95668558768705  -191.0365125416669  -17.358453993532443  -278.7421854057801  -80.00055391352015  -25.097437212357605  -84.8696882465837  6.927424400290576  -23.259599531099198  -84.02882454277943  -150.86351377070676  -91.34426234632323  -8.576746212877687  -221.45127776627857  -90.55919614385311  -162.59795401199938  -14.975575920924456  -68.37480707654632  -100.39351804286932  
92.94528911149844  111.12851098167464  52.41133545152135  144.38068375686726  48.26475811792733  171.10282476791713  48.33042119319512  111.34567196718343  97.6936374926323  84.46501368312168  102.05695240119056  159.65613472853119  132.06162565229764  60.30181820179109  52.97231993488862  160.82976137089167  0.0  15.325662386240055  -7.909413717370654  -212.81208000975641  171.64943926580813  154.782326858048  75.60603949496378  48.11239234217359  91.37338823292644  76.1975469697772  41.76534468737245  71.15966289636837  90.47256415488359  151.27550812044473  145.21038553281983  -85.4533873898061  -91.35824726360221  -17.64721648803348  -4.758168483461731  92.11282894343809  31.27815944759797  -55.35275624170197  72.40837077569743  71.87667505354946  172.73848384551752  168.9452474180554  -23.56327396755458  -217.07936414438973  47.439595306615644  77.0394498681219  54.54389428324498  120.49135552528753  119.24781476296862  59.74057094160918  92.76989174311986  123.93613512814227  53.82214630745645  158.09115515218446  167.61786115719883  139.5120021540074  148.23831651066422  -84.12692421679537  -30.20675117077522  143.47130737735924  -117.91242403488843  80.82920745737152  135.73232415853408  75.96007312430798  167.75718577118226  137.5701618397925  76.80093682811224  9.966247600184914  69.48549902456844  152.253015158014  -60.62151639538689  70.27056522703857  -1.768192641107703  145.85418544996722  92.45495429434537  60.43624332802236  
77.61962672525839  95.80284859543458  37.0856730652813  129.0550213706272  32.939095731687274  155.77716238167707  33.00475880695507  96.02000958094338  82.36797510639225  69.13935129688163  86.7312900149505  144.33047234229113  116.73596326605758  44.97615581555104  37.64665754864856  145.50409898465162  -15.325662386240055  0.0  -23.23507610361071  -228.13774239599647  156.32377687956807  139.45666447180795  60.28037710872373  32.78672995593354  76.04772584668639  60.87188458353715  26.439682301132393  55.83400051012832  75.14690176864353  135.9498457342047  129.88472314657977  -100.77904977604615  -106.68390964984226  -32.97287887427353  -20.083830869701785  76.78716655719803  15.952497061357917  -70.67841862794202  57.08270838945738  56.55101266730941  157.41282145927747  153.61958503181535  -38.888936353794634  -232.40502653062978  32.11393292037559  61.71378748188185  39.21823189700493  105.16569313904748  103.92215237672856  44.414908555369124  77.4442293568798  108.61047274190221  38.496483921216395  142.76549276594443  152.29219877095878  124.18633976776736  132.91265412442414  -99.45258660303543  -45.532413557015275  128.14564499111918  -133.2380864211285  65.50354507113147  120.40666177229403  60.63441073806793  152.4315233849422  122.24449945355244  61.47527444187219  -5.35941478605514  54.159836638328386  136.92735277177394  -75.94717878162695  54.94490284079852  -17.093855027347757  130.52852306372716  77.12929190810532  45.1105809417823  
100.8547028288691  119.03792469904529  60.32074916889201  152.2900974742379  56.17417183529798  179.01223848528778  56.239834910565776  119.25508568455409  105.60305121000296  92.37442740049234  109.96636611856121  167.56554844590184  139.9710393696683  68.21123191916175  60.88173365225927  168.73917508826233  7.909413717370654  23.23507610361071  0.0  -204.90266629238576  179.55885298317878  162.69174057541866  83.51545321233444  56.02180605954425  99.2828019502971  84.10696068714786  49.6747584047431  79.06907661373903  98.38197787225424  159.1849218378154  153.11979925019048  -77.54397367243544  -83.44883354623155  -9.737802770662825  3.1512452339089236  100.02224266080874  39.187573164968626  -47.443342524331314  80.31778449306809  79.78608877092012  180.64789756288818  176.85466113542606  -15.653860250183925  -209.16995042701907  55.3490090239863  84.94886358549256  62.453308000615635  128.40076924265819  127.15722848033927  67.64998465897983  100.67930546049051  131.84554884551292  61.731560024827104  166.00056886955514  175.52727487456949  147.4214158713781  156.14773022803485  -76.21751049942472  -22.297337453404566  151.3807210947299  -110.00301031751778  88.73862117474218  143.64173787590474  83.86948684167864  175.66659948855292  145.47957555716314  84.7103505454829  17.87566131755557  77.3949127419391  160.16242887538465  -52.71210267801624  78.17997894440923  6.141221076262951  153.76359916733787  100.36436801171602  68.34565704539301  
305.75736912125484  323.94059099143107  265.2234154612778  357.19276376662367  261.07683812768374  383.91490477767354  261.1425012029515  324.15775197693984  310.50571750238873  297.2770936928781  314.86903241094694  372.4682147382876  344.873705662054  273.1138982115475  265.78439994464503  373.6418413806481  212.81208000975641  228.13774239599647  204.90266629238576  0.0  384.4615192755645  367.5944068678044  288.4181195047202  260.92447235193004  304.1854682426829  289.0096269795336  254.57742469712886  283.9717429061248  303.28464416464  364.08758813020114  358.02246554257624  127.35869261995032  121.4538327461542  195.16486352172294  208.05391152629468  304.9249089531945  244.0902394573544  157.45932376805445  285.22045078545386  284.68875506330585  385.55056385527394  381.7573274278118  189.24880604220183  -4.267284134633314  260.25167531637203  289.8515298778783  267.3559742930014  333.30343553504395  332.05989477272504  272.5526509513656  305.58197175287626  336.7482151378987  266.6342263172129  370.90323516194087  380.42994116695525  352.3240821637638  361.05039652042063  128.68515579296104  182.6053288389812  356.2833873871157  94.89965597486798  293.64128746712794  348.5444041682905  288.7721531340644  380.5692657809387  350.3822418495489  289.61301683786866  222.77832760994133  282.2975790343248  365.06509516777044  152.19056361436952  283.082645236795  211.0438873686487  358.66626545972366  305.2670343041018  273.24832333777874  
-78.70415015430967  -60.52092828413348  -119.23810381428677  -27.26875550894087  -123.3846811478808  -0.5466144978909995  -123.319018072613  -60.303767298624685  -73.9558017731758  -87.18442558268643  -69.59248686461757  -11.993304537276941  -39.58781361351049  -111.34762106401703  -118.67711933091951  -10.819677894916438  -171.64943926580813  -156.32377687956807  -179.55885298317878  -384.4615192755645  0.0  -16.86711240776011  -96.04339977084433  -123.53704692363453  -80.27605103288167  -95.4518922960309  -129.88409457843568  -100.48977636943974  -81.17687511092453  -20.37393114536338  -26.43905373298829  -257.1028266556142  -263.0076865294103  -189.2966557538416  -176.40760774926986  -79.53661032237002  -140.37127981821016  -227.0021955075101  -99.24106849011068  -99.77276421225866  1.0890445797093946  -2.7041918477527176  -195.2127132333627  -388.7288034101978  -124.20984395919248  -94.6099893976862  -117.10554498256315  -51.15808374052059  -52.4016245028395  -111.90886832419895  -78.87954752268826  -47.71330413766585  -117.82729295835168  -13.55828411362365  -4.031578108609285  -32.1374371118007  -23.411122755143914  -255.7763634826035  -201.85619043658335  -28.17813188844888  -289.56186330069653  -90.8202318084366  -35.91711510727404  -95.68936614150013  -3.8922534946258622  -34.079277426015636  -94.84850243769588  -161.6831916656232  -102.16394024123969  -19.396424107794125  -232.27095566119502  -101.37887403876954  -173.41763190691583  -25.795253815840894  -79.19448497146274  -111.21319593778577  
-61.83703774654957  -43.65381587637337  -102.37099140652666  -10.40164310118076  -106.51756874012068  16.32049790986911  -106.45190566485289  -43.436654890864574  -57.0886893654157  -70.31731317492633  -52.72537445685745  4.873807870483169  -22.72070120575038  -94.48050865625692  -101.81000692315939  6.047434512843672  -154.782326858048  -139.45666447180795  -162.69174057541866  -367.5944068678044  16.86711240776011  0.0  -79.17628736308423  -106.66993451587442  -63.408938625121564  -78.5847798882708  -113.01698217067556  -83.62266396167963  -64.30976270316442  -3.5068187376032682  -9.571941325228181  -240.2357142478541  -246.14057412165022  -172.4295433460815  -159.54049534150974  -62.66949791460992  -123.50416741045004  -210.13508309974998  -82.37395608235057  -82.90565180449855  17.956156987469505  14.162920560007393  -178.3456008256026  -371.86169100243774  -107.34273155143237  -77.7428769899261  -100.23843257480303  -34.29097133276048  -35.53451209507939  -95.04175591643883  -62.01243511492815  -30.84619172990574  -100.96018055059156  3.308828294136461  12.835534299150826  -15.27032470404059  -6.544010347383804  -238.90925107484338  -184.98907802882323  -11.31101948068877  -272.69475089293644  -73.95311940067648  -19.050002699513932  -78.82225373374003  12.974858913134248  -17.212165018255526  -77.98139002993577  -144.8160792578631  -85.29682783347957  -2.5293117000340146  -215.4038432534349  -84.51176163100943  -156.5505194991557  -8.928141408080783  -62.32737256370264  -94.34608353002565  
17.33924961653466  35.522471486710856  -23.194704043442428  68.77464426190346  -27.341281377036452  95.49678527295333  -27.27561830176866  35.739632472219654  22.087597997668524  8.858974188157902  26.450912906226776  84.05009523356739  56.45558615733385  -15.304221293172688  -22.633719560075164  85.22372187592791  -75.60603949496378  -60.28037710872373  -83.51545321233444  -288.4181195047202  96.04339977084433  79.17628736308423  0.0  -27.49364715279019  15.767348737962664  0.5915074748134259  -33.84069480759133  -4.446376598595407  14.866524659919804  75.66946862548096  69.60434603785605  -161.0594268847699  -166.964286758566  -93.25325598299726  -80.36420797842551  16.506789448474308  -44.32788004736581  -130.95879573666576  -3.197668719266346  -3.7293644414143188  97.13244435055373  93.33920792309162  -99.16931346251836  -292.6854036393535  -28.166444188348137  1.4334103731581251  -21.0621452117188  44.88531603032375  43.641775268004835  -15.865468553354603  17.163852248156076  48.33009563317849  -21.78389318750733  82.48511565722069  92.01182166223505  63.90596265904364  72.63227701570042  -159.73296371175917  -105.812790665739  67.86526788239546  -193.51846352985223  5.223167962407743  60.126284663570296  0.354033629344201  92.15114627621847  61.9641223448287  1.194897333148461  -65.63979189477887  -6.1205404703953405  76.64697566305021  -136.2275558903507  -5.335474267925207  -77.37423213607148  70.24814595500345  16.84891479938159  -15.169796166941424  
44.83289676932485  63.016118639501045  4.298943109347761  96.26829141469366  0.15236577575373644  122.99043242574353  0.21802885102152914  63.23327962500984  49.58124515045871  36.35262134094809  53.944560059016965  111.5437423863576  83.94923331012404  12.1894258596175  4.8599275927150245  112.71736902871808  -48.11239234217359  -32.78672995593354  -56.02180605954425  -260.92447235193004  123.53704692363453  106.66993451587442  27.49364715279019  0.0  43.26099589075285  28.085154627603615  -6.347047654801145  23.04727055419478  42.36017181270999  103.16311577827115  97.09799319064624  -133.5657797319797  -139.4706396057758  -65.75960883020707  -52.87056082563532  44.0004366012645  -16.83423289457562  -103.46514858387556  24.295978433523842  23.76428271137587  124.62609150334393  120.83285507588181  -71.67566630972817  -265.19175648656335  -0.6727970355579487  28.927057525948314  6.431501941071389  72.37896318311394  71.13542242079502  11.628178599435586  44.657499400946264  75.82374278596868  5.709753965282857  109.97876281001088  119.50546881502524  91.39960981183383  100.12592416849061  -132.23931655896897  -78.31914351294881  95.35891503518565  -166.02481637706202  32.71681511519793  87.61993181636049  27.84768078213439  119.64479342900867  89.4577694976189  28.68854448593865  -38.14614474198868  21.373106682394848  104.1406228158404  -108.73390873756048  22.15817288486498  -49.880584983281295  97.74179310779363  44.34256195217178  12.323850985848765  
1.571900878571995  19.755122748748192  -38.96205278140509  53.007295523940805  -43.108630114999116  79.72943653499067  -43.04296703973132  19.97228373425699  6.320249259705861  -6.908374549804762  10.683564168264112  68.28274649560473  40.688237419371184  -31.07157003113535  -38.40106829803783  69.45637313796524  -91.37338823292644  -76.04772584668639  -99.2828019502971  -304.1854682426829  80.27605103288167  63.408938625121564  -15.767348737962664  -43.26099589075285  0.0  -15.175841263149238  -49.608043545554  -20.21372533655807  -0.9008240780428594  59.902119887518296  53.83699729989338  -176.82677562273255  -182.73163549652867  -109.02060472095992  -96.13155671638818  0.7394407105116443  -60.09522878532847  -146.72614447462843  -18.96501745722901  -19.496713179376982  81.36509561259106  77.57185918512896  -114.93666220048102  -308.4527523773162  -43.9337929263108  -14.333938364804538  -36.82949394968146  29.117967292361087  27.87442653004217  -31.632817291317266  1.396503510193412  32.562746895215824  -37.551241925469995  66.71776691925803  76.24447292427239  48.138613921080974  56.86492827773776  -175.50031244972183  -121.58013940370166  52.097919144432794  -209.2858122678149  -10.54418077555492  44.35893592560763  -15.413315108618463  76.3837975382558  46.19677360686604  -14.572451404814203  -81.40714063274153  -21.887889208358004  60.87962692508755  -151.99490462831335  -21.10282300588787  -93.14158087403415  54.48079721704078  1.0815660614189255  -30.937144904904088  
