Height_Data

node	height
0	131.97215219959472
1	93.34103677957587
2	42.5047173460846
3	361.23906675882114
4	100.6720033217622
5	465.785305132205
6	82.15683657786519
7	50.19727820615378
8	55.673610753504086
9	356.4753016868906
10	100.65299863393228
11	61.55449318040159
12	144.91499021487854
13	81.97997084444455
14	133.97982080345923
15	57.76071399239551
16	49.67126868338378
17	396.47712077806744
18	189.4016094931724
19	60.602919406934845
20	40.94731460253836
21	44.371591346659585
22	122.17949768676525
23	159.408921741181
24	88.39468638032079
25	70.42487426771464
26	60.63236439315459
27	96.75839289300595
28	102.84481000087814
29	120.89659284191963
30	67.42271534223958
31	105.63481837161244
32	67.53214792833019
33	34.264817809867
34	243.91571865641455
35	62.001704179489195
36	67.56224420944235
37	130.8850389511816
38	88.00687375825454
39	67.88591201255008
40	64.41894989694522
41	79.13643991510669
42	24.371023544560654
43	34.22728276806425
44	41.53867344447206
45	134.87569394224928
46	79.70409495806918
47	127.32852843015557
48	79.70409495806918
49	75.17006156982373
50	413.31000033588293
51	112.4399528347515
52	89.14515431731913
53	73.05313227284823
54	33.24099153168396
55	168.7678683244426
56	87.6454359966363
57	56.50172491717793
58	45.832263652545606
59	339.87198643033383
60	88.8179658118548
61	124.075326503809
62	62.3796573662744
63	133.79997537002828
64	54.89413431261187
65	135.6555910205781
66	154.87297137638032
67	159.7581198368733
68	42.807465570247636
69	118.15517755757395
70	67.81972726837196
71	361.5794596335831
72	179.28984409010164
73	210.62430966046983
74	107.71254282357951
75	86.55381962884896



height_matrix
0.0  38.631115420018844  89.46743485351013  -229.26691455922642  31.300148877832513  -333.81315293261025  49.815315621729525  81.77487399344093  76.29854144609064  -224.50314948729587  31.319153565662432  70.41765901919312  -12.942838015283826  49.992181355150166  -2.0076686038645164  74.21143820719921  82.30088351621094  -264.5049685784727  -57.429457293577684  71.36923279265987  91.02483759705635  87.60056085293513  9.792654512829472  -27.436769541586273  43.577465819273925  61.547277931880075  71.33978780644013  35.21375930658877  29.127342198716576  11.07555935767509  64.54943685735513  26.337333827982278  64.44000427126453  97.70733438972772  -111.94356645681984  69.97044802010552  64.40990799015236  1.087113248413118  43.965278441340175  64.08624018704464  67.5532023026495  52.835712284488025  107.60112865503406  97.74486943153047  90.43347875512265  -2.9035417426545678  52.26805724152554  4.643623769439145  52.26805724152554  56.80209062977099  -281.33784813628824  19.532199364843223  42.82699788227559  58.919019926746486  98.73116066791076  -36.79571612484787  44.32671620295842  75.47042728241678  86.13988854704911  -207.89983423073912  43.15418638773991  7.896825695785722  69.59249483332032  -1.827823170433561  77.07801788698285  -3.6834388209833833  -22.900819176785603  -27.78596763727859  89.16468662934707  13.816974642020767  64.15242493122275  -229.60730743398838  -47.31769189050692  -78.65215746087512  24.259609376015206  45.41833257074576  
-38.631115420018844  0.0  50.836319433491276  -267.8980299792453  -7.3309665421863315  -372.44426835262914  11.18420020171068  43.14375857342209  37.66742602607179  -263.13426490731473  -7.3119618543564115  31.78654359917428  -51.57395343530267  11.361065935131322  -40.63878402388336  35.580322787180364  43.669768096192094  -303.1360839984916  -96.06057271359653  32.73811737264103  52.39372217703751  48.96944543291629  -28.838460907189372  -66.06788496160512  4.946350399255081  22.91616251186123  32.708672386421284  -3.417356113430074  -9.503773221302268  -27.555556062343754  25.91832143733629  -12.293781592036567  25.808888851245683  59.076218969708876  -150.57468187683867  31.339332600086678  25.77879257013352  -37.544002171605726  5.334163021321331  25.455124767025794  28.92208688263065  14.204596864469181  68.97001323501522  59.113754011511624  51.80236333510381  -41.53465716267341  13.636941821506696  -33.9874916505797  13.636941821506696  18.170975209752143  -319.9689635563071  -19.09891605517562  4.195882462256748  20.287904506727642  60.10004524789191  -75.42683154486672  5.695600782939579  36.83931186239794  47.50877312703027  -246.53094965075798  4.523070967721068  -30.734289724233122  30.961379413301472  -40.458938590452405  38.446902466964005  -42.31455424100223  -61.53193459680445  -66.41708305729743  50.53357120932824  -24.814140777998077  25.52130951120391  -268.23842285400724  -85.94880731052577  -117.28327288089396  -14.371506044003638  6.787217150726917  
-89.46743485351013  -50.836319433491276  0.0  -318.73434941273655  -58.16728597567761  -423.2805877861204  -39.652119231780595  -7.692560860069186  -13.168893407419489  -313.970584340806  -58.14828128784769  -19.049775834316996  -102.41027286879395  -39.475253498359955  -91.47510345737464  -15.255996646310912  -7.1665513372991825  -353.97240343198285  -146.8968921470878  -18.098202060850248  1.557402743546234  -1.8668740005749882  -79.67478034068066  -116.9042043950964  -45.889969034236195  -27.920156921630046  -18.127647047069992  -54.25367554692135  -60.340092654793544  -78.39187549583502  -24.917997996154988  -63.13010102552784  -25.027430582245593  8.2398995362176  -201.41100131032997  -19.4969868334046  -25.057526863357758  -88.38032160509701  -45.502156412169946  -25.381194666465483  -21.914232550860625  -36.631722569022095  18.133693801523943  8.277434578020348  0.9660439016125366  -92.3709765961647  -37.19937761198458  -84.82381108407097  -37.19937761198458  -32.66534422373913  -370.80528298979834  -69.9352354886669  -46.64043697123453  -30.548414926763634  9.263725814400637  -126.263150978358  -45.1407186505517  -13.997007571093334  -3.3275463064610094  -297.36726908424924  -46.31324846577021  -81.57060915772439  -19.874940020189804  -91.29525802394369  -12.389416966527271  -93.15087367449351  -112.36825403029573  -117.25340249078872  -0.3027482241630395  -75.65046021148936  -25.315009922287366  -319.0747422874985  -136.78512674401705  -168.11959231438524  -65.20782547749491  -44.04910228276436  
229.26691455922642  267.8980299792453  318.73434941273655  0.0  260.56706343705895  -104.54623837338386  279.08223018095595  311.04178855266736  305.56545600531706  4.76376507193055  260.58606812488887  299.68457357841953  216.3240765439426  279.2590959143766  227.2592459553619  303.47835276642564  311.56779807543734  -35.238054019246306  171.83745726564874  300.6361473518863  320.29175215628277  316.8674754121615  239.0595690720559  201.83014501764015  272.8443803785003  290.8141924911065  300.60670236566654  264.4806738658152  258.394256757943  240.3424739169015  293.81635141658154  255.6042483872087  293.70691883049096  326.97424894895414  117.32334810240658  299.23736257933194  293.6768225493788  230.35402780763954  273.2321930005666  293.35315474627106  296.82011686187593  282.10262684371446  336.86804321426047  327.0117839907569  319.70039331434907  226.36337281657185  281.534971800752  233.91053832866555  281.534971800752  286.0690051889974  -52.070933577061794  248.79911392406964  272.093912441502  288.1859344859729  327.9980752271372  192.47119843437855  273.59363076218483  304.73734184164323  315.40680310627556  21.367080328487305  272.42110094696636  237.16374025501216  298.85940939254675  227.43909138879286  306.34493244620927  225.58347573824304  206.36609538244082  201.48094692194783  318.4316011885735  243.0838892012472  293.41933949044915  -0.34039287476196023  181.9492226687195  150.6147570983513  253.52652393524164  274.6852471299722  
-31.300148877832513  7.3309665421863315  58.16728597567761  -260.56706343705895  0.0  -365.1133018104428  18.515166743897012  50.47472511560842  44.99839256825812  -255.8032983651284  0.01900468782991993  39.11751014136061  -44.24298689311634  18.692032477317653  -33.30781748169703  42.911289329366696  51.000734638378425  -295.80511745630525  -88.7296061714102  40.06908391482736  59.72468871922384  56.30041197510262  -21.50749436500304  -58.736918419418785  12.277316941441413  30.247129054047562  40.039638928607616  3.9136104287562574  -2.1728066791159364  -20.224589520157423  33.24928797952262  -4.962815049850235  33.139855393432015  66.40718551189521  -143.24371533465234  38.67029914227301  33.10975911231985  -30.213035629419394  12.665129563507662  32.786091309212125  36.25305342481698  21.535563406655513  76.30097977720155  66.44472055369795  59.133329877290144  -34.20369062048708  20.967908363693027  -26.656525108393367  20.967908363693027  25.501941751938475  -312.63799701412074  -11.76794951298929  11.52684900444308  27.618871048913974  67.43101179007824  -68.09586500268038  13.02656732512591  44.17027840458427  54.8397396692166  -239.19998310857164  11.8540375099074  -23.40332318204679  38.292345955487804  -33.127972048266074  45.777869009150336  -34.983587698815896  -54.200968054618116  -59.0861165151111  57.86453775151457  -17.483174235811745  32.85227605339024  -260.9074563118209  -78.61784076833943  -109.95230633870763  -7.040539501817307  14.118183692913249  
333.81315293261025  372.44426835262914  423.2805877861204  104.54623837338386  365.1133018104428  0.0  383.6284685543398  415.5880269260512  410.1116943787009  109.31000344531441  365.1323064982727  404.2308119518034  320.8703149173265  383.80533428776045  331.80548432874576  408.0245911398095  416.1140364488212  69.30818435413755  276.38369563903257  405.18238572527014  424.8379905296666  421.4137137855454  343.6058074454397  306.376383391024  377.3906187518842  395.36043086449035  405.1529407390504  369.0269122391991  362.9404951313269  344.88871229028535  398.3625897899654  360.15048676059257  398.2531572038748  431.520487322338  221.86958647579044  403.7836009527158  398.22306092276267  334.9002661810234  377.77843137395047  397.8993931196549  401.3663552352598  386.6488652170983  441.4142815876443  431.55802236414075  424.24663168773293  330.90961118995574  386.08121017413583  338.4567767020494  386.08121017413583  390.61524356238124  52.475304796322064  353.3453522974535  376.6401508148859  392.73217285935675  432.54431360052104  297.0174368077624  378.1398691355687  409.2835802150271  419.9530414796594  125.91331870187116  376.9673393203502  341.709978628396  403.4056477659306  331.9853297621767  410.8911708195931  330.12971411162687  310.91233375582465  306.0271852953317  422.97783956195735  347.63012757463105  397.965577863833  104.2058454986219  286.49546104210333  255.16099547173516  358.0727623086255  379.23148550335605  
-49.815315621729525  -11.18420020171068  39.652119231780595  -279.08223018095595  -18.515166743897012  -383.6284685543398  0.0  31.95955837171141  26.483225824361107  -274.3184651090254  -18.496162056067092  20.6023433974636  -62.75815363701335  0.17686573342064094  -51.82298422559404  24.396122585469683  32.48556789448141  -314.32028420020225  -107.24477291530721  21.553917170930347  41.20952197532683  37.78524523120561  -40.02266110890005  -77.2520851633158  -6.2378498024555995  11.73196231015055  21.524472184710604  -14.601556315140755  -20.68797342301295  -38.739756264054435  14.734121235625608  -23.477981793747247  14.624688649535003  47.892018767998195  -161.75888207854936  20.155132398375997  14.594592368422838  -48.72820237331641  -5.85003718038935  14.270924565315113  17.73788668091997  3.0203966627585004  57.785813033304535  47.92955380980094  40.61816313339313  -52.71885736438409  2.452741619796015  -45.17169185229038  2.452741619796015  6.986775008041462  -331.15316375801774  -30.283116256886302  -6.988317739453933  9.103704305016961  48.91584504618123  -86.6110317465774  -5.488599418771102  25.65511166068726  36.324572925319586  -257.71514985246864  -6.661129233989612  -41.9184899259438  19.77717921159079  -51.643138792163086  27.262702265253324  -53.49875444271291  -72.71613479851513  -77.60128325900811  39.349371007617556  -35.99834097970876  14.33710930949323  -279.4226230557179  -97.13300751223645  -128.46747308260464  -25.55570624571432  -4.3969830509837635  
-81.77487399344093  -43.14375857342209  7.692560860069186  -311.04178855266736  -50.47472511560842  -415.5880269260512  -31.95955837171141  0.0  -5.476332547350303  -306.2780234807368  -50.4557204277785  -11.35721497424781  -94.71771200872476  -31.78269263829077  -83.78254259730545  -7.563435786241726  0.5260095227700035  -346.27984257191366  -139.20433128701862  -10.405641200781062  9.24996360361542  5.825686859494198  -71.98221948061146  -109.2116435350272  -38.19740817416701  -20.22759606156086  -10.435086187000806  -46.561114686852164  -52.64753179472436  -70.69931463576584  -17.2254371360858  -55.43754016545866  -17.334869722176407  15.932460396286785  -193.71844045026077  -11.804425973335412  -17.364966003288572  -80.68776074502782  -37.80959555210076  -17.688633806396297  -14.221671690791439  -28.93916170895291  25.82625466159313  15.969995438089533  8.658604761681723  -84.6784157360955  -29.506816751915395  -77.13125022400179  -29.506816751915395  -24.972783363669947  -363.11272212972915  -62.24267462859771  -38.94787611116534  -22.855854066694448  16.956286674469823  -118.5705901182888  -37.44815779048251  -6.304446711024148  4.365014553608177  -289.67470822418005  -38.62068760570102  -73.87804829765521  -12.182379160120618  -83.6026971638745  -4.696856106458085  -85.45831281442432  -104.67569317022654  -109.56084163071952  7.3898126359061465  -67.95789935142017  -17.62244906221818  -311.3821814274293  -129.09256588394786  -160.42703145431605  -57.51526461742573  -36.35654142269517  
-76.29854144609064  -37.66742602607179  13.168893407419489  -305.56545600531706  -44.99839256825812  -410.1116943787009  -26.483225824361107  5.476332547350303  0.0  -300.8016909333865  -44.9793878804282  -5.880882426897507  -89.24137946137446  -26.306360090940466  -78.30621004995515  -2.087103238891423  6.0023420701203065  -340.80351002456337  -133.72799873966832  -4.929308653430759  14.726296150965723  11.3020194068445  -66.50588693326117  -103.73531098767691  -32.721075626816706  -14.751263514210557  -4.958753639650503  -41.08478213950186  -47.171199247374055  -65.22298208841553  -11.749104588735499  -49.961207618108354  -11.858537174826104  21.40879294363709  -188.24210790291048  -6.328093425985109  -11.888633455938269  -75.21142819767752  -32.33326300475046  -12.212301259045994  -8.745339143441136  -23.462829161602606  31.302587208943432  21.446327985439837  14.134937309032026  -79.2020831887452  -24.03048420456509  -71.65491767665148  -24.03048420456509  -19.496450816319644  -357.63638958237885  -56.76634208124741  -33.47154356381504  -17.379521519344145  22.432619221820126  -113.09425757093851  -31.97182524313221  -0.8281141636738454  9.84134710095848  -284.19837567682976  -33.14435505835072  -68.4017157503049  -6.706046612770315  -78.1263646165242  0.7794764408922177  -79.98198026707402  -99.19936062287624  -104.08450908336923  12.86614518325645  -62.481566804069864  -12.146116514867877  -305.905848880079  -123.61623333659756  -154.95069890696575  -52.038932070075425  -30.88020887534487  
224.50314948729587  263.13426490731473  313.970584340806  -4.76376507193055  255.8032983651284  -109.31000344531441  274.3184651090254  306.2780234807368  300.8016909333865  0.0  255.82230305295832  294.920808506489  211.56031147201205  274.49533084244604  222.49548088343136  298.7145876944951  306.8040330035068  -40.001819091176856  167.0736921937182  295.87238227995573  315.5279870843522  312.10371034023103  234.29580400012534  197.0663799457096  268.0806153065698  286.05042741917595  295.842937293736  259.7169087938846  253.63049168601245  235.57870884497095  289.052586344651  250.84048331527816  288.9431537585604  322.2104838770236  112.55958303047603  294.4735975074014  288.9130574774482  225.590262735709  268.46842792863606  288.5893896743405  292.0563517899454  277.3388617717839  332.1042781423299  322.24801891882635  314.9366282424185  221.5996077446413  276.7712067288214  229.146773256735  276.7712067288214  281.3052401170669  -56.834698648992344  244.0353488521391  267.3301473695715  283.42216941404234  323.23431015520663  187.707433362448  268.8298656902543  299.9735767697127  310.64303803434495  16.603315256556755  267.65733587503576  232.3999751830816  294.0956443206162  222.6753263168623  301.5811673742787  220.8197106663125  201.60233031051027  196.71718185001728  313.66783611664295  238.32012412931664  288.65557441851865  -5.10415794669251  177.18545759678895  145.85099202642076  248.7627588633111  269.92148205804165  
-31.319153565662432  7.3119618543564115  58.14828128784769  -260.58606812488887  -0.01900468782991993  -365.1323064982727  18.496162056067092  50.4557204277785  44.9793878804282  -255.82230305295832  0.0  39.09850545353069  -44.26199158094626  18.673027789487733  -33.32682216952695  42.892284641536776  50.981729950548505  -295.8241221441352  -88.74861085924012  40.05007922699744  59.70568403139392  56.2814072872727  -21.52649905283296  -58.755923107248705  12.258312253611493  30.228124366217642  40.020634240777696  3.8946057409263375  -2.1918113669458563  -20.243594207987343  33.2302832916927  -4.981819737680155  33.120850705602095  66.38818082406529  -143.26272002248226  38.65129445444309  33.09075442448993  -30.232040317249314  12.646124875677742  32.767086621382205  36.23404873698706  21.516558718825593  76.28197508937163  66.42571586586803  59.114325189460224  -34.222695308317  20.948903675863107  -26.675529796223287  20.948903675863107  25.482937064108555  -312.65700170195066  -11.78695420081921  11.50784431661316  27.599866361084054  67.41200710224832  -68.1148696905103  13.00756263729599  44.15127371675435  54.82073498138668  -239.21898779640156  11.83503282207748  -23.42232786987671  38.273341267657884  -33.14697673609599  45.75886432132042  -35.002592386645816  -54.219972742448036  -59.10512120294102  57.84553306368465  -17.502178923641665  32.83327136556032  -260.9264609996508  -78.63684545616935  -109.97131102653755  -7.059544189647227  14.099179005083329  
-70.41765901919312  -31.78654359917428  19.049775834316996  -299.68457357841953  -39.11751014136061  -404.2308119518034  -20.6023433974636  11.35721497424781  5.880882426897507  -294.920808506489  -39.09850545353069  0.0  -83.36049703447695  -20.42547766404296  -72.42532762305764  3.7937791880060843  11.883224497017814  -334.92262759766584  -127.84711631277081  0.9515737734667482  20.60717857786323  17.182901833742008  -60.62500450636365  -97.8544285607794  -26.8401931999192  -8.87038108731305  0.9221287872470043  -35.203899712604354  -41.29031682047655  -59.342099661518034  -5.868222161837991  -44.08032519121085  -5.977654747928597  27.289675370534596  -182.36122547601298  -0.4472109990876021  -6.007751029040762  -69.33054577078  -26.45238057785295  -6.331418832148486  -2.8644567165436285  -17.5819467347051  37.183469635840936  27.327210412337344  20.015819735929533  -73.32120076184769  -18.149601777667584  -65.77403524975398  -18.149601777667584  -13.615568389422137  -351.7555071554813  -50.8854596543499  -27.590661136917532  -11.498639092446638  28.313501648717633  -107.213375144041  -26.0909428162347  5.052768263223662  15.722229527855987  -278.3174932499322  -27.26347263145321  -62.5208333234074  -0.8251641858728078  -72.24548218962668  6.660358867789725  -74.10109784017651  -93.31847819597873  -98.20362665647171  18.747027610153957  -56.60068437717236  -6.26523408797037  -300.0249664531815  -117.73535090970005  -149.06981648006825  -46.15804964317792  -24.999326448447363  
12.942838015283826  51.57395343530267  102.41027286879395  -216.3240765439426  44.24298689311634  -320.8703149173265  62.75815363701335  94.71771200872476  89.24137946137446  -211.56031147201205  44.26199158094626  83.36049703447695  0.0  62.93501937043399  10.93516941141931  87.15427622248303  95.24372153149477  -251.5621305631889  -44.48661927829386  84.3120708079437  103.96767561234017  100.54339886821896  22.735492528113298  -14.493931526302447  56.52030383455775  74.4901159471639  84.28262582172395  48.156597321872596  42.0701802140004  24.018397372958916  77.49227487263896  39.2801718432661  77.38284228654835  110.65017240501155  -99.00072844153601  82.91328603538935  77.35274600543619  14.029951263696944  56.908116456624  77.02907820232846  80.49604031793332  65.77855029977185  120.54396667031789  110.6877074468143  103.37631677040648  10.039296272629258  65.21089525680937  17.58646178472297  65.21089525680937  69.74492864505481  -268.39501012100436  32.47503738012705  55.76983589755942  71.86185794203031  111.67399868319458  -23.852878109564045  57.26955421824225  88.4132652977006  99.08272656233294  -194.9569962154553  56.09702440302374  20.839663711069548  82.53533284860414  11.115014844850265  90.02085590226667  9.259399194300443  -9.957981161501777  -14.843129621994763  102.1075246446309  26.759812657304593  77.09526294650658  -216.66446941870456  -34.374853875223096  -65.70931944559129  37.20244739129903  58.36117058602959  
-49.992181355150166  -11.361065935131322  39.475253498359955  -279.2590959143766  -18.692032477317653  -383.80533428776045  -0.17686573342064094  31.78269263829077  26.306360090940466  -274.49533084244604  -18.673027789487733  20.42547766404296  -62.93501937043399  0.0  -51.99984995901468  24.219256852049043  32.30870216106077  -314.4971499336229  -107.42163864872785  21.377051437509706  41.03265624190619  37.608379497784966  -40.199526842320694  -77.42895089673644  -6.41471553587624  11.555096576729909  21.347606451289963  -14.778422048561396  -20.86483915643359  -38.916621997475076  14.557255502204967  -23.654847527167888  14.447822916114362  47.715153034577554  -161.93574781197  19.978266664955356  14.417726635002197  -48.90506810673705  -6.026902913809991  14.094058831894472  17.56102094749933  2.8435309293378594  57.608947299883894  47.7526880763803  40.44129739997249  -52.89572309780473  2.275875886375374  -45.34855758571102  2.275875886375374  6.809909274620821  -331.3300294914384  -30.459981990306943  -7.165183472874574  8.92683857159632  48.73897931276059  -86.78789747999804  -5.665465152191743  25.47824592726662  36.147707191898945  -257.8920155858893  -6.837994967410253  -42.095355659364444  19.60031347817015  -51.82000452558373  27.085836531832683  -53.67562017613355  -72.89300053193577  -77.77814899242875  39.172505274196915  -36.1752067131294  14.160243576072588  -279.59948878913855  -97.30987324565709  -128.64433881602528  -25.73257197913496  -4.5738487844044045  
2.0076686038645164  40.63878402388336  91.47510345737464  -227.2592459553619  33.30781748169703  -331.80548432874576  51.82298422559404  83.78254259730545  78.30621004995515  -222.49548088343136  33.32682216952695  72.42532762305764  -10.93516941141931  51.99984995901468  0.0  76.21910681106372  84.30855212007546  -262.4972999746082  -55.42178868971317  73.37690139652439  93.03250620092086  89.60822945679965  11.800323116693988  -25.429100937721756  45.58513442313844  63.55494653574459  73.34745641030464  37.221427910453286  31.135010802581093  13.083227961539606  66.55710546121965  28.345002431846794  66.44767287512904  99.71500299359224  -109.93589785295532  71.97811662397004  66.41757659401688  3.0947818522776345  45.97294704520469  66.09390879090915  69.56087090651401  54.84338088835254  109.60879725889858  99.75253803539499  92.44114735898717  -0.8958731387900514  54.275725845390056  6.6512923733036615  54.275725845390056  58.8097592336355  -279.3301795324237  21.53986796870774  44.83466648614011  60.926688530611  100.73882927177527  -34.788047520983355  46.33438480682294  77.4780958862813  88.14755715091363  -205.8921656268746  45.16185499160443  9.904494299650239  71.60016343718483  0.17984543343095538  79.08568649084737  -1.6757702171188669  -20.893150572921087  -25.778299033414072  91.17235523321159  15.824643245885284  66.16009353508727  -227.59963883012387  -45.310023286642405  -76.6444888570106  26.267277979879722  47.42600117461028  
-74.21143820719921  -35.580322787180364  15.255996646310912  -303.47835276642564  -42.911289329366696  -408.0245911398095  -24.396122585469683  7.563435786241726  2.087103238891423  -298.7145876944951  -42.892284641536776  -3.7937791880060843  -87.15427622248303  -24.219256852049043  -76.21910681106372  0.0  8.08944530901173  -338.71640678567195  -131.64089550077688  -2.842205414539336  16.813399389857146  13.389122645735924  -64.41878369436974  -101.64820774878548  -30.633972387925283  -12.664160275319134  -2.87165040075908  -38.99767890061044  -45.08409600848263  -63.13587884952412  -9.662001349844076  -47.87410437921693  -9.771433935934681  23.49589618252851  -186.15500466401903  -4.240990187093686  -9.801530217046846  -73.12432495878609  -30.246159765859034  -10.12519802015457  -6.658235904549713  -21.375725922711183  33.38969044783485  23.53343122433126  16.22204054792345  -77.11497994985378  -21.94338096567367  -69.56781443776006  -21.94338096567367  -17.40934757742822  -355.54928634348744  -54.679238842355986  -31.384440324923617  -15.292418280452722  24.51972246071155  -111.00715433204708  -29.884722004240786  1.2589890752175776  11.928450339849903  -282.11127243793834  -31.057251819459296  -66.31461251141349  -4.618943373878892  -76.03926137763277  2.8665796797836407  -77.89487702818259  -97.11225738398481  -101.9974058444778  14.953248422147873  -60.39446356517844  -10.059013275976454  -303.8187456411876  -121.52913009770613  -152.8635956680743  -49.951828831184  -28.793105636453447  
-82.30088351621094  -43.669768096192094  7.1665513372991825  -311.56779807543734  -51.000734638378425  -416.1140364488212  -32.48556789448141  -0.5260095227700035  -6.0023420701203065  -306.8040330035068  -50.981729950548505  -11.883224497017814  -95.24372153149477  -32.30870216106077  -84.30855212007546  -8.08944530901173  0.0  -346.80585209468364  -139.73034080978863  -10.931650723551066  8.723954080845417  5.299677336724194  -72.50822900338147  -109.73765305779722  -38.72341769693701  -20.753605584330863  -10.96109570977081  -47.08712420962217  -53.17354131749436  -71.22532415853584  -17.751446658855805  -55.96354968822866  -17.86087924494641  15.406450873516782  -194.24444997303078  -12.330435496105416  -17.890975526058575  -81.21377026779783  -38.33560507487076  -18.2146433291663  -14.747681213561442  -29.465171231722913  25.300245138823126  15.44398591531953  8.132595238911719  -85.20442525886551  -30.032826274685398  -77.65725974677179  -30.032826274685398  -25.49879288643995  -363.63873165249913  -62.768684151367715  -39.473885633935346  -23.38186358946445  16.43027715169982  -119.09659964105882  -37.974167313252515  -6.830456233794152  3.839005030838173  -290.20071774695003  -39.146697128471025  -74.40405782042521  -12.708388682890622  -84.1287066866445  -5.222865629228089  -85.98432233719433  -105.20170269299655  -110.08685115348953  6.863803113136143  -68.48390887419018  -18.148458584988184  -311.9081909501993  -129.61857540671787  -160.95304097708606  -58.04127414019573  -36.88255094546518  
264.5049685784727  303.1360839984916  353.97240343198285  35.238054019246306  295.80511745630525  -69.30818435413755  314.32028420020225  346.27984257191366  340.80351002456337  40.001819091176856  295.8241221441352  334.92262759766584  251.5621305631889  314.4971499336229  262.4972999746082  338.71640678567195  346.80585209468364  0.0  207.07551128489504  335.8742013711326  355.5298061755291  352.10552943140783  274.29762309130217  237.06819903688645  308.0824343977466  326.0522465103528  335.84475638491284  299.7187278850615  293.63231077718933  275.5805279361478  329.05440543582785  290.842302406455  328.94497284973727  362.21230296820045  152.5614021216529  334.47541659857825  328.9148765686251  265.5920818268859  308.4702470198129  328.59120876551737  332.05817088112224  317.34068086296077  372.1060972335068  362.2498380100032  354.9384473335954  261.6014268358182  316.7730258199983  269.14859234791186  316.7730258199983  321.3070592082437  -16.832879557815488  284.0371679433159  307.33196646074833  323.4239885052192  363.2361292463835  227.70925245362486  308.83168478143114  339.97539586088953  350.64485712552187  56.60513434773361  307.65915496621267  272.40179427425846  334.09746341179306  262.67714540803917  341.5829864654556  260.8215297574893  241.60414940168712  236.71900094119414  353.6696552078198  278.3219432204935  328.65739350969545  34.897661144484346  217.1872766879658  185.8528111175976  288.76457795448795  309.9233011492185  
57.429457293577684  96.06057271359653  146.8968921470878  -171.83745726564874  88.7296061714102  -276.38369563903257  107.24477291530721  139.20433128701862  133.72799873966832  -167.0736921937182  88.74861085924012  127.84711631277081  44.48661927829386  107.42163864872785  55.42178868971317  131.64089550077688  139.73034080978863  -207.07551128489504  0.0  128.79869008623757  148.45429489063403  145.03001814651282  67.22211180640716  29.99268775199141  101.00692311285161  118.97673522545776  128.76924510001783  92.64321660016645  86.55679949229426  68.50501665125277  121.97889415093282  83.76679112155996  121.86946156484221  155.1367916833054  -54.51410916324215  127.3999053136832  121.83936528373005  58.5165705419908  101.39473573491786  121.51569748062232  124.98265959622718  110.26516957806571  165.03058594861176  155.17432672510816  147.86293604870033  54.525915550923116  109.69751453510322  62.07308106301683  109.69751453510322  114.23154792334867  -223.90839084271053  76.9616566584209  100.25645517585328  116.34847722032417  156.16061796148844  20.633741168729813  101.7561734965361  132.89988457599446  143.5693458406268  -150.47037693716143  100.5836436813176  65.3262829893634  127.021952126898  55.60163412314412  134.50747518056053  53.7460184725943  34.52863811679208  29.643489656299096  146.59414392292476  71.24643193559845  121.58188222480044  -172.1778501404107  10.111765403070763  -21.222700167297432  81.68906666959289  102.84778986432345  
-71.36923279265987  -32.73811737264103  18.098202060850248  -300.6361473518863  -40.06908391482736  -405.18238572527014  -21.553917170930347  10.405641200781062  4.929308653430759  -295.87238227995573  -40.05007922699744  -0.9515737734667482  -84.3120708079437  -21.377051437509706  -73.37690139652439  2.842205414539336  10.931650723551066  -335.8742013711326  -128.79869008623757  0.0  19.655604804396482  16.23132806027526  -61.5765782798304  -98.80600233424614  -27.791766973385947  -9.821954860779798  -0.029444986219743896  -36.1554734860711  -42.241890593943296  -60.29367343498478  -6.8197959353047395  -45.031898964677595  -6.929228521395345  26.338101597067848  -183.31279924947972  -1.3987847725543503  -6.95932480250751  -70.28211954424675  -27.403954351319697  -7.2829926056152345  -3.8160304900103768  -18.533520508171847  36.23189586237419  26.375636638870596  19.064245962462785  -74.27277453531444  -19.101175551134332  -66.72560902322073  -19.101175551134332  -14.567142162888885  -352.7070809289481  -51.83703342781665  -28.54223491038428  -12.450212865913386  27.361927875250885  -108.16494891750774  -27.04251658970145  4.101194489756914  14.770655754389239  -279.269067023399  -28.21504640491996  -63.47240709687415  -1.776737959339556  -73.19705596309343  5.708785094322977  -75.05267161364326  -94.27005196944548  -99.15520042993846  17.79545383668721  -57.552258150639105  -7.216807861437118  -300.97654022664824  -118.6869246831668  -150.021390253535  -47.109623416644666  -25.95090022191411  
-91.02483759705635  -52.39372217703751  -1.557402743546234  -320.29175215628277  -59.72468871922384  -424.8379905296666  -41.20952197532683  -9.24996360361542  -14.726296150965723  -315.5279870843522  -59.70568403139392  -20.60717857786323  -103.96767561234017  -41.03265624190619  -93.03250620092086  -16.813399389857146  -8.723954080845417  -355.5298061755291  -148.45429489063403  -19.655604804396482  0.0  -3.4242767441212223  -81.23218308422688  -118.46160713864262  -47.44737177778243  -29.47755966517628  -19.685049790616226  -55.811078290467584  -61.89749539833978  -79.94927823938127  -26.47540073970122  -64.68750376907408  -26.584833325791827  6.682496792671365  -202.96840405387618  -21.054389576950832  -26.614929606903992  -89.93772434864323  -47.05955915571618  -26.938597410011717  -23.47163529440686  -38.18912531256833  16.57629105797771  6.7200318344741135  -0.5913588419336975  -93.92837933971092  -38.756780355530815  -86.38121382761722  -38.756780355530815  -34.22274696728537  -372.36268573334456  -71.49263823221312  -48.19783971478076  -32.10581767030987  7.706323070854403  -127.82055372190422  -46.69812139409793  -15.554410314639568  -4.884949050007243  -298.92467182779546  -47.87065120931644  -83.12801190127064  -21.432342763736038  -92.85266076748991  -13.946819710073505  -94.70827641803973  -113.92565677384195  -118.81080523433494  -1.8601509677092736  -77.20786295503558  -26.8724126658336  -320.63214503104473  -138.34252948756327  -169.67699505793146  -66.76522822104116  -45.60650502631059  
-87.60056085293513  -48.96944543291629  1.8668740005749882  -316.8674754121615  -56.30041197510262  -421.4137137855454  -37.78524523120561  -5.825686859494198  -11.3020194068445  -312.10371034023103  -56.2814072872727  -17.182901833742008  -100.54339886821896  -37.608379497784966  -89.60822945679965  -13.389122645735924  -5.299677336724194  -352.10552943140783  -145.03001814651282  -16.23132806027526  3.4242767441212223  0.0  -77.80790634010566  -115.0373303945214  -44.02309503366121  -26.053282921055057  -16.260773046495004  -52.38680154634636  -58.473218654218556  -76.52500149526004  -23.05112399558  -61.263227024952855  -23.160556581670605  10.106773536792588  -199.54412730975497  -17.63011283282961  -23.19065286278277  -86.51344760452201  -43.63528241159496  -23.514320665890494  -20.047358550285637  -34.76484856844711  20.00056780209893  10.144308578595336  2.832917902187525  -90.5041025955897  -35.33250361140959  -82.95693708349599  -35.33250361140959  -30.798470223164145  -368.9384089892234  -68.06836148809191  -44.77356297065954  -28.681540926188646  11.130599814975625  -124.396276977783  -43.27384464997671  -12.130133570518346  -1.4606723058860211  -295.5003950836742  -44.44637446519522  -79.70373515714941  -18.008066019614816  -89.4283840233687  -10.522542965952283  -91.28399967391852  -110.50138002972074  -115.38652849021372  1.5641257764119487  -73.78358621091436  -23.448135921712378  -317.2078682869235  -134.91825274344205  -166.25271831381025  -63.340951476919926  -42.18222828218937  
-9.792654512829472  28.838460907189372  79.67478034068066  -239.0595690720559  21.50749436500304  -343.6058074454397  40.02266110890005  71.98221948061146  66.50588693326117  -234.29580400012534  21.52649905283296  60.62500450636365  -22.735492528113298  40.199526842320694  -11.800323116693988  64.41878369436974  72.50822900338147  -274.29762309130217  -67.22211180640716  61.5765782798304  81.23218308422688  77.80790634010566  0.0  -37.229424054415745  33.78481130644445  51.7546234190506  61.547133293610656  25.421104793759298  19.334687685887104  1.2829048448456177  54.75678234452566  16.544679315152806  54.647349758435055  87.91467987689825  -121.73622096964931  60.17779350727605  54.61725347732289  -8.705541264416354  34.1726239285107  54.293585674215166  57.76054778982002  43.04305777165855  97.80847414220459  87.952214918701  80.64082424229318  -12.69619625548404  42.47540272869607  -5.149030743390327  42.47540272869607  47.009436116941515  -291.1305026491177  9.73954485201375  33.03434336944612  49.126365413917014  88.93850615508128  -46.58837063767734  34.53406169012895  65.6777727695873  76.34723403421964  -217.6924887435686  33.36153187491044  -1.8958288170437498  59.799840320490844  -11.620477683263033  67.28536337415338  -13.476093333812855  -32.693473689615075  -37.57862215010806  79.3720321165176  4.024320129191295  54.35977041839328  -239.39996194681785  -57.11034640333639  -88.44481197370459  14.466954863185734  35.62567805791629  
27.436769541586273  66.06788496160512  116.9042043950964  -201.83014501764015  58.736918419418785  -306.376383391024  77.2520851633158  109.2116435350272  103.73531098767691  -197.0663799457096  58.755923107248705  97.8544285607794  14.493931526302447  77.42895089673644  25.429100937721756  101.64820774878548  109.73765305779722  -237.06819903688645  -29.99268775199141  98.80600233424614  118.46160713864262  115.0373303945214  37.229424054415745  0.0  71.0142353608602  88.98404747346635  98.7765573480264  62.65052884817504  56.56411174030285  38.51232889926136  91.9862063989414  53.77410336956855  91.8767738128508  125.14410393131399  -84.50679691523356  97.4072175616918  91.84667753173864  28.52388278999939  71.40204798292645  91.52300972863091  94.98997184423577  80.2724818260743  135.03789819662035  125.18163897311675  117.87024829670892  24.533227798931705  79.70482678311181  32.08039331102542  79.70482678311181  84.23886017135726  -253.90107859470194  46.968968906429495  70.26376742386186  86.35578946833276  126.16793020949703  -9.358946583261599  71.7634857445447  102.90719682400305  113.57665808863538  -180.46306468915284  70.59095592932619  35.333595237371995  97.02926437490659  25.60894637115271  104.51478742856912  23.75333072060289  4.535950364800669  -0.34919809569231575  116.60145617093335  41.25374418360704  91.58919447280903  -202.1705378924021  -19.88092234892065  -51.215387919288844  51.69637891760148  72.85510211233203  
-43.577465819273925  -4.946350399255081  45.889969034236195  -272.8443803785003  -12.277316941441413  -377.3906187518842  6.2378498024555995  38.19740817416701  32.721075626816706  -268.0806153065698  -12.258312253611493  26.8401931999192  -56.52030383455775  6.41471553587624  -45.58513442313844  30.633972387925283  38.72341769693701  -308.0824343977466  -101.00692311285161  27.791766973385947  47.44737177778243  44.02309503366121  -33.78481130644445  -71.0142353608602  0.0  17.96981211260615  27.762321987166203  -8.363706512685155  -14.45012362055735  -32.501906461598836  20.971971038081207  -17.240131991291648  20.862538451990602  54.129868570453795  -155.52103227609376  26.392982200831597  20.832442170878437  -42.49035257086081  0.38781262206624945  20.508774367770712  23.97573648337557  9.2582464652141  64.02366283576013  54.16740361225654  46.85601293584873  -46.48100756192849  8.690591422251615  -38.93384204983478  8.690591422251615  13.224624810497062  -324.91531395556217  -24.045266454430703  -0.7504679369983336  15.341554107472561  55.15369484863683  -80.3731819441218  0.7492503836844975  31.89296146314286  42.562422727775186  -251.47730005001304  -0.42327943153401293  -35.6806401234882  26.01502901404639  -45.405288989707486  33.500552067708924  -47.26090464025731  -66.47828499605953  -71.36343345655251  45.587220810073156  -29.760491177253158  20.57495911194883  -273.1847732532623  -90.89515770978085  -122.22962328014904  -19.31785644325872  1.840866751471836  
