Height_Data

node	height
0	75.54636099685003
1	233.8308921358586
2	155.0779782872135
3	109.43377481309605
4	54.82726518290021
5	127.2790428361277
6	40.52261745290942
7	88.82698991306383
8	228.95057866272555
9	48.23401440806786
10	262.124625014915
11	74.53545914260164
12	103.4249814241129
13	65.64513849092535
14	141.22005723228745
15	119.71182533070427
16	123.45481341290782
17	75.34285892438228
18	83.81433205697383
19	90.92030337174958
20	60.35784950199483
21	71.24949727577005
22	35.13114503450061
23	156.36597276672595
24	89.05534656971206
25	35.04106610815872
26	222.1479395235514
27	49.18721661087376
28	43.289729498715566
29	204.59950327126674
30	152.25017948796813
31	88.90771493368082
32	28.78765669538452
33	157.19288756138081
34	118.94449812949162
35	215.04390226032632
36	44.58175079729103
37	99.60083373406887
38	51.19345190318638
39	80.22546438131971
40	33.385410901275655
41	74.63741792757766
42	165.25936870128922
43	167.11600715716648
44	28.626453446036095
45	157.23072101954287
46	316.60490739980065
47	84.19934106729511
48	35.56536306013107
49	126.58293329053004
50	99.42673904434886
51	309.97827896626
52	133.15028754590435
53	144.51115444930096
54	175.23987424190992
55	159.6491966393239
56	70.0770180290888
57	209.8917178196619
58	19.55409524363393
59	111.35823390790202
60	248.9661583503119
61	71.62136544449562
62	205.60027250255177
63	80.04903569100314
64	167.71176128283983
65	93.6466476527189
66	47.867150862225095
67	193.0068076536559
68	163.62829352973873
69	20.719453187503984
70	120.09137644916777
71	141.55090384828628
72	120.048293149415
73	140.629117981985
74	185.39015565732078
75	193.17643657314838



height_matrix
0.0  -553.9958589865299  -278.3606605162722  -118.60594835686106  72.51683534882434  -181.06438643747185  122.58310240379211  -46.4822012067483  -536.9147618305643  95.59321306073761  -653.0239240632275  3.5381564898693796  -97.57517149542002  34.65427877073637  -229.85793682403096  -154.57912516848984  -167.6795834562023  0.7122572536371194  -28.937898710433274  -53.80879831214844  53.15979023199321  15.039023023779919  141.45325586822295  -282.8686411945657  -47.28144950501712  141.76853211041959  -513.1055248434548  92.25700535091693  112.89821024347063  -451.6859979604585  -268.46336471891334  -46.76473877890777  163.6554650551293  -285.7628429758578  -151.89347996424556  -488.241394422167  108.3761356984565  -84.19065458026597  85.23518182782277  -16.376861845643873  147.5633253345103  3.1813007424532884  -313.9955269655371  -320.4937615611076  164.21967642784875  -285.89526007942493  -843.7049124103272  -30.28543024655778  139.93349277851635  -178.62800302788003  -83.58132316624591  -820.511712892935  -201.61374292169012  -241.37677708357825  -348.92729635770957  -294.3599247486585  19.14270038716427  -470.20874887984155  195.97293013625634  -125.34155518868198  -606.9692907371166  13.737484433240411  -455.18869026995606  -15.759361429535886  -322.57890100096427  -63.351003295541034  96.87723547118728  -411.11156329882056  -308.2867638651104  191.89417733271114  -155.90755408311207  -231.01589998002692  -155.7567625339774  -227.78964944797235  -384.45328131164763  -411.70526451704427  
553.9958589865299  0.0  275.6351984702577  435.38991062966886  626.5126943353542  372.93147254905807  676.5789613903221  507.5136577797816  17.081097155965608  649.5890720472676  -99.02806507669754  557.5340154763993  456.4206874911099  588.6501377572663  324.13792216249897  399.4167338180401  386.31627553032763  554.7081162401671  525.0579602760967  500.1870606743815  607.1556492185232  569.0348820103098  695.4491148547529  271.1272177919642  506.7144094815128  695.7643910969496  40.890334143075165  646.2528643374469  666.8940692300006  102.30986102607142  285.5324942676166  507.23112020762215  717.6513240416592  268.23301601067215  402.10237902228437  65.75446456436293  662.3719946849865  469.80520440626395  639.2310408143527  537.618997140886  701.5591843210402  557.1771597289833  240.0003320209928  233.50209742542233  718.2155354143787  268.100598907105  -289.7090534237973  523.7104287399721  693.9293517650462  375.3678559586499  470.414535820284  -266.515853906405  352.3821160648398  312.6190819029517  205.06856262882036  259.6359342378714  573.1385593736942  83.78711010668837  749.9687891227862  428.65430379784794  -52.973431750586656  567.7333434197703  98.80716871657387  538.236497556994  231.41695798556566  490.6448556909889  650.8730944577172  142.88429568770937  245.70909512141952  745.8900363192411  398.08830490341785  322.979959006503  398.23909645255253  326.2062095385576  169.5425776748823  142.29059446948565  
278.3606605162722  -275.6351984702577  0.0  159.75471215941116  350.87749586509653  97.29627407880037  400.94376292006433  231.87845930952392  -258.5541013142921  373.95387357700986  -374.66326354695525  281.8988170061416  180.7854890208522  313.0149392870086  48.50272369224126  123.78153534778238  110.68107706006992  279.07291776990934  249.42276180583895  224.55186220412378  331.52045074826543  293.39968354005214  419.8139163844952  -4.507980678293507  231.0792110112551  420.1291926266918  -234.74486432718254  370.61766586718915  391.2588707597429  -173.3253374441863  9.897295797358879  231.59592173736445  442.0161255714015  -7.4021824595855605  126.46718055202666  -209.88073390589477  386.7367962147287  194.17000593600625  363.595842344095  261.98379867062835  425.9239858507825  281.5419612587255  -35.634866449264905  -42.13310104483537  442.580336944121  -7.53459956315271  -565.344251894055  248.07523026971444  418.29415329478854  99.73265748839219  194.7793373500263  -542.1510523766627  76.7469175945821  36.98388343269397  -70.56663584143735  -15.999264232386281  297.5033609034365  -191.84808836356933  474.3335906525285  153.01910532759024  -328.60863022084436  292.09814494951263  -176.82802975368384  262.60129908673633  -44.218240484692046  215.00965722073119  375.2378959874595  -132.75090278254834  -29.926103348838183  470.25483784898336  122.45310643316014  47.3447605362453  122.60389798229482  50.57101106829987  -106.09262079537541  -133.34460400077205  
118.60594835686106  -435.38991062966886  -159.75471215941116  0.0  191.1227837056854  -62.45843808061079  241.18905076065317  72.12374715011276  -418.30881347370325  214.19916141759867  -534.4179757063664  122.14410484673044  21.03077686144104  153.26022712759743  -111.2519884671699  -35.973176811628775  -49.07363509934123  119.31820561049818  89.66804964642779  64.79715004471262  171.76573858885428  133.64497138064098  260.05920422508404  -164.26269283770466  71.32449885184394  260.37448046728065  -394.4995764865937  210.862953707778  231.5041586003317  -333.08004960359744  -149.85741636205228  71.8412095779533  282.26141341199036  -167.15689461899672  -33.287531607384494  -369.6354460653059  226.98208405531756  34.41529377659509  203.84113018468383  102.22908651121719  266.16927369137136  121.78724909931435  -195.38957860867606  -201.88781320424653  282.8256247847098  -167.28931172256387  -725.0989640534661  88.32051811030328  258.5394411353774  -60.022054671018964  35.024625190615154  -701.9057645360739  -83.00779456482906  -122.77082872671718  -230.3213480008485  -175.75397639179744  137.74864874402533  -351.6028005229805  314.5788784931174  -6.735606831820917  -488.3633423802555  132.34343279010147  -336.582741913095  102.84658692732518  -203.9729526441032  55.25494506132003  215.48318382804834  -292.5056149419595  -189.68081550824934  310.5001256895722  -37.30160572625101  -112.40995162316585  -37.15081417711633  -109.18370109111129  -265.84733295478657  -293.0993161601832  
-72.51683534882434  -626.5126943353542  -350.87749586509653  -191.1227837056854  0.0  -253.5812217862962  50.06626705496777  -118.99903655557264  -609.4315971793886  23.076377711913267  -725.5407594120518  -68.97867885895496  -170.09200684424437  -37.862556578087975  -302.3747721728553  -227.09596051731418  -240.19641880502664  -71.80457809518722  -101.45473405925762  -126.32563366097278  -19.35704511683113  -57.477812325044425  68.93642051939861  -355.38547654339004  -119.79828485384147  69.25169676159524  -585.6223601922791  19.740170002092583  40.381374894646285  -524.2028333092828  -340.98020006773766  -119.28157412773211  91.13862970630494  -358.2796783246821  -224.4103153130699  -560.7582297709913  35.85930034963215  -156.70748992909031  12.718346478998427  -88.89369719446822  75.04648998568597  -69.33553460637106  -386.51236231436144  -393.0105969099319  91.70284107902442  -358.41209542824924  -916.2217477591515  -102.80226559538212  67.41665742969201  -251.14483837670437  -156.09815851507025  -893.0285482417593  -274.13057827051443  -313.8936124324026  -421.4441317065339  -366.8767600974828  -53.374134961660076  -542.7255842286659  123.456094787432  -197.85839053750632  -679.4861260859409  -58.77935091558393  -527.7055256187804  -88.27619677836023  -395.0957363497886  -135.86783864436538  24.360400122362933  -483.6283986476449  -380.8035992139347  119.37734198388681  -228.42438943193642  -303.53273532885123  -228.27359788280174  -300.30648479679667  -456.97011666047194  -484.2220998658686  
181.06438643747185  -372.93147254905807  -97.29627407880037  62.45843808061079  253.5812217862962  0.0  303.64748884126396  134.58218523072355  -355.85037539309246  276.6575994982095  -471.9595376257556  184.60254292734123  83.48921494205183  215.71866520820822  -48.793550386559104  26.485261268982015  13.384802981269559  181.77664369110897  152.12648772703858  127.25558812532341  234.22417666946507  196.10340946125177  322.51764230569484  -101.80425475709387  133.78293693245473  322.83291854789144  -332.0411384059829  273.3213917883888  293.9625966809425  -270.62161152298665  -87.39897828144149  134.29964765856408  344.71985149260115  -104.69845653838593  29.170906473226296  -307.17700798469514  289.44052213592835  96.87373185720588  266.2995682652946  164.68752459182798  328.62771177198215  184.24568717992514  -132.93114052806527  -139.42937512363574  345.2840628653206  -104.83087364195308  -662.6405259728554  150.77895619091407  320.9978792159882  2.4363834095918264  97.48306327122594  -639.4473264554631  -20.549356484218265  -60.312390646106394  -167.8629099202377  -113.29553831118665  200.20708682463612  -289.1443624423697  377.03731657372816  55.72283124878987  -425.9049042996447  194.80187087071226  -274.1243038324842  165.30502500793597  -141.5145145634924  117.71338314193082  277.94162190865916  -230.0471768613487  -127.22237742763855  372.958563770183  25.15683235435978  -49.95151354255506  25.30762390349446  -46.7252630105005  -203.38889487417578  -230.64087807957242  
-122.58310240379211  -676.5789613903221  -400.94376292006433  -241.18905076065317  -50.06626705496777  -303.64748884126396  0.0  -169.0653036105404  -659.4978642343565  -26.9898893430545  -775.6070264670195  -119.04494591392273  -220.15827389921213  -87.92882363305574  -352.44103922782307  -277.16222757228195  -290.2626858599944  -121.87084515015499  -151.52100111422538  -176.39190071594055  -69.4233121717989  -107.54407938001219  18.870153464430842  -405.45174359835784  -169.86455190880923  19.185429706627474  -635.6886272472468  -30.326097052875184  -9.684892160321482  -574.2691003642506  -391.04646712270545  -169.34784118269988  41.07236265133717  -408.3459453796499  -274.47658236803767  -610.8244968259592  -14.206966705335617  -206.77375698405808  -37.34792057596934  -138.95996424943598  24.9802229307182  -119.40180166133882  -436.57862936932924  -443.0768639648997  41.63657402405666  -408.47836248321704  -966.2880148141194  -152.8685326503499  17.350390374724242  -301.21110543167214  -206.16442557003802  -943.0948152967271  -324.19684532548223  -363.95987948737036  -471.5103987615017  -416.9430271524506  -103.44040201662784  -592.7918512836336  73.38982773246423  -247.9246575924741  -729.5523931409086  -108.8456179705517  -577.7717926737482  -138.342463833328  -445.1620034047564  -185.93410569933314  -25.705866932604835  -533.6946657026126  -430.8698662689025  69.31107492891904  -278.4906564869042  -353.599002383819  -278.3398649377695  -350.37275185176446  -507.03638371543974  -534.2883669208363  
46.4822012067483  -507.5136577797816  -231.87845930952392  -72.12374715011276  118.99903655557264  -134.58218523072355  169.0653036105404  0.0  -490.432560623816  142.0754142674859  -606.5417228564792  50.02035769661768  -51.09297028867172  81.13647997748467  -183.37573561728266  -108.09692396174154  -121.197382249454  47.19445846038542  17.544302496315026  -7.32659710540014  99.64199143874151  61.52122423052822  187.93545707497125  -236.38643998781743  -0.7992482982688216  188.25073331716789  -466.62332363670646  138.73920655766523  159.38041145021893  -405.2037967537102  -221.98116351216504  -0.2825375721594696  210.1376662618776  -239.28064176910948  -105.41127875749726  -441.7591932154187  154.8583369052048  -37.70845337351767  131.71738303457107  30.105339361104427  194.0455265412586  49.66350194920159  -267.5133257587888  -274.0115603543593  210.70187763459705  -239.41305887267663  -797.2227112035789  16.19677096019052  186.41569398526465  -132.14580182113173  -37.09912195949761  -774.0295116861867  -155.13154171494182  -194.89457587682995  -302.44509515096127  -247.8777235419102  65.62490159391257  -423.72654767309325  242.45513134300464  -78.85935398193368  -560.4870895303683  60.21968563998871  -408.70648906320775  30.722839777212414  -276.09669979421597  -16.868802088792734  143.35943667793558  -364.62936209207226  -261.8045626583621  238.37637853945944  -109.42535287636377  -184.53369877327862  -109.2745613272291  -181.30744824122405  -337.97108010489933  -365.22306331029597  
536.9147618305643  -17.081097155965608  258.5541013142921  418.30881347370325  609.4315971793886  355.85037539309246  659.4978642343565  490.432560623816  0.0  632.507974891302  -116.10916223266315  540.4529183204337  439.3395903351443  571.5690406013007  307.05682500653336  382.3356366620745  369.235178374362  537.6270190842015  507.97686312013104  483.1059635184159  590.0745520625576  551.9537848543442  678.3680176987873  254.0461206359986  489.6333123255472  678.683293940984  23.809236987109557  629.1717671814813  649.812972074035  85.22876387010581  268.451397111651  490.15002305165655  700.5702268856936  251.15191885470654  385.02128186631876  48.673367408397326  645.2908975290209  452.72410725029835  622.1499436583871  520.5378999849204  684.4780871650746  540.0960625730177  222.9192348650272  216.42100026945673  701.1344382584131  251.0195017511394  -306.7901505797629  506.62933158400654  676.8482546090806  358.2867588026843  453.3334386643184  -283.59695106237064  335.3010189088742  295.53798474698607  187.98746547285475  242.55483708190582  556.0574622177286  66.70601295072277  732.8876919668206  411.57320664188234  -70.05452890655226  550.6522462638047  81.72607156060826  521.1554004010284  214.33586082960005  473.5637585350233  633.7919973017516  125.80319853174376  228.62799796545391  728.8089391632755  381.00720774745224  305.8988618505374  381.1579992965869  309.12511238259196  152.4614805189167  125.20949731352005  
-95.59321306073761  -649.5890720472676  -373.95387357700986  -214.19916141759867  -23.076377711913267  -276.6575994982095  26.9898893430545  -142.0754142674859  -632.507974891302  0.0  -748.6171371239651  -92.05505657086823  -193.16838455615763  -60.93893429000124  -325.4511498847686  -250.17233822922745  -263.27279651693993  -94.88095580710049  -124.53111177117088  -149.40201137288605  -42.4334228287444  -80.55419003695769  45.86004280748534  -378.46185425530336  -142.87466256575473  46.175319049681974  -608.6987379041924  -3.336207709820684  17.30499718273302  -547.2792110211961  -364.056577779651  -142.35795183964538  68.06225199439167  -381.3560560365954  -247.48669302498317  -583.8346074829046  12.782922637718883  -179.78386764100358  -10.35803123291484  -111.97007490638148  51.9701122737727  -92.41191231828432  -409.58874002627476  -416.08697462184523  68.62646336711116  -381.48847314016257  -939.2981254710648  -125.87864330729539  44.34027971777874  -274.22121608861767  -179.17453622698352  -916.1049259536726  -297.20695598242776  -336.96999014431583  -444.5205094184472  -389.95313780939614  -76.45051267357334  -565.8019619405792  100.37971707551873  -220.9347682494196  -702.5625037978542  -81.8557286274972  -550.7819033306937  -111.3525744902735  -418.1721140617019  -158.94421635627864  1.2840224104496656  -506.7047763595582  -403.87997692584804  96.30096427197354  -251.50076714384969  -326.60911304076456  -251.349975594715  -323.38286250871  -480.04649437238527  -507.2984775777819  
653.0239240632275  99.02806507669754  374.66326354695525  534.4179757063664  725.5407594120518  471.9595376257556  775.6070264670195  606.5417228564792  116.10916223266315  748.6171371239651  0.0  656.5620805530968  555.4487525678074  687.6782028339638  423.1659872391965  498.44479889473763  485.3443406070252  653.7361813168645  624.0860253527942  599.2151257510791  706.1837142952206  668.0629470870074  794.4771799314505  370.15528286866174  605.7424745582103  794.792456173647  139.9183992197727  745.2809294141443  765.9221343066981  201.33792610276896  384.56055934431413  606.2591852843198  816.6793891183568  367.2610810873697  501.1304440989819  164.78252964106048  761.4000597616839  568.8332694829614  738.2591058910502  636.6470622175837  800.5872493977378  656.2052248056807  339.02839709769034  332.5301625021199  817.2436004910762  367.12866398380254  -190.68098834709974  622.7384938166697  792.9574168417438  474.39592103534744  569.4426008969815  -167.48778882970748  451.41018114153735  411.6471469796492  304.0966277055179  358.66399931456897  672.1666244503917  182.81517518338592  848.9968541994838  527.6823688745455  46.05463332611089  666.7614084964679  197.8352337932714  637.2645626336916  330.4450230622632  589.6729207676865  749.9011595344148  241.9123607644069  344.73716019811707  844.9181013959386  497.1163699801154  422.00802408320055  497.2671615292501  425.2342746152551  268.57064275157984  241.3186595461832  
-3.5381564898693796  -557.5340154763993  -281.8988170061416  -122.14410484673044  68.97867885895496  -184.60254292734123  119.04494591392273  -50.02035769661768  -540.4529183204337  92.05505657086823  -656.5620805530968  0.0  -101.1133279852894  31.11612228086699  -233.39609331390034  -158.11728165835922  -171.21773994607167  -2.82589923623226  -32.47605520030265  -57.34695480201782  49.621633742123834  11.50086653391054  137.91509937835357  -286.4067976844351  -50.8196059948865  138.2303756205502  -516.6436813333241  88.71884886104755  109.36005375360125  -455.2241544503279  -272.0015212087827  -50.30289526877715  160.11730856525992  -289.30099946572716  -155.43163645411494  -491.77955091203637  104.83797920858711  -87.72881107013535  81.69702533795339  -19.915018335513253  144.02516884464092  -0.35685574741609116  -317.5336834554065  -324.03191805097697  160.68151993797937  -289.4334165692943  -847.2430689001966  -33.82358673642716  136.39533628864697  -182.1661595177494  -87.11947965611529  -824.0498693828043  -205.1518994115595  -244.91493357344763  -352.46545284757894  -297.8980812385279  15.604543897294889  -473.74690536971093  192.43477364638696  -128.87971167855136  -610.507447226986  10.199327943371031  -458.72684675982543  -19.297517919405266  -326.11705749083364  -66.88915978541041  93.3390789813179  -414.64971978868994  -311.8249203549798  188.35602084284176  -159.44571057298145  -234.5540564698963  -159.29491902384677  -231.32780593784173  -387.991437801517  -415.24342100691365  
97.57517149542002  -456.4206874911099  -180.7854890208522  -21.03077686144104  170.09200684424437  -83.48921494205183  220.15827389921213  51.09297028867172  -439.3395903351443  193.16838455615763  -555.4487525678074  101.1133279852894  0.0  132.2294502661564  -132.28276532861094  -57.003953673069816  -70.10441196078227  98.28742874905714  68.63727278498675  43.76637318327158  150.73496172741324  112.61419451919994  239.02842736364298  -185.2934696991457  50.2937219904029  239.3437036058396  -415.53035334803474  189.83217684633695  210.47338173889065  -354.1108264650385  -170.88819322349332  50.81043271651225  261.2306365505493  -188.18767148043776  -54.318308468825535  -390.66622292674697  205.95130719387652  13.384516915154052  182.8103533232428  81.19830964977615  245.13849682993032  100.75647223787331  -216.4203554701171  -222.91859006568757  261.7948479232688  -188.3200885840049  -746.1297409149072  67.28974124886224  237.50866427393638  -81.05283153246  13.993848329174114  -722.9365413975149  -104.0385714262701  -143.80160558815822  -251.35212486228954  -196.78475325323848  116.71787188258429  -372.6335773844215  293.54810163167633  -27.766383693261957  -509.39411924169656  111.31265592866043  -357.61351877453603  81.81581006588414  -225.00372950554424  34.22416819987899  194.4524069666073  -313.53639180340053  -210.71159236969038  289.46934882813116  -58.33238258769205  -133.4407284846069  -58.18159103855737  -130.21447795255233  -286.8781098162276  -314.13009302162425  
-34.65427877073637  -588.6501377572663  -313.0149392870086  -153.26022712759743  37.862556578087975  -215.71866520820822  87.92882363305574  -81.13647997748467  -571.5690406013007  60.93893429000124  -687.6782028339638  -31.11612228086699  -132.2294502661564  0.0  -264.5122155947673  -189.2334039392262  -202.33386222693866  -33.94202151709925  -63.59217748116964  -88.46307708288481  18.505511461256845  -19.61525574695645  106.79897709748658  -317.5229199653021  -81.93572827575349  107.11425333968322  -547.7598036141911  57.60272658018056  78.24393147273426  -486.3402767311949  -303.1176434896497  -81.41901754964414  129.00118628439293  -320.41712174659415  -186.54775873498193  -522.8956731929034  73.72185692772013  -118.84493335100234  50.5809030570864  -51.03114061638024  112.90904656377394  -31.47297802828308  -348.6498057362735  -355.14804033184396  129.56539765711238  -320.5495388501613  -878.3591911810636  -64.93970901729415  105.27921400777998  -213.2822817986164  -118.23560193698228  -855.1659916636713  -236.2680216924265  -276.0310558543146  -383.58157512844593  -329.01420351939487  -15.5115783835721  -504.8630276505779  161.31865136551997  -159.99583395941835  -641.623569507853  -20.916794337495958  -489.8429690406924  -50.413640200272255  -357.23317977170063  -98.0052820662774  62.22295670045091  -445.7658420695569  -342.94104263584677  157.23989856197477  -190.56183285384844  -265.6701787507633  -190.41104130471376  -262.4439282187087  -419.107560082384  -446.35954328778064  
229.85793682403096  -324.13792216249897  -48.50272369224126  111.2519884671699  302.3747721728553  48.793550386559104  352.44103922782307  183.37573561728266  -307.05682500653336  325.4511498847686  -423.1659872391965  233.39609331390034  132.28276532861094  264.5122155947673  0.0  75.27881165554112  62.17835336782866  230.57019407766808  200.92003811359768  176.04913851188252  283.01772705602417  244.89695984781088  371.31119269225394  -53.01070437053477  182.57648731901384  371.62646893445054  -283.2475880194238  322.1149421749479  342.7561470675016  -221.82806113642755  -38.60542789488238  183.0931980451232  393.51340187916026  -55.90490615182682  77.9644568597854  -258.38345759813603  338.23407252248745  145.667282243765  315.09311865185373  213.48107497838708  377.42126215854125  233.03923756648425  -84.13759014150617  -90.63582473707663  394.0776132518797  -56.03732325539397  -613.8469755862963  199.57250657747318  369.7914296025473  51.22993379615093  146.27661365778505  -590.653776068904  28.24419390234084  -11.51884025954729  -119.06935953367861  -64.50198792462754  249.00063721119523  -240.3508120558106  425.83086696028727  104.51638163534898  -377.1113539130856  243.59542125727137  -225.3307534459251  214.09857539449507  -92.72096417693331  166.50693352848992  326.73517229521826  -181.2536264747896  -78.42882704107944  421.7521141567421  73.95038274091888  -1.157963155995958  74.10117429005356  2.0682873760586062  -154.59534448761667  -181.8473276930133  
154.57912516848984  -399.4167338180401  -123.78153534778238  35.973176811628775  227.09596051731418  -26.485261268982015  277.16222757228195  108.09692396174154  -382.3356366620745  250.17233822922745  -498.44479889473763  158.11728165835922  57.003953673069816  189.2334039392262  -75.27881165554112  0.0  -13.100458287712456  155.29138242212696  125.64122645805656  100.7703268563414  207.73891540048305  169.61814819226976  296.03238103671276  -128.2895160260759  107.29767566347272  296.3476572789094  -358.5263996749649  246.83613051940677  267.47733541196044  -297.10687279196867  -113.8842395504235  107.81438638958207  318.23459022361914  -131.18371780736794  2.685645204244281  -333.66226925367715  262.95526086694633  70.38847058822387  239.8143069963126  138.20226332284597  302.14245050300013  157.76042591094313  -159.41640179704729  -165.91463639261775  318.7988015963386  -131.3161349109351  -689.1257872418373  124.29369492193206  294.5126179470062  -24.04887785939019  70.99780200224393  -665.932587724445  -47.03461775320028  -86.79765191508841  -194.34817118921973  -139.78079958016866  173.7218255556541  -315.6296237113517  350.5520553047462  29.23756997980786  -452.39016556862674  168.31660960173025  -300.6095651014662  138.81976373895395  -167.99977583247443  91.2281218729488  251.45636063967711  -256.5324381303307  -153.70763869662056  346.473302501201  -1.3284289146222363  -76.43677481153708  -1.1776373654875556  -73.21052427948251  -229.8741561431578  -257.12613934855443  
167.6795834562023  -386.31627553032763  -110.68107706006992  49.07363509934123  240.19641880502664  -13.384802981269559  290.2626858599944  121.197382249454  -369.235178374362  263.27279651693993  -485.3443406070252  171.21773994607167  70.10441196078227  202.33386222693866  -62.17835336782866  13.100458287712456  0.0  168.3918407098394  138.74168474576902  113.87078514405385  220.8393736881955  182.7186064799822  309.1328393244253  -115.18905773836343  120.39813395118517  309.4481155666219  -345.42594138725246  259.9365888071192  280.57779369967295  -284.0064145042562  -100.78378126271105  120.91484467729452  331.3350485113316  -118.08325951965548  15.786103491956737  -320.5618109659647  276.0557191546588  83.48892887593632  252.91476528402507  151.30272161055842  315.2429087907126  170.86088419865558  -146.31594350933483  -152.8141781049053  331.89925988405105  -118.21567662322263  -676.0253289541249  137.39415320964451  307.6130762347186  -10.948419571677732  84.09826028995639  -652.8321294367327  -33.934159465487824  -73.69719362737595  -181.24771290150727  -126.6803412924562  186.82228384336656  -302.52916542363926  363.6525135924586  42.338028267520315  -439.2897072809143  181.4170678894427  -287.50910681375376  151.9202220266664  -154.89931754476197  104.32858016066126  264.5568189273896  -243.43197984261826  -140.6071804089081  359.57376078891343  11.77202937309022  -63.33631652382462  11.9228209222249  -60.11006599177006  -216.77369785544533  -244.02568106084198  
-0.7122572536371194  -554.7081162401671  -279.07291776990934  -119.31820561049818  71.80457809518722  -181.77664369110897  121.87084515015499  -47.19445846038542  -537.6270190842015  94.88095580710049  -653.7361813168645  2.82589923623226  -98.28742874905714  33.94202151709925  -230.57019407766808  -155.29138242212696  -168.3918407098394  0.0  -29.650155964070393  -54.52105556578556  52.447532978356094  14.3267657701428  140.74099861458583  -283.58089844820284  -47.99370675865424  141.05627485678247  -513.8177820970918  91.54474809727981  112.18595298983351  -452.3982552140956  -269.17562197255046  -47.47699603254489  162.94320780149218  -286.4751002294949  -152.60573721788268  -488.9536516758041  107.66387844481937  -84.90291183390309  84.52292457418565  -17.089119099280992  146.85106808087318  2.469043488816169  -314.70778421917424  -321.2060188147447  163.50741917421163  -286.60751733306205  -844.4171696639644  -30.9976875001949  139.22123552487923  -179.34026028151715  -84.29358041988303  -821.2239701465721  -202.32600017532724  -242.08903433721537  -349.6395536113467  -295.0721820022956  18.43044313352715  -470.92100613347867  195.26067288261922  -126.0538124423191  -607.6815479907536  13.025227179603291  -455.9009475235932  -16.471618683173006  -323.2911582546014  -64.06326054917815  96.16497821755016  -411.8238205524577  -308.9990211187475  191.18192007907402  -156.6198113367492  -231.72815723366404  -156.4690197876145  -228.50190670160947  -385.16553856528475  -412.4175217706814  
28.937898710433274  -525.0579602760967  -249.42276180583895  -89.66804964642779  101.45473405925762  -152.12648772703858  151.52100111422538  -17.544302496315026  -507.97686312013104  124.53111177117088  -624.0860253527942  32.47605520030265  -68.63727278498675  63.59217748116964  -200.92003811359768  -125.64122645805656  -138.74168474576902  29.650155964070393  0.0  -24.870899601715166  82.09768894242649  43.97692173421319  170.39115457865623  -253.93074248413245  -18.343550794583848  170.70643082085286  -484.1676261330215  121.1949040613502  141.8361089539039  -422.74809925002523  -239.52546600848007  -17.826840068474496  192.59336376556257  -256.8249442654245  -122.95558125381228  -459.3034957117337  137.31403440888977  -55.2527558698327  114.17308053825604  12.5610368647894  176.50122404494357  32.11919945288656  -285.05762825510385  -291.5558628506743  193.15757513828203  -256.95736136899166  -814.7670136998939  -1.3475315361245066  168.87139148894963  -149.69010431744675  -54.643424455812635  -791.5738141825017  -172.67584421125684  -212.43887837314497  -319.9893976472763  -265.4220260382252  48.08059909759754  -441.2708501694083  224.9108288466896  -96.4036564782487  -578.0313920266833  42.675383143673685  -426.2507915595228  13.178537280897388  -293.641002290531  -34.41310458510776  125.81513418162055  -382.1736645883873  -279.3488651546771  220.8320760431444  -126.9696553726788  -202.07800126959364  -126.81886382354412  -198.85175073753908  -355.51538260121436  -382.767365806611  
53.80879831214844  -500.1870606743815  -224.55186220412378  -64.79715004471262  126.32563366097278  -127.25558812532341  176.39190071594055  7.32659710540014  -483.1059635184159  149.40201137288605  -599.2151257510791  57.34695480201782  -43.76637318327158  88.46307708288481  -176.04913851188252  -100.7703268563414  -113.87078514405385  54.52105556578556  24.870899601715166  0.0  106.96858854414165  68.84782133592836  195.2620541803714  -229.05984288241729  6.527348807131318  195.57733042256802  -459.2967265313063  146.06580366306537  166.70700855561907  -397.87719964831007  -214.6545664067649  7.04405953324067  217.46426336727774  -231.95404466370934  -98.08468165209712  -434.43259611001855  162.18493401060493  -30.38185626811753  139.0439801399712  37.43193646650457  201.37212364665874  56.99009905460173  -260.1867286533887  -266.68496324895915  218.0284747399972  -232.0864617672765  -789.8961140981787  23.52336806559066  193.7422910906648  -124.81920471573159  -29.77252485409747  -766.7029145807865  -147.80494460954168  -187.5679787714298  -295.1184980455611  -240.55112643651006  72.95149869931271  -416.3999505676931  249.78172844840478  -71.53275687653354  -553.1604924249682  67.54628274538885  -401.3798919578076  38.049436882612554  -268.7701026888158  -9.542204983392594  150.68603378333572  -357.3027649866721  -254.47796555296196  245.70297564485958  -102.09875577096363  -177.20710166787848  -101.94796422182895  -173.9808511358239  -330.6444829994992  -357.89646620489583  
-53.15979023199321  -607.1556492185232  -331.52045074826543  -171.76573858885428  19.35704511683113  -234.22417666946507  69.4233121717989  -99.64199143874151  -590.0745520625576  42.4334228287444  -706.1837142952206  -49.621633742123834  -150.73496172741324  -18.505511461256845  -283.01772705602417  -207.73891540048305  -220.8393736881955  -52.447532978356094  -82.09768894242649  -106.96858854414165  0.0  -38.120767208213294  88.29346563622974  -336.02843142655894  -100.44123973701033  88.60874187842637  -566.2653150754479  39.097215118923714  59.738420011477416  -504.8457881924517  -321.62315495090655  -99.92452901090098  110.49567482313607  -338.922633207851  -205.05327019623877  -541.4011846541603  55.21634546646328  -137.35044481225918  32.07539159582956  -69.53665207763709  94.4035351025171  -49.978489489539925  -367.15531719753034  -373.6535517931008  111.05988619585555  -339.05505031141814  -896.8647026423205  -83.445220478551  86.77370254652314  -231.78779325987324  -136.74111339823912  -873.6715031249282  -254.77353315368333  -294.53656731557146  -402.0870865897028  -347.5197149806517  -34.017089844828945  -523.3685391118347  142.81313990426312  -178.5013454206752  -660.1290809691097  -39.4223057987528  -508.34848050194927  -68.9191516615291  -375.7386912329575  -116.51079352753425  43.71744523919406  -464.27135353081377  -361.4465540971036  138.73438710071792  -209.0673443151053  -284.17569021202013  -208.9165527659706  -280.94943967996556  -437.61307154364084  -464.8650547490375  
-15.039023023779919  -569.0348820103098  -293.39968354005214  -133.64497138064098  57.477812325044425  -196.10340946125177  107.54407938001219  -61.52122423052822  -551.9537848543442  80.55419003695769  -668.0629470870074  -11.50086653391054  -112.61419451919994  19.61525574695645  -244.89695984781088  -169.61814819226976  -182.7186064799822  -14.3267657701428  -43.97692173421319  -68.84782133592836  38.120767208213294  0.0  126.41423284444303  -297.90766421834564  -62.32047252879704  126.72950908663967  -528.1445478672347  77.21798232713701  97.85918721969071  -466.7250209842384  -283.50238774269326  -61.80376180268769  148.61644203134938  -300.8018659996377  -166.93250298802548  -503.2804174459469  93.33711267467658  -99.22967760404589  70.19615880404285  -31.41588486942379  132.52430231073038  -11.85772228132663  -329.03454998931704  -335.5327845848875  149.18065340406883  -300.93428310320485  -858.7439354341071  -45.3244532703377  124.89446975473643  -193.66702605165995  -98.62034619002583  -835.5507359167149  -216.65276594547004  -256.41580010735817  -363.9663193814895  -309.3989477724384  4.1036773633843495  -485.24777190362147  180.93390711247642  -140.3805782124619  -622.0083137608965  -1.3015385905395078  -470.227713293736  -30.798384453315805  -337.6179240247442  -78.39002631932095  81.83821244740736  -426.1505863226005  -323.3257868888903  176.85515430893122  -170.946577106892  -246.05492300380683  -170.7957855577573  -242.82867247175227  -399.49230433542755  -426.7442875408242  
-141.45325586822295  -695.4491148547529  -419.8139163844952  -260.05920422508404  -68.93642051939861  -322.51764230569484  -18.870153464430842  -187.93545707497125  -678.3680176987873  -45.86004280748534  -794.4771799314505  -137.91509937835357  -239.02842736364298  -106.79897709748658  -371.31119269225394  -296.03238103671276  -309.1328393244253  -140.74099861458583  -170.39115457865623  -195.2620541803714  -88.29346563622974  -126.41423284444303  0.0  -424.3218970627887  -188.73470537324008  0.31527624219663153  -654.5587807116777  -49.19625051730603  -28.555045624752324  -593.1392538286815  -409.9166205871363  -188.21799464713072  22.20220918690633  -427.21609884408076  -293.34673583246854  -629.69465029039  -33.07712016976646  -225.64391044848892  -56.21807404040018  -157.83011771386683  6.1100694662873565  -138.27195512576967  -455.4487828337601  -461.9470174293306  22.766420559625814  -427.3485159476479  -985.1581682785502  -171.73868611478073  -1.5197630897066006  -320.081258896103  -225.03457903446886  -961.9649687611579  -343.0669987899131  -382.8300329518012  -490.38055222593255  -435.8131806168815  -122.31055548105869  -611.6620047480645  54.519674268033384  -266.7948110569049  -748.4225466053396  -127.71577143498254  -596.641946138179  -157.21261729775884  -464.03215686918725  -204.804259163764  -44.57602039703568  -552.5648191670435  -449.7400197333334  50.4409214644882  -297.360809951335  -372.4691558482499  -297.2100184022004  -369.24290531619533  -525.9065371798706  -553.1585203852673  
282.8686411945657  -271.1272177919642  4.507980678293507  164.26269283770466  355.38547654339004  101.80425475709387  405.45174359835784  236.38643998781743  -254.0461206359986  378.46185425530336  -370.15528286866174  286.4067976844351  185.2934696991457  317.5229199653021  53.01070437053477  128.2895160260759  115.18905773836343  283.58089844820284  253.93074248413245  229.05984288241729  336.02843142655894  297.90766421834564  424.3218970627887  0.0  235.5871916895486  424.6371733049853  -230.23688364888903  375.12564654548265  395.7668514380364  -168.81735676589278  14.405276475652386  236.10390241565796  446.524106249695  -2.894201781292054  130.97516123032017  -205.37275322760127  391.2447768930222  198.67798661429975  368.1038230223885  266.49177934892185  430.431966529076  286.049941937019  -31.1268857709714  -37.625120366541864  447.0883176224145  -3.0266188848592037  -560.8362712157615  252.58321094800795  422.80213397308205  104.2406381666857  199.28731802831982  -537.6430716983692  81.25489827287561  41.49186411098748  -66.05865516314384  -11.491283554092774  302.01134158173  -187.34010768527583  478.84157133082203  157.52708600588375  -324.10064954255085  296.60612562780614  -172.32004907539033  267.10927976502984  -39.71025980639854  219.5176378990247  379.74587666575303  -128.24292210425483  -25.418122670544676  474.76281852727686  126.96108711145365  51.85274121453881  127.11187866058833  55.078991746593374  -101.5846401170819  -128.83662332247854  
47.28144950501712  -506.7144094815128  -231.0792110112551  -71.32449885184394  119.79828485384147  -133.78293693245473  169.86455190880923  0.7992482982688216  -489.6333123255472  142.87466256575473  -605.7424745582103  50.8196059948865  -50.2937219904029  81.93572827575349  -182.57648731901384  -107.29767566347272  -120.39813395118517  47.99370675865424  18.343550794583848  -6.527348807131318  100.44123973701033  62.32047252879704  188.73470537324008  -235.5871916895486  0.0  189.0499816154367  -465.82407533843764  139.53845485593405  160.17965974848775  -404.4045484554414  -221.18191521389622  0.516710726109352  210.93691456014642  -238.48139347084066  -104.61203045922844  -440.95994491714987  155.65758520347362  -36.90920507524885  132.5166313328399  30.90458765937325  194.84477483952742  50.46275024747041  -266.71407746052  -273.21231205609047  211.50112593286588  -238.6138105744078  -796.4234629053101  16.99601925845934  187.21494228353347  -131.3465535228629  -36.29987366122879  -773.2302633879178  -154.332293416673  -194.09532757856113  -301.64584685269244  -247.07847524364138  66.42414989218139  -422.92729937482443  243.25437964127346  -78.06010568366486  -559.6878412320995  61.01893393825753  -407.90724076493893  31.522088075481236  -275.29745149594714  -16.069553790523912  144.1586849762044  -363.83011379380343  -261.0053143600933  239.17562683772826  -108.62610457809495  -183.7344504750098  -108.47531302896027  -180.50819994295523  -337.1718318066305  -364.42381501202715  
