Height_Data

node	height
0	108.12312130354205
1	54.443483974173866
2	152.24168370634598
3	94.68102952159605
4	57.591562631286216
5	86.24542415597419
6	42.79843216100609
7	153.6739909616552
8	70.52264430270975
9	106.03047187947571
10	91.88709462611051
11	163.79271760251768
12	51.79689026062124
13	41.24047652815029
14	67.76873790160867
15	70.60773614053367
16	68.14374453554457
17	114.4571250831772
18	42.949779126899145
19	79.44643701149651
20	39.17853696370798
21	49.18137021638374
22	67.70533077249348
23	85.56393386132318
24	168.6670025705422
25	104.05982400104169
26	78.85370697147269
27	83.45141701090978
28	236.28849332414762
29	78.56268839889319
30	44.00124900659855
31	29.08848189455609
32	123.80944890990361
33	53.60184179484587
34	251.64524352276024
35	150.86393856688437
36	159.49119052331284
37	39.346747988769906
38	67.82647404801492
39	64.27565789276252
40	101.53362293378974
41	115.49326156061511
42	116.80976746797549
43	97.69348449384036
44	46.02196213307245
45	89.8367518952864
46	32.61680575353408
47	72.77695313494236
48	39.03734344691616
49	68.60942295649949
50	90.69399521232344
51	69.04660483026908
52	55.41968462985205
53	132.3322339032679
54	63.20079405738279
55	47.52783583857527
56	71.9631298693061
57	99.26443793210781
58	88.94191958307087
59	116.85518813828925
60	176.08551294736102
61	82.39884929239827
62	46.330199501262406
63	50.58624417473487
64	70.34786599728591
65	38.35093444099381
66	71.34706417695061
67	35.279961578008134
68	81.55091275876804
69	46.006189682530255
70	84.57501186168733
71	68.95787120898342
72	53.47981936771948
73	82.00423494117372
74	51.81938847636956
75	136.34988626395787



height_matrix
0.0  187.87873065278868  -154.4149684098137  47.04732123681106  176.86045535289543  76.57194001648753  228.63641199887587  -159.428043803396  131.60166950291307  7.324272984232209  56.826093371010415  -194.84358704641465  197.14180865022286  234.08925671387118  141.24034190676684  131.30384807052934  139.9278186879912  -22.16901322872303  228.1066976182502  100.3683950221594  241.30604518941928  206.2961288050541  141.46226685867  78.95715604776609  -211.90358443450054  14.221540558751258  102.44295016224277  86.350965024213  -448.5788020721195  103.46151516627106  224.42655303930226  276.6212379314509  -54.902146622265434  190.82447828043667  -502.32742776726366  -149.5928604216981  -179.78824226919778  240.71730660170252  141.038265394345  153.46612193772836  23.063244294133085  -25.79549089975569  -30.403261575517035  36.50372883395596  217.35405709664363  64.0022929288948  264.2721044250279  123.71158859009893  241.80022249819064  138.297944214649  61.00194131926514  136.76780765645543  184.46202835791502  -84.73189409904046  157.22814536155744  212.08349912738373  126.55997001982584  31.00539180001988  67.13420602164916  -30.56223392161519  -237.86837075336643  90.03495203900326  216.27522630797878  201.37906995082514  132.21339357189652  244.20265401891885  128.71619994307005  254.95105903936872  93.00272990670908  217.4092606735413  82.41838304649156  137.07837533095523  191.25155677537902  91.4161022682892  197.06306489510374  -98.79367736145537  
-187.87873065278868  0.0  -342.2936990626024  -140.83140941597762  -11.018275299893247  -111.30679063630114  40.757681346087196  -347.3067744561847  -56.27706114987561  -180.55445766855647  -131.05263728177826  -382.72231769920336  9.26307799743418  46.210526061082504  -46.63838874602183  -56.574882582259335  -47.950911964797484  -210.0477438815117  40.22796696546152  -87.51033563062927  53.427314536630604  18.417398152265434  -46.41646379411867  -108.92157460502258  -399.78231508728925  -173.65719009403742  -85.43578049054591  -101.52776562857568  -636.4575327249082  -84.41721548651762  36.54782238651359  88.7425072786622  -242.7808772750541  2.9457476276479895  -690.2061584200524  -337.4715910744868  -367.6669729219865  52.83857594891384  -46.840465258443686  -34.412608715060315  -164.8154863586556  -213.67422155254437  -218.2819922283057  -151.37500181883271  29.475326443854954  -123.87643772389387  76.39337377223924  -64.16714206268975  53.92149184540196  -49.58078643813968  -126.87678933352353  -51.110922996333244  -3.4167022948736587  -272.61062475182916  -30.650585291231238  24.204768474595056  -61.318760632962835  -156.8733388527688  -120.74452463113951  -218.44096457440386  -425.74710140615514  -97.84377861378542  28.396495655190108  13.500339298036465  -55.66533708089216  56.323923366130174  -59.162530709718624  67.07232838658005  -94.8760007460796  29.53053002075262  -105.46034760629712  -50.80035532183345  3.3728261225903395  -96.46262838449948  9.18433424231506  -286.67240801424407  
154.4149684098137  342.2936990626024  0.0  201.46228964662475  331.2754237627091  230.98690842630123  383.05138040868957  -5.013075393582312  286.01663791272676  161.7392413940459  211.2410617808241  -40.42861863660096  351.55677706003655  388.5042251236849  295.65531031658054  285.71881648034304  294.3427870978049  132.24595518109066  382.5216660280639  254.7833634319731  395.72101359923295  360.7110972148678  295.8772352684837  233.3721244575798  -57.48861602468685  168.63650896856495  256.85791857205646  240.7659334340267  -294.1638336623058  257.87648357608475  378.84152144911593  431.0362063412646  99.51282178754826  345.23944669025036  -347.91245935744996  4.82210798811559  -25.373273859384085  395.1322750115162  295.4532338041587  307.88109034754206  177.47821270394678  128.619477510058  124.01170683429666  190.91869724376966  371.7690255064573  218.4172613387085  418.6870728348416  278.1265569999126  396.21519090800433  292.71291262446266  215.41690972907884  291.1827760662691  338.8769967677287  69.68307431077324  311.64311377137113  366.4984675371974  280.97493842963956  185.42036020983358  221.54917443146286  123.85273448819851  -83.45340234355274  244.44992044881695  370.69019471779245  355.79403836063887  286.6283619817102  398.61762242873255  283.1311683528837  409.3660274491824  247.41769831652277  371.824229083355  236.83335145630525  291.4933437407689  345.6665251851927  245.8310706781029  351.4780333049174  55.62129104835833  
-47.04732123681106  140.83140941597762  -201.46228964662475  0.0  129.81313411608437  29.524618779676473  181.5890907620648  -206.47536504020707  84.55434826610201  -39.72304825257885  9.778772134199357  -241.8909082832257  150.0944874134118  187.04193547706012  94.19302066995579  84.25652683371828  92.88049745118013  -69.21633446553409  181.05937638143914  53.32107378534835  194.25872395260822  159.24880756824305  94.41494562185895  31.909834810955033  -258.9509056713116  -32.8257806780598  55.39562892543171  39.30364378740194  -495.6261233089306  56.41419392946  177.3792318024912  229.57391669463982  -101.94946785907649  143.7771570436256  -549.3747490040747  -196.64018165850916  -226.83556350600884  193.66998536489146  93.99094415753393  106.4188007009173  -23.984076942677973  -72.84281213656675  -77.4505828123281  -10.543592402855097  170.30673585983257  16.954971692083745  217.22478318821686  76.66426735328787  194.75290126137958  91.25062297783793  13.954620082454085  89.72048641964437  137.41470712110396  -131.77921533585152  110.18082412474638  165.03617789057267  79.51264878301478  -16.04192943679118  20.086884784838105  -77.60955515842625  -284.9156919901775  42.9876308021922  169.22790507116773  154.33174871401408  85.16607233508546  197.1553327821078  81.668878706259  207.90373780255766  45.95540866989802  170.36193943673024  35.3710618096805  90.03105409414417  144.20423553856796  44.368781031478136  150.01574365829268  -145.84099859826642  
-176.86045535289543  11.018275299893247  -331.2754237627091  -129.81313411608437  0.0  -100.2885153364079  51.77595664598044  -336.28849915629144  -45.25878584998236  -169.53618236866322  -120.03436198188501  -371.7040423993101  20.281353297327428  57.22880136097575  -35.620113446128585  -45.55660728236609  -36.93263666490424  -199.02946858161846  51.246242265354766  -76.49206033073602  64.44558983652385  29.43567345215868  -35.39818849422542  -97.90329930512934  -388.764039787396  -162.63891479414417  -74.41750519065266  -90.50949032868243  -625.439257425015  -73.39894018662437  47.566097686406835  99.76078257855545  -231.76260197516086  13.964022927541237  -679.1878831201591  -326.45331577459353  -356.6486976220932  63.85685124880709  -35.82218995855044  -23.39433341516707  -153.79721105876234  -202.65594625265112  -207.26371692841246  -140.35672651893947  40.4936017437482  -112.85816242400062  87.41164907213249  -53.1488667627965  64.9397671452952  -38.562511138246435  -115.85851403363029  -40.09264769644  7.601573005019588  -261.5923494519359  -19.63230999133799  35.2230437744883  -50.30048533306959  -145.85506355287555  -109.72624933124627  -207.42268927451062  -414.72882610626186  -86.82550331389217  39.414770955083355  24.518614597929712  -44.64706178099891  67.34219866602342  -48.14425540982538  78.0906036864733  -83.85772544618635  40.54880532064587  -94.44207230640387  -39.7820800219402  14.391101422483587  -85.44435308460623  20.202609542208307  -275.6541327143508  
-76.57194001648753  111.30679063630114  -230.98690842630123  -29.524618779676473  100.2885153364079  0.0  152.06447198238834  -235.99998381988354  55.02972948642554  -69.24766703225532  -19.745846645477116  -271.4155270629022  120.56986863373533  157.51731669738365  64.66840189027931  54.73190805404181  63.35587867150366  -98.74095324521056  151.53475760176266  23.796455005671874  164.73410517293175  129.72418878856658  64.89032684218247  2.38521603127856  -288.4755244509881  -62.35039945773627  25.871010145755235  9.779025007725465  -525.1507420886071  26.889575149783525  147.85461302281473  200.04929791496335  -131.47408663875296  114.25253826394913  -578.8993677837511  -226.16480043818564  -256.3601822856853  164.145366585215  64.46632537785746  76.89418192124083  -53.508695722354446  -102.36743091624322  -106.97520159200457  -40.06821118253157  140.7821170801561  -12.569647087592728  187.7001644085404  47.139648573611396  165.2282824817031  61.72600419816146  -15.569998697222388  60.1958676399679  107.89008834142749  -161.303834115528  80.6562053450699  135.5115591108962  49.98803000333831  -45.56654821646765  -9.437733994838368  -107.13417393810272  -314.44031076985397  13.463012022515727  139.70328629149125  124.80712993433761  55.64145355540899  167.63071400243132  52.14425992658252  178.37911902288118  16.430789890221547  140.83732065705377  5.846443030004025  60.506435314467694  114.67961675889148  14.844162251801663  120.4911248786162  -175.3656173779429  
-228.63641199887587  -40.757681346087196  -383.05138040868957  -181.5890907620648  -51.77595664598044  -152.06447198238834  0.0  -388.0644558022719  -97.0347424959628  -221.31213901464366  -171.81031862786546  -423.4799990452905  -31.494603348653015  5.452844714995308  -87.39607009210903  -97.33256392834653  -88.70859331088468  -250.8054252275989  -0.529714380625677  -128.26801697671647  12.669633190543408  -22.34028319382176  -87.17414514020587  -149.67925595110978  -440.5399964333764  -214.4148714401246  -126.1934618366331  -142.28544697466288  -677.2152140709954  -125.17489683260482  -4.209858959573609  47.984825932575006  -283.5385586211413  -37.81193371843921  -730.9638397661395  -378.229272420574  -408.42465426807365  12.080894602826646  -87.59814660453088  -75.17029006114751  -205.5731677047428  -254.43190289863156  -259.0396735743929  -192.1326831649199  -11.282354902232242  -164.63411906998107  35.63569242615205  -104.92482340877694  13.163810499314764  -90.33846778422688  -167.63447067961073  -91.86860434242044  -44.174383640960855  -313.36830609791633  -71.40826663731843  -16.55291287149214  -102.07644197905003  -197.631020198856  -161.5022059772267  -259.19864592049106  -466.5047827522423  -138.6014599598726  -12.361185690897088  -27.25734204805073  -96.42301842697935  15.566242020042978  -99.92021205580582  26.314647040492858  -135.6336820921668  -11.227151325334574  -146.21802895238432  -91.55803666792065  -37.38485522349686  -137.22030973058668  -31.573347103772136  -327.43008936033124  
159.428043803396  347.3067744561847  5.013075393582312  206.47536504020707  336.28849915629144  235.99998381988354  388.0644558022719  0.0  291.0297133063091  166.75231678762822  216.25413717440642  -35.41554324301865  356.56985245361886  393.5173005172672  300.66838571016285  290.73189187392535  299.3558624913872  137.25903057467298  387.53474142164623  259.7964388255554  400.73408899281526  365.7241726084501  300.890310662066  238.3851998511621  -52.475540631104536  173.64958436214727  261.8709939656388  245.779008827609  -289.1507582687235  262.88955896966706  383.85459684269824  436.0492817348469  104.52589718113057  350.2525220838327  -342.89938396386765  9.835183381697902  -20.360198465801773  400.1453504050985  300.466309197741  312.89416574112437  182.4912880975291  133.63255290364032  129.02478222787897  195.93177263735197  376.7821009000396  223.4303367322908  423.7001482284239  283.13963239349494  401.22826630158664  297.725988018045  220.42998512266115  296.19585145985144  343.890072161311  74.69614970435555  316.65618916495345  371.51154293077974  285.9880138232219  190.4334356034159  226.56224982504517  128.86580988178082  -78.44032694997043  249.46299584239927  375.70327011137476  360.8071137542212  291.6414373752925  403.63069782231486  288.14424374646603  414.3791028427647  252.4307737101051  376.83730447693733  241.84642684988756  296.50641913435123  350.679600578775  250.8441460716852  356.4911086984997  60.63436644194064  
-131.60166950291307  56.27706114987561  -286.01663791272676  -84.55434826610201  45.25878584998236  -55.02972948642554  97.0347424959628  -291.0297133063091  0.0  -124.27739651868086  -74.77557613190265  -326.4452565493277  65.54013914730979  102.48758721095811  9.638672403853775  -0.2978214323837278  8.326149185078123  -153.7706827316361  96.50502811533713  -31.233274480753664  109.70437568650621  74.69445930214104  9.860597355756937  -52.64451345514698  -343.5052539374136  -117.38012894416181  -29.158719340670302  -45.25070447870007  -580.1804715750326  -28.140154336642013  92.8248835363892  145.0195684285378  -186.5038161251785  59.222808777523596  -633.9290972701767  -281.1945299246112  -311.38991177211085  109.11563709878945  9.43659589143192  21.86445243481529  -108.53842520877998  -157.39716040266876  -162.0049310784301  -95.09794066895711  85.75238759373056  -67.59937657401827  132.67043492211485  -7.890080912814142  110.19855299527757  6.696274711735924  -70.59972818364793  5.166138153542363  52.86035885500195  -216.33356360195353  25.62647585864437  80.48182962447066  -5.041699483087228  -100.59627770289319  -64.4674634812639  -162.16390342452826  -369.4700402562795  -41.56671746390981  84.67355680506572  69.77740044791207  0.6117240689834489  112.60098451600578  -2.885469559843017  123.34938953645566  -38.59893959620399  85.80759117062823  -49.18328645642151  5.4767058280421566  59.649887272465946  -40.185567234623875  65.46139539219067  -230.39534686436843  
-7.324272984232209  180.55445766855647  -161.7392413940459  39.72304825257885  169.53618236866322  69.24766703225532  221.31213901464366  -166.75231678762822  124.27739651868086  0.0  49.501820386778206  -202.16786003064686  189.81753566599065  226.76498372963897  133.91606892253463  123.97957508629713  132.60354570375898  -29.49328621295524  220.78242463401799  93.0441220379272  233.98177220518707  198.9718558208219  134.1379938744378  71.63288306353388  -219.22785741873275  6.897267574519049  95.11867717801056  79.02669203998079  -455.9030750563517  96.13724218203885  217.10228005507005  269.29696494721867  -62.22641960649764  183.50020529620446  -509.65170075149587  -156.91713340593031  -187.11251525343  233.3930336174703  133.71399241011278  146.14184895349615  15.738971309900876  -33.1197638839879  -37.727534559749245  29.17945584972375  210.02978411241142  56.678019944662594  256.9478314407957  116.38731560586672  234.47594951395843  130.97367123041678  53.677668335032934  129.44353467222322  177.1377553736828  -92.05616708327267  149.90387237732523  204.75922614315152  119.23569703559363  23.68111881578767  59.809933037416954  -37.8865069058474  -245.19264373759864  82.71067905477105  208.95095332374657  194.05479696659293  124.88912058766431  236.87838103468664  121.39192695883784  247.6267860551365  85.67845692247687  210.0849876893091  75.09411006225935  129.75410234672302  183.9272837911468  84.09182928405698  189.73879191087153  -106.11795034568758  
-56.826093371010415  131.05263728177826  -211.2410617808241  -9.778772134199357  120.03436198188501  19.745846645477116  171.81031862786546  -216.25413717440642  74.77557613190265  -49.501820386778206  0.0  -251.66968041742507  140.31571527921244  177.26316334286076  84.41424853575643  74.47775469951893  83.10172531698078  -78.99510659973345  171.28060424723978  43.54230165114899  184.47995181840886  149.4700354340437  84.63617348765959  22.131062676755676  -268.72967780551096  -42.60455281225916  45.61685679123235  29.52487165320258  -505.40489544312993  46.63542179526064  167.60045966829185  219.79514456044046  -111.72823999327585  133.99838490942625  -559.1535211382741  -206.41895379270852  -236.6143356402082  183.8912132306921  84.21217202333457  96.64002856671794  -33.76284907687733  -82.6215842707661  -87.22935494652745  -20.322364537054455  160.5279637256332  7.176199557884388  207.4460110540175  66.88549521908851  184.97412912718022  81.47185084363858  4.175847948254727  79.94171428544502  127.6359349869046  -141.55798747005088  100.40205199054702  155.25740575637332  69.73387664881542  -25.820701570990536  10.308112650638748  -87.3883272926256  -294.69446412437685  33.20885866799284  159.44913293696837  144.55297657981473  75.3873002008861  187.37656064790843  71.89010657205964  198.1249656683583  36.17663653569866  160.58316730253088  25.59228967548114  80.25228195994481  134.4254634043686  34.59000889727878  140.23697152409332  -155.61977073246578  
194.84358704641465  382.72231769920336  40.42861863660096  241.8909082832257  371.7040423993101  271.4155270629022  423.4799990452905  35.41554324301865  326.4452565493277  202.16786003064686  251.66968041742507  0.0  391.9853956966375  428.93284376028583  336.0839289531815  326.147435116944  334.77140573440585  172.67457381769162  422.9502846646649  295.21198206857406  436.1496322358339  401.13971585146874  336.30585390508463  273.80074309418075  -17.05999738808589  209.0651276051659  297.2865372086574  281.19455207062765  -253.73521502570486  298.3051022126857  419.2701400857169  471.46482497786553  139.94144042414922  385.6680653268513  -307.483840720849  45.25072662471655  15.055344777216874  435.56089364811714  335.88185244075964  348.309708984143  217.90683134054774  169.04809614665896  164.44032547089762  231.34731588037062  412.19764414305826  258.84587997530946  459.1156914714426  318.5551756365136  436.6438095446053  333.1415312610636  255.8455283656798  331.6113947028701  379.30561540432967  110.1116929473742  352.0717324079721  406.9270861737984  321.4035570662405  225.84897884643453  261.9777930680638  164.28135312479947  -43.02478370695178  284.8785390854179  411.1188133543934  396.2226569972398  327.0569806183112  439.0462410653335  323.5597869894847  449.79464608578337  287.84631695312373  412.252847719956  277.2619700929062  331.9219623773699  386.09514382179367  286.25968931470385  391.90665194151836  96.04990968495929  
-197.14180865022286  -9.26307799743418  -351.55677706003655  -150.0944874134118  -20.281353297327428  -120.56986863373533  31.494603348653015  -356.56985245361886  -65.54013914730979  -189.81753566599065  -140.31571527921244  -391.9853956966375  0.0  36.947448063648324  -55.90146674345601  -65.83796057969352  -57.213989962231665  -219.3108218789459  30.96488896802734  -96.77341362806345  44.16423653919642  9.154320154831254  -55.67954179155285  -118.18465260245677  -409.0453930847234  -182.9202680914716  -94.69885848798009  -110.79084362600986  -645.7206107223424  -93.6802934839518  27.284744389079407  79.47942928122802  -252.0439552724883  -6.317330369786191  -699.4692364174865  -346.73466907192096  -376.93005091942064  43.57549795147966  -56.10354325587787  -43.675686712494496  -174.07856435608977  -222.93729954997855  -227.5450702257399  -160.6380798162669  20.212248446420773  -133.13951572132805  67.13029577480506  -73.43022006012393  44.65841384796778  -58.84386443557386  -136.1398673309577  -60.374000993767424  -12.67978029230784  -281.8737027492633  -39.91366328866542  14.941690477160876  -70.58183863039702  -166.13641685020298  -130.0076026285737  -227.70404257183804  -435.0101794035893  -107.1068566112196  19.133417657755928  4.237261300602285  -64.92841507832634  47.06084536869599  -68.4256087071528  57.80925038914587  -104.13907874351378  20.26745202331844  -114.7234256037313  -60.06343331926763  -5.890251874843841  -105.72570638193366  -0.07874375511912035  -295.9354860116782  
-234.08925671387118  -46.210526061082504  -388.5042251236849  -187.04193547706012  -57.22880136097575  -157.51731669738365  -5.452844714995308  -393.5173005172672  -102.48758721095811  -226.76498372963897  -177.26316334286076  -428.93284376028583  -36.947448063648324  0.0  -92.84891480710434  -102.78540864334184  -94.16143802587999  -256.2582699425942  -5.982559095620985  -133.72086169171178  7.2167884755481  -27.79312790881707  -92.62698985520117  -155.1321006661051  -445.9928411483717  -219.86771615511992  -131.6463065516284  -147.73829168965818  -682.6680587859908  -130.62774154760012  -9.662703674568917  42.5319812175797  -288.9914033361366  -43.264778433434515  -736.4166844811348  -383.6821171355693  -413.87749898306896  6.628049887831338  -93.05099131952619  -80.62313477614282  -211.0260124197381  -259.88474761362687  -264.4925182893882  -197.58552787991522  -16.73519961722755  -170.08696378497638  30.18284771115674  -110.37766812377225  7.7109657843194555  -95.79131249922219  -173.08731539460604  -97.32144905741575  -49.62722835595616  -318.82115081291164  -76.86111135231374  -22.005757586487448  -107.52928669404534  -203.0838649138513  -166.95505069222202  -264.65149063548637  -471.9576274672376  -144.05430467486792  -17.814030405892396  -32.71018676304604  -101.87586314197466  10.11339730504767  -105.37305677080113  20.86180232549755  -141.0865268071621  -16.679996040329883  -151.67087366737962  -97.01088138291595  -42.837699938492165  -142.67315444558199  -37.026191818767444  -332.88293407532655  
-141.24034190676684  46.63838874602183  -295.65531031658054  -94.19302066995579  35.620113446128585  -64.66840189027931  87.39607009210903  -300.66838571016285  -9.638672403853775  -133.91606892253463  -84.41424853575643  -336.0839289531815  55.90146674345601  92.84891480710434  0.0  -9.936493836237503  -1.3125232187756524  -163.40935513548988  86.86635571148335  -40.87194688460744  100.06570328265244  65.05578689828727  0.22192495190316208  -62.28318585900075  -353.1439263412674  -127.01880134801559  -38.79739174452408  -54.88937688255385  -589.8191439788864  -37.77882674049579  83.18621113253542  135.38089602468403  -196.14248852903228  49.58413637366982  -643.5677696740305  -290.83320232846495  -321.0285841759646  99.47696469493567  -0.2020765124218542  12.225780030961516  -118.17709761263376  -167.03583280652254  -171.64360348228388  -104.73661307281088  76.11371518987679  -77.23804897787204  123.03176251826108  -17.528753316667917  100.55988059142379  -2.9423976921178507  -80.2384005875017  -4.472534250311412  43.22168645114817  -225.9722360058073  15.987803454790594  70.84315722061689  -14.680371886941003  -110.23495010674696  -74.10613588511768  -171.80257582838203  -379.1087126601333  -51.205389867763586  75.03488440121194  60.1387280440583  -9.026948334870326  102.962312112152  -12.524141963696792  113.71071713260189  -48.237612000057766  76.16891876677445  -58.82195886027529  -4.161966575811618  50.01121486861217  -49.82423963847765  55.82272298833689  -240.0340192682222  
-131.30384807052934  56.574882582259335  -285.71881648034304  -84.25652683371828  45.55660728236609  -54.73190805404181  97.33256392834653  -290.73189187392535  0.2978214323837278  -123.97957508629713  -74.47775469951893  -326.147435116944  65.83796057969352  102.78540864334184  9.936493836237503  0.0  8.62397061746185  -153.47286129925237  96.80284954772085  -30.935453048369936  110.00219711888994  74.99228073452477  10.158418788140665  -52.34669202276325  -343.2074325050299  -117.08230751177808  -28.860897908286574  -44.952883046316344  -579.8826501426488  -27.842332904258285  93.12270496877292  145.31738986092154  -186.20599469279477  59.520630209907324  -633.631275837793  -280.89670849222745  -311.0920903397271  109.41345853117318  9.734417323815649  22.16227386719902  -108.24060377639626  -157.09933897028503  -161.70710964604638  -94.80011923657338  86.05020902611429  -67.30155514163454  132.96825635449858  -7.592259480430414  110.4963744276613  6.994096144119652  -70.3019067512642  5.463959585926091  53.158180287385676  -216.0357421695698  25.924297291028097  80.77965105685439  -4.7438780507035005  -100.29845627050946  -64.16964204888018  -161.86608199214453  -369.1722188238958  -41.26889603152608  84.97137823744944  70.0752218802958  0.9095455013671767  112.89880594838951  -2.587648127459289  123.64721096883939  -38.30111816382026  86.10541260301196  -48.885465024037785  5.774527260425884  59.947708704849674  -39.88774580224015  65.7592168245744  -230.0975254319847  
-139.9278186879912  47.950911964797484  -294.3427870978049  -92.88049745118013  36.93263666490424  -63.35587867150366  88.70859331088468  -299.3558624913872  -8.326149185078123  -132.60354570375898  -83.10172531698078  -334.77140573440585  57.213989962231665  94.16143802587999  1.3125232187756524  -8.62397061746185  0.0  -162.09683191671422  88.178878930259  -39.55942366583179  101.37822650142809  66.36831011706292  1.5344481706788144  -60.9706626402251  -351.83140312249174  -125.70627812923993  -37.484868525748425  -53.576853663778195  -588.5066207601108  -36.466303521720135  84.49873435131107  136.6934192434597  -194.82996531025663  50.896659592445474  -642.2552464552548  -289.5206791096893  -319.716060957189  100.78948791371133  1.1104467063537982  13.538303249737169  -116.8645743938581  -165.72330958774688  -170.33108026350823  -103.42408985403523  77.42623840865244  -75.92552575909639  124.34428573703673  -16.216230097892264  101.87240381019944  -1.6298744733421984  -78.92587736872605  -3.1600110315357597  44.534209669923825  -224.65971278703165  17.300326673566246  72.15568043939254  -13.367848668165351  -108.92242688797131  -72.79361266634203  -170.49005260960638  -377.7961894413576  -49.89286664898793  76.34740761998759  61.45125126283395  -7.714425116094674  104.27483533092766  -11.21161874492114  115.02324035137754  -46.92508878128211  77.4814419855501  -57.509435641499635  -2.849443357035966  51.323738087387824  -48.511716419702  57.135246207112544  -238.72149604944656  
22.16901322872303  210.0477438815117  -132.24595518109066  69.21633446553409  199.02946858161846  98.74095324521056  250.8054252275989  -137.25903057467298  153.7706827316361  29.49328621295524  78.99510659973345  -172.67457381769162  219.3108218789459  256.2582699425942  163.40935513548988  153.47286129925237  162.09683191671422  0.0  250.27571084697323  122.53740825088244  263.47505841814234  228.46514203377714  163.63128008739304  101.12616927648912  -189.7345712057775  36.39055378747429  124.6119633909658  108.51997825293603  -426.4097888433965  125.63052839499409  246.5955662680253  298.7902511601739  -32.7331333935424  212.9934915091597  -480.1584145385406  -127.42384719297507  -157.61922904047475  262.8863198304256  163.20727862306802  175.6351351664514  45.232257522856116  -3.62647767103266  -8.234248346794004  58.67274206267899  239.52307032536666  86.17130615761783  286.44111765375095  145.88060181882196  263.96923572691367  160.46695744337202  83.17095454798817  158.93682088517846  206.63104158663805  -62.56288087031743  179.39715859028047  234.25251235610676  148.72898324854887  53.17440502874291  89.3032192503722  -8.393220692892157  -215.6993575246434  112.20396526772629  238.44423953670182  223.54808317954817  154.38240680061955  266.3716672476419  150.88521317179308  277.12007226809175  115.17174313543211  239.57827390226433  104.58739627521459  159.24738855967826  213.42057000410205  113.58511549701223  219.23207812382677  -76.62466413273233  
-228.1066976182502  -40.22796696546152  -382.5216660280639  -181.05937638143914  -51.246242265354766  -151.53475760176266  0.529714380625677  -387.53474142164623  -96.50502811533713  -220.78242463401799  -171.28060424723978  -422.9502846646649  -30.96488896802734  5.982559095620985  -86.86635571148335  -96.80284954772085  -88.178878930259  -250.27571084697323  0.0  -127.73830259609079  13.199347571169085  -21.810568813196085  -86.64443075958019  -149.1495415704841  -440.01028205275077  -213.88515705949894  -125.66374745600743  -141.7557325940372  -676.6854996903697  -124.64518245197914  -3.6801445789479317  48.51454031320068  -283.0088442405156  -37.28221933781353  -730.4341253855139  -377.69955803994833  -407.894939887448  12.610608983452323  -87.0684322239052  -74.64057568052183  -205.0434533241171  -253.9021885180059  -258.50995919376726  -191.60296878429423  -10.752640521606565  -164.1044046893554  36.165406806777725  -104.39510902815127  13.69352487994044  -89.8087534036012  -167.10475629898505  -91.33888996179476  -43.64466926033518  -312.8385917172907  -70.87855225669276  -16.023198490866463  -101.54672759842435  -197.10130581823032  -160.97249159660103  -258.6689315398654  -465.97506837161666  -138.07174557924694  -11.83147131027141  -26.727627667425054  -95.89330404635368  16.095956400668655  -99.39049767518014  26.844361421118535  -135.10396771154112  -10.697436944708897  -145.68831457175864  -91.02832228729497  -36.85514084287118  -136.690595349961  -31.04363272314646  -326.9003749797056  
-100.3683950221594  87.51033563062927  -254.7833634319731  -53.32107378534835  76.49206033073602  -23.796455005671874  128.26801697671647  -259.7964388255554  31.233274480753664  -93.0441220379272  -43.54230165114899  -295.21198206857406  96.77341362806345  133.72086169171178  40.87194688460744  30.935453048369936  39.55942366583179  -122.53740825088244  127.73830259609079  0.0  140.93765016725987  105.9277337828947  41.0938718365106  -21.411238974393314  -312.27197945665995  -86.14685446340815  2.074555140083362  -14.017429997946408  -548.9471970942789  3.0931201441116514  124.05815801714286  176.25284290929147  -155.27054164442484  90.45608325827726  -602.6958227894231  -249.9612554438575  -280.1566372913572  140.3489115795431  40.669870372185585  53.097726915568956  -77.30515072802632  -126.1638859219151  -130.77165659767644  -63.864666188203444  116.98566207448422  -36.3661020932646  163.90370940286851  23.343193567939522  141.43182747603123  37.92954919248959  -39.36645370289426  36.39941263429603  84.09363333575561  -185.10028912119986  56.85975033939803  111.71510410522433  26.191574997666436  -69.36300322213953  -33.23418900051024  -130.9306289437746  -338.23676577552584  -10.333442983156147  115.90683128581938  101.01067492866574  31.844998549737113  143.83425899675944  28.347804920910647  154.5826640172093  -7.3656651154503265  117.04086565138189  -17.95001197566785  36.70998030879582  90.88316175321961  -8.95229275387021  96.69466987294433  -199.16207238361477  
-241.30604518941928  -53.427314536630604  -395.72101359923295  -194.25872395260822  -64.44558983652385  -164.73410517293175  -12.669633190543408  -400.73408899281526  -109.70437568650621  -233.98177220518707  -184.47995181840886  -436.1496322358339  -44.16423653919642  -7.2167884755481  -100.06570328265244  -110.00219711888994  -101.37822650142809  -263.47505841814234  -13.199347571169085  -140.93765016725987  0.0  -35.00991638436517  -99.84377833074927  -162.3488891416532  -453.2096296239198  -227.08450463066802  -138.8630950271765  -154.95508016520628  -689.8848472615388  -137.84453002314822  -16.879492150117017  35.3151927420316  -296.20819181168474  -50.481566908982614  -743.6334729566829  -390.89890561111736  -421.09428745861703  -0.5887385877167617  -100.26777979507429  -87.83992325169092  -218.2428008952862  -267.10153608917494  -271.7093067649363  -204.80231635546332  -23.95198809277565  -177.30375226052448  22.96605923560864  -117.59445659932035  0.4941773087713557  -103.00810097477029  -180.30410387015414  -104.53823753296385  -56.84401683150426  -326.0379392884597  -84.07789982786184  -29.222546062035548  -114.74607516959344  -210.3006533893994  -174.17183916777012  -271.86827911103444  -479.1744159427857  -151.27109315041602  -25.030818881440496  -39.92697523859414  -109.09265161752276  2.89660882949957  -112.58984524634923  13.64501384994945  -148.3033152827102  -23.896784515877982  -158.88766214292772  -104.22766985846405  -50.054488414040264  -149.88994292113009  -44.242980294315544  -340.0997225508746  
-206.2961288050541  -18.417398152265434  -360.7110972148678  -159.24880756824305  -29.43567345215868  -129.72418878856658  22.34028319382176  -365.7241726084501  -74.69445930214104  -198.9718558208219  -149.4700354340437  -401.13971585146874  -9.154320154831254  27.79312790881707  -65.05578689828727  -74.99228073452477  -66.36831011706292  -228.46514203377714  21.810568813196085  -105.9277337828947  35.00991638436517  0.0  -64.8338619463841  -127.33897275728802  -418.1997132395546  -192.07458824630285  -103.85317864281134  -119.94516378084111  -654.8749308771736  -102.83461363878305  18.130424234248153  70.32510912639677  -261.1982754273196  -15.471650524617445  -708.6235565723177  -355.8889892267522  -386.08437107425186  34.42117779664841  -65.25786341070912  -52.83000686732575  -183.23288451092102  -232.0916197048098  -236.69939038057115  -169.79239997109815  11.05792829158952  -142.2938358761593  57.97597561997381  -82.58454021495518  35.504093693136525  -67.99818459040512  -145.29418748578897  -69.52832114859868  -21.834100447139093  -291.02802290409454  -49.06798344349667  5.787370322329622  -79.73615878522827  -175.29073700503423  -139.16192278340495  -236.8583627266693  -444.1644995584205  -116.26117676605085  9.979097502924674  -4.917058854228969  -74.08273523315759  37.90652521386474  -77.57992886198406  48.65493023431462  -113.29339889834503  11.113131868487187  -123.87774575856255  -69.21775347409888  -15.044572029675095  -114.88002653676492  -9.233063909950374  -305.08980616650945  
-141.46226685867  46.41646379411867  -295.8772352684837  -94.41494562185895  35.39818849422542  -64.89032684218247  87.17414514020587  -300.890310662066  -9.860597355756937  -134.1379938744378  -84.63617348765959  -336.30585390508463  55.67954179155285  92.62698985520117  -0.22192495190316208  -10.158418788140665  -1.5344481706788144  -163.63128008739304  86.64443075958019  -41.0938718365106  99.84377833074927  64.8338619463841  0.0  -62.505110810903915  -353.3658512931705  -127.24072629991875  -39.01931669642724  -55.11130183445701  -590.0410689307895  -38.00075169239895  82.96428618063226  135.15897107278087  -196.36441348093544  49.36221142176666  -643.7896946259336  -291.0551272803681  -321.25050912786776  99.25503974303251  -0.4240014643250163  12.003855079058354  -118.39902256453692  -167.2577577584257  -171.86552843418704  -104.95853802471404  75.89179023797362  -77.4599739297752  122.80983756635791  -17.75067826857108  100.33795563952063  -3.164322644021013  -80.46032553940486  -4.694459202214574  42.99976149924501  -226.19416095771047  15.765878502887432  70.62123226871373  -14.902296838844165  -110.45687505865013  -74.32806083702084  -172.0245007802852  -379.3306376120364  -51.42731481966675  74.81295944930878  59.916803092155135  -9.248873286773488  102.74038716024884  -12.746066915599954  113.48879218069872  -48.45953695196093  75.94699381487129  -59.04388381217845  -4.3838915277147805  49.78928991670901  -50.04616459038081  55.60079803643373  -240.25594422012537  
-78.95715604776609  108.92157460502258  -233.3721244575798  -31.909834810955033  97.90329930512934  -2.38521603127856  149.67925595110978  -238.3851998511621  52.64451345514698  -71.63288306353388  -22.131062676755676  -273.80074309418075  118.18465260245677  155.1321006661051  62.28318585900075  52.34669202276325  60.9706626402251  -101.12616927648912  149.1495415704841  21.411238974393314  162.3488891416532  127.33897275728802  62.505110810903915  0.0  -290.86074048226664  -64.73561548901483  23.485794114476676  7.3938089764469055  -527.5359581198857  24.504359118504965  145.46939699153617  197.6640818836848  -133.85930267003152  111.86732223267057  -581.2845838150297  -228.5500164694642  -258.7453983169639  161.76015055393643  62.0811093465789  74.50896588996227  -55.893911753633006  -104.75264694752178  -109.36041762328313  -42.45342721381013  138.39690104887754  -14.954863118871287  185.31494837726183  44.754432542332836  162.84306645042454  59.3407881668829  -17.95521472850095  57.81065160868934  105.50487231014893  -163.68905014680655  78.27098931379135  133.12634307961764  47.60281397205975  -47.95176424774621  -11.822950026116928  -109.51938996938128  -316.8255268011325  11.077795991237167  137.3180702602127  122.42191390305905  53.25623752413043  165.24549797115276  49.75904389530396  175.99390299160262  14.045573858942987  138.4521046257752  3.461226998725465  58.121219283189134  112.29440072761292  12.458946220523103  118.10590884733764  -177.75083340922146  
211.90358443450054  399.78231508728925  57.48861602468685  258.9509056713116  388.764039787396  288.4755244509881  440.5399964333764  52.475540631104536  343.5052539374136  219.22785741873275  268.72967780551096  17.05999738808589  409.0453930847234  445.9928411483717  353.1439263412674  343.2074325050299  351.83140312249174  189.7345712057775  440.01028205275077  312.27197945665995  453.2096296239198  418.1997132395546  353.3658512931705  290.86074048226664  0.0  226.1251249932518  314.3465345967433  298.25454945871354  -236.67521763761897  315.3650996007716  436.3301374738028  488.5248223659514  157.0014378122351  402.7280627149372  -290.4238433327631  62.31072401280244  32.11534216530276  452.62089103620303  352.94184982884553  365.3697063722289  234.96682872863363  186.10809353474485  181.5003228589835  248.4073132684565  429.25764153114415  275.90587736339535  476.17568885952846  335.61517302459947  453.7038069326912  350.2015286491495  272.9055257537657  348.671392090956  396.36561279241556  127.17169033546008  369.131729796058  423.9870835618843  338.4635544543264  242.90897623452042  279.0377904561497  181.34135051288536  -25.96478631886589  301.9385364735038  428.1788107424793  413.2826543853257  344.11697800639706  456.1062384534194  340.61978437757057  466.85464347386926  304.9063143412096  429.31284510804187  294.3219674809921  348.98195976545577  403.15514120987956  303.31968670278974  408.96664932960425  113.10990707304518  
