Height_Data

node	height
0	119.24543024992789
1	92.89540320409967
2	40.21514092948825
3	192.12529073798865
4	76.6539871143028
5	187.23247949326716
6	90.45007517504943
7	120.58033553345227
8	87.74371929522285
9	63.71268903762525
10	45.75782659880587
11	115.70078262095134
12	76.03917734607504
13	200.8926459087535
14	47.21843529521074
15	71.9305396905927
16	301.86602461115604
17	136.12697979140134
18	270.5549521763958
19	112.16627831657014
20	71.16506163215843
21	122.40735912805911
22	21.41671859830623
23	59.892571993680875
24	255.59701803675014
25	50.64740030496051
26	159.4025759070967
27	68.66813523726596
28	53.74221618220315
29	73.16717430099713
30	302.02322436900727
31	83.91782580497676
32	41.30243067438356
33	166.57712845957607
34	245.0274686357305
35	227.99284546614123
36	78.01993749565021
37	159.90902778906533
38	68.26492371647196
39	73.98063338657983
40	51.35928988193895
41	59.003528131078454
42	221.64544406481465
43	185.3121119666123
44	166.9830814507243
45	70.47366193659326
46	47.065025365522125
47	172.75280975763522
48	57.978275934536875
49	117.63327452164452
50	100.40312459064083
51	62.40476331547495
52	208.74160773417253
53	81.52993118549443
54	70.46640921767532
55	28.638320824499242
56	136.0952726849869
57	273.10886400653146
58	64.52510847271041
59	183.32363988347774
60	66.46782299751634
61	60.971145578663204
62	44.83051979035807
63	56.36934141718511
64	164.0001860964176
65	71.30486249959958
66	153.61807503567752
67	205.64612497167778
68	60.20127128535839
69	236.5069265734744
70	173.6240214121504
71	67.35261550232505
72	178.29437119997908
73	196.2523996357641
74	126.62963021889175
75	332.98697526857757



height_matrix
0.0  92.22509466039878  276.60601262153875  -255.07951170821264  149.07005097468783  -237.95467235168746  100.78374276207455  -4.672168492335345  110.25598834146763  194.3645942430592  257.206612778927  12.406266701417906  151.22188516348496  -285.76525480588964  252.09448234151  165.60211695767316  -639.1720802642986  -59.08542339515708  -529.5833267426376  24.77703176675209  168.2812901621931  -11.066751073459272  342.4004907806758  207.73500389686453  -477.2305572538779  240.0931048073858  -140.55000980009083  177.02053254431675  229.26124923703657  161.2738958212576  -639.722279416778  123.64661555732891  272.80049851440515  -165.6609437337687  -440.23713435030913  -380.6159532567467  144.28922463997185  -142.32259138698112  178.43177286709576  158.4267890217182  237.60149128796127  210.846657415973  -358.4000483521037  -231.23338600839543  -167.08177920278752  170.7011890966712  252.63141709542015  -187.27582827697563  214.43504010386854  5.642545048991792  65.94806980750468  198.94233427058526  -313.2366211948563  132.00424672551708  170.72657361288398  317.12488298900024  -58.97444852270655  -538.5220181481126  191.52112622026115  -224.27373371742453  184.72162538344043  203.95999634942638  260.45218660849434  220.0663109145997  -156.641645462714  167.79198712614908  -120.30425675012373  -302.4024315261246  206.65455637599325  -410.4152371324128  -190.32506906777883  181.62485161660993  -206.67129332517914  -269.5243928504268  -25.844699891373523  -748.0954075652738  
-92.22509466039878  0.0  184.38091796113994  -347.3046063686114  56.84495631428905  -330.17976701208624  8.558648101675772  -96.89726315273413  18.030893681068846  102.13949958266042  164.98151811852827  -79.81882795898088  58.996790503086174  -377.9903494662884  159.86938768111122  73.37702229727438  -731.3971749246974  -151.31051805555586  -621.8084214030364  -67.44806289364669  76.05619550179432  -103.29184573385805  250.17539612027701  115.50990923646575  -569.4556519142767  147.86801014698702  -232.77510446048962  84.79543788391797  137.03615457663778  69.04880116085883  -731.9473740771767  31.421520896930133  180.57540385400637  -257.8860383941675  -532.4622290107079  -472.8410479171455  52.06412997957307  -234.5476860473799  86.20667820669698  66.20169436131943  145.37639662756249  118.62156275557422  -450.62514301250246  -323.4584806687942  -259.3068738631863  78.4760944362724  160.40632243502137  -279.5009229373744  122.20994544346976  -86.58254961140699  -26.2770248528941  106.71723961018648  -405.4617158552551  39.779152065118296  78.5014789524852  224.89978832860146  -151.19954318310533  -630.7471128085114  99.29603155986237  -316.4988283778233  92.49653072304164  111.7349016890276  168.22709194809556  127.84121625420093  -248.86674012311278  75.5668924657503  -212.5293514105225  -394.62752618652337  114.42946171559447  -502.6403317928116  -282.5501637281776  89.39975695621115  -298.8963879855779  -361.7494875108256  -118.0697945517723  -840.3205022256726  
-276.60601262153875  -184.38091796113994  0.0  -531.6855243297514  -127.5359616468509  -514.5606849732262  -175.82226985946417  -281.2781811138741  -166.3500242800711  -82.24141837847952  -19.399399842611672  -264.1997459201208  -125.38412745805377  -562.3712674274284  -24.511530280028722  -111.00389566386556  -915.7780928858374  -335.6914360166958  -806.1893393641764  -251.82898085478664  -108.32472245934562  -287.672763694998  65.79447815913707  -68.8710087246742  -753.8365698754167  -36.512907814152925  -417.1560224216296  -99.58548007722197  -47.34476338450216  -115.33211680028111  -916.3282920383167  -152.9593970642098  -3.8055141071335754  -442.26695635530746  -716.8431469718479  -657.2219658782855  -132.31678798156688  -418.92860400851987  -98.17423975444297  -118.17922359982052  -39.00452133357746  -65.75935520556573  -635.0060609736424  -507.8393986299342  -443.68779182432627  -105.90482352486754  -23.974595526118577  -463.8818408985144  -62.17097251767018  -270.96346757254696  -210.65794281403404  -77.66367835095346  -589.842633816395  -144.60176589602165  -105.87943900865474  40.51887036746152  -335.5804611442453  -815.1280307696513  -85.08488640127757  -500.8797463389633  -91.8843872380983  -72.64601627211235  -16.15382601304438  -56.53970170693901  -433.24765808425275  -108.81402549538964  -396.9102693716625  -579.0084441476633  -69.95145624554547  -687.0212497539516  -466.9310816893176  -94.9811610049288  -483.2773059467179  -546.1304054719656  -302.4507125129122  -1024.7014201868126  
255.07951170821264  347.3046063686114  531.6855243297514  0.0  404.14956268290047  17.12483935652517  355.8632544702872  250.4073432158773  365.33550004968026  449.4441059512718  512.2861244871397  267.48577840963054  406.3013968716976  -30.685743097677005  507.17399404972264  420.6816286658858  -384.092568556086  195.99408831305556  -274.503815034425  279.8565434749647  423.36080187040574  244.01276063475336  597.4800024888884  462.8145156050772  -222.15104554566528  495.1726165155984  114.5295019081218  432.1000442525294  484.3407609452492  416.35340752947025  -384.6427677085653  378.72612726554155  527.8800102226178  89.41856797444393  -185.1576226420965  -125.53644154853407  399.3687363481845  112.75692032123152  433.5112845753084  413.50630072993084  492.6810029961739  465.92616912418566  -103.32053664389105  23.846125699817208  87.99773250542512  425.78070080488385  507.7109288036328  67.803683431237  469.5145518120812  260.7220567572044  321.0275815157173  454.0218459787979  -58.15710948664366  387.0837584337297  425.8060853210966  572.2043946972128  196.10506318550608  -283.44250643989994  446.6006379284738  30.8057779907881  439.80113709165306  459.039508057639  515.531698316707  475.1458226228124  98.43786624549864  422.8714988343617  134.7752549580889  -47.32291981791195  461.7340680842059  -155.33572542420018  64.75444264043381  436.70436332482257  48.4082183830335  -14.444881142214172  229.2348118168391  -493.0158958570612  
-149.07005097468783  -56.84495631428905  127.5359616468509  -404.14956268290047  0.0  -387.0247233263753  -48.28630821261328  -153.74221946702318  -38.8140626332202  45.29454326837137  108.13656180423922  -136.66378427326993  2.1518341887971246  -434.83530578057747  103.02443136682217  16.53206598298533  -788.2421312389865  -208.1554743698449  -678.6533777173254  -124.29301920793574  19.21123918750527  -160.1368020481471  193.33043980598796  58.664952922176695  -626.3006082285658  91.02305383269797  -289.62006077477866  27.95048156962892  80.19119826234873  12.20384484656978  -788.7923303914658  -25.423435417358917  123.73044753971732  -314.73099470845654  -589.3071853249969  -529.6860042314345  -4.780826334715982  -291.39264236166895  29.361721892407928  9.356738047030376  88.53144031327344  61.77660644128517  -507.4700993267915  -380.30343698308326  -316.15183017747535  21.631138121983355  103.56136612073232  -336.34587925166346  65.36498912918071  -143.42750592569604  -83.12198116718315  49.87228329589743  -462.30667216954413  -17.065804249170753  21.65652263819615  168.0548320143124  -208.04449949739438  -687.5920691228005  42.45107524557332  -373.34378469211237  35.651574408752595  54.889945374738545  111.38213563380651  70.99625993991188  -305.7116964374018  18.72193615146125  -269.37430772481156  -451.4724825008124  57.58450540130542  -559.4852881071006  -339.39512004246666  32.5548006419221  -355.74134429986697  -418.59444382511464  -174.91475086606135  -897.1654585399617  
237.95467235168746  330.17976701208624  514.5606849732262  -17.12483935652517  387.0247233263753  0.0  338.738415113762  233.28250385935212  348.2106606931551  432.31926659474664  495.1612851306145  250.36093905310537  389.1765575151724  -47.81058245420218  490.04915469319747  403.5567893093606  -401.2174079126112  178.86924895653038  -291.62865439095015  262.73170411843955  406.23596251388057  226.8879212782282  580.3551631323633  445.689676248552  -239.27588490219046  478.04777715907323  97.40466255159663  414.97520489600424  467.21592158872403  399.2285681729451  -401.7676070650905  361.6012879090164  510.7551708660926  72.29372861791876  -202.28246199862167  -142.66128090505924  382.2438969916593  95.63208096470635  416.38644521878325  396.38146137340567  475.55616363964873  448.8013297676605  -120.44537600041622  6.721286343292036  70.87289314889995  408.6558614483587  490.5860894471076  50.67884407471183  452.38971245555604  243.59721740067926  303.90274215919214  436.8970066222727  -75.28194884316883  369.95891907720454  408.6812459645714  555.0795553406876  178.9802238289809  -300.5673457964251  429.47579857194864  13.68093863426293  422.6762977351279  441.91466870111384  498.4068589601818  458.0209832662872  81.31302688897347  405.74665947783654  117.65041560156374  -64.44775917443712  444.6092287276807  -172.46056478072535  47.62960328390864  419.5795239682974  31.283379026508328  -31.569720498739343  212.10997246031394  -510.14073521358637  
-100.78374276207455  -8.558648101675772  175.82226985946417  -355.8632544702872  48.28630821261328  -338.738415113762  0.0  -105.4559112544099  9.472245579393075  93.58085148098465  156.4228700168525  -88.37747606065665  50.4381424014104  -386.5489975679642  151.31073957943545  64.81837419559861  -739.9558230263732  -159.86916615723163  -630.3670695047122  -76.00671099532246  67.49754740011855  -111.85049383553383  241.61674801860124  106.95126113478997  -578.0143000159525  139.30936204531125  -241.3337525621654  76.2367897822422  128.477506474962  60.49015305918306  -740.5060221788525  22.86287279525436  172.0167557523306  -266.44468649584326  -541.0208771123837  -481.39969601882126  43.505481877897296  -243.10633414905567  77.6480301050212  57.643046259643654  136.8177485258867  110.06291465389845  -459.18379111417823  -332.01712877047  -267.86552196486207  69.91744633459663  151.8476743333456  -288.0595710390502  113.65129734179399  -95.14119771308276  -34.83567295456987  98.15859150851071  -414.02036395693085  31.220503963442525  69.94283085080943  216.3411402269257  -159.7581912847811  -639.3057609101871  90.7373834581866  -325.0574764794991  83.93788262136587  103.17625358735182  159.6684438464198  119.28256815252516  -257.42538822478855  67.00824436407453  -221.08799951219828  -403.18617428819914  105.8708136139187  -511.19897989448737  -291.1088118298534  80.84110885453538  -307.4550360872537  -370.30813561250136  -126.62844265344808  -848.8791503273484  
4.672168492335345  96.89726315273413  281.2781811138741  -250.4073432158773  153.74221946702318  -233.28250385935212  105.4559112544099  0.0  114.92815683380297  199.03676273539455  261.87878127126237  17.07843519375325  155.8940536558203  -281.0930863135543  256.76665083384535  170.2742854500085  -634.4999117719633  -54.413254902821734  -524.9111582503023  29.449200259087434  172.95345865452845  -6.394582581123927  347.07265927301114  212.40717238919987  -472.5583887615426  244.76527329972114  -135.8778413077555  181.6927010366521  233.9334177293719  165.94606431359296  -635.0501109244426  128.31878404966426  277.4726670067405  -160.98877524143336  -435.5649658579738  -375.94378476441136  148.9613931323072  -137.65042289464577  183.1039413594311  163.09895751405355  242.2736597802966  215.51882590830834  -353.72787985976834  -226.56121751606008  -162.40961071045217  175.37335758900653  257.3035855877555  -182.60365978464029  219.1072085962039  10.314713541327137  70.62023829984003  203.6145027629206  -308.56445270252095  136.67641521785242  175.39874210521933  321.7970514813356  -54.30228003037121  -533.8498496557772  196.1932947125965  -219.6015652250892  189.39379387577577  208.63216484176172  265.1243551008297  224.73847940693506  -151.96947697037865  172.46415561848443  -115.63208825778838  -297.73026303378924  211.3267248683286  -405.74306864007747  -185.65290057544348  186.29702010894528  -201.9991248328438  -264.85222435809146  -21.172531399038178  -743.4232390729385  
-110.25598834146763  -18.030893681068846  166.3500242800711  -365.33550004968026  38.8140626332202  -348.2106606931551  -9.472245579393075  -114.92815683380297  0.0  84.10860590159157  146.95062443745942  -97.84972164004972  40.96589682201733  -396.02124314735727  141.83849400004237  55.34612861620553  -749.4280686057663  -169.3414117366247  -639.8393150841052  -85.47895657471554  58.025301820725474  -121.3227394149269  232.14450243920817  97.4790155553969  -587.4865455953455  129.83711646591817  -250.80599814155846  66.76454420284912  119.00526089556894  51.01790747978998  -749.9782677582456  13.390627215861286  162.54451017293752  -275.91693207523633  -550.4931226917768  -490.87194159821433  34.03323629850422  -252.57857972844874  68.17578452562813  48.17080068025058  127.34550294649364  100.59066907450537  -468.6560366935713  -341.48937434986306  -277.33776754425514  60.44520075520356  142.37542875395252  -297.53181661844326  104.17905176240092  -104.61344329247584  -44.30791853396295  88.68634592911764  -423.4926095363239  21.74825838404945  60.470585271416354  206.8688946475326  -169.23043686417418  -648.7780064895802  81.26513787879352  -334.52972205889216  74.4656370419728  93.70400800795875  150.19619826702672  109.81032257313208  -266.8976338041816  57.53599878468145  -230.56024509159136  -412.6584198675922  96.39856803452562  -520.6712254738804  -300.58105740924645  71.3688632751423  -316.92728166664676  -379.78038119189443  -136.10068823284115  -858.3513959067415  
-194.3645942430592  -102.13949958266042  82.24141837847952  -449.4441059512718  -45.29454326837137  -432.31926659474664  -93.58085148098465  -199.03676273539455  -84.10860590159157  0.0  62.84201853586785  -181.9583275416413  -43.142709079574246  -480.1298490489488  57.7298880984508  -28.76247728538604  -833.5366745073578  -253.45001763821628  -723.9479209856968  -169.5875624763071  -26.0833040808661  -205.43134531651847  148.0358965376166  13.370409653805325  -671.5951514969371  45.7285105643266  -334.91460404315  -17.34406169874245  34.896654993977364  -33.09069842180159  -834.0868736598371  -70.71797868573029  78.43590427134595  -360.0255379768279  -634.6017285933683  -574.9805474998059  -50.07536960308735  -336.6871856300403  -15.932821375963442  -35.937805221340994  43.236897044902065  16.482063172913797  -552.7646425951629  -425.5979802514546  -361.4463734458467  -23.663405146388016  58.266822852360946  -381.6404225200348  20.070445860809343  -188.7220491940674  -128.41652443555452  4.577740027526062  -507.60121543791547  -62.360347517542124  -23.63802063017522  122.76028874594104  -253.33904276576575  -732.8866123911718  -2.8434680227980493  -418.6383279604837  -9.642968859618776  9.595402106367175  66.08759236543514  25.70171667154051  -351.00623970577317  -26.57260711691012  -314.6688509931829  -496.76702576918376  12.28996213293405  -604.779831375472  -384.689663310838  -12.73974262644927  -401.0358875682383  -463.888987093486  -220.20929413443272  -942.460001808333  
-257.206612778927  -164.98151811852827  19.399399842611672  -512.2861244871397  -108.13656180423922  -495.1612851306145  -156.4228700168525  -261.87878127126237  -146.95062443745942  -62.84201853586785  0.0  -244.80034607750915  -105.9847276154421  -542.9718675848167  -5.112130437417051  -91.60449582125389  -896.3786930432257  -316.29203617408416  -786.7899395215646  -232.42958101217496  -88.92532261673395  -268.2733638523863  85.19387800174874  -49.471608882062526  -734.4371700328049  -17.113507971541253  -397.75662257901786  -80.1860802346103  -27.945363541890487  -95.93271695766944  -896.928892195705  -133.55999722159814  15.593885735478096  -422.8675565126957  -697.4437471292362  -637.8225660356737  -112.9173881389552  -399.52920416590814  -78.7748399118313  -98.77982375720885  -19.605121490965786  -46.359955362954054  -615.6066611310307  -488.43999878732245  -424.28839198171454  -86.50542368225587  -4.575195683506905  -444.48244105590265  -42.77157267505851  -251.56406772993526  -191.25854297142237  -58.26427850834179  -570.4432339737833  -125.20236605340997  -86.48003916604307  59.91827021007319  -316.1810613016336  -795.7286309270396  -65.6854865586659  -481.48034649635156  -72.48498739548663  -53.246616429500676  3.2455738295672916  -37.14030186432734  -413.848258241641  -89.41462565277797  -377.51086952905075  -559.6090443050516  -50.5520564029338  -667.6218499113398  -447.53168184670585  -75.58176116231712  -463.87790610410616  -526.7310056293538  -283.0513126703006  -1005.3020203442009  
-12.406266701417906  79.81882795898088  264.1997459201208  -267.48577840963054  136.66378427326993  -250.36093905310537  88.37747606065665  -17.07843519375325  97.84972164004972  181.9583275416413  244.80034607750915  0.0  138.81561846206705  -298.17152150730755  239.6882156400921  153.19585025625526  -651.5783469657165  -71.49169009657498  -541.9895934440556  12.370765065334183  155.8750234607752  -23.473017774877178  329.9942240792579  195.32873719544662  -489.6368239552958  227.6868381059679  -152.95627650150874  164.61426584289885  216.85498253561866  148.8676291198397  -652.1285461181958  111.24034885591101  260.39423181298724  -178.0672104351866  -452.64340105172704  -393.0222199581646  131.88295793855394  -154.72885808839902  166.02550616567785  146.0205223203003  225.19522458654336  198.4403907145551  -370.8063150535216  -243.63965270981333  -179.48804590420542  158.29492239525328  240.22515039400224  -199.68209497839354  202.02877340245064  -6.7637216524261135  53.541803106086775  186.53606756916736  -325.6428878962742  119.59798002409917  158.32030691146608  304.71861628758234  -71.38071522412446  -550.9282848495304  179.11485951884325  -236.68000041884244  172.31535868202252  191.55372964800847  248.04591990707644  207.6600442131818  -169.0479121641319  155.38572042473118  -132.71052345154163  -314.8086982275425  194.24828967457535  -422.8215038338307  -202.73133576919673  169.21858491519203  -219.07756002659704  -281.9306595518447  -38.25096659279143  -760.5016742666917  
-151.22188516348496  -58.996790503086174  125.38412745805377  -406.3013968716976  -2.1518341887971246  -389.1765575151724  -50.4381424014104  -155.8940536558203  -40.96589682201733  43.142709079574246  105.9847276154421  -138.81561846206705  0.0  -436.9871399693746  100.87259717802505  14.380231794188205  -790.3939654277835  -210.30730855864203  -680.8052119061226  -126.44485339673287  17.059404998708146  -162.28863623694423  191.17860561719084  56.51311873337957  -628.4524424173628  88.87121964390084  -291.7718949635758  25.798647380831795  78.03936407355161  10.052010657772655  -790.9441645802628  -27.57526960615604  121.5786133509202  -316.88282889725366  -591.4590195137941  -531.8378384202317  -6.932660523513107  -293.5444765504661  27.209887703610804  7.204903858233251  86.37960612447631  59.62477225248804  -509.62193351558864  -382.4552711718804  -318.30366436627247  19.47930393318623  101.40953193193519  -338.4977134404606  63.21315494038359  -145.57934011449316  -85.27381535598028  47.72044910710031  -464.45850635834125  -19.217638437967878  19.504688449399026  165.90299782551529  -210.1963336861915  -689.7439033115975  40.2992410567762  -375.4956188809095  33.49974021995547  52.73811118594142  109.23030144500939  68.84442575111476  -307.86353062619895  16.570101962664125  -271.5261419136087  -453.62431668960954  55.432671212508296  -561.6371222958978  -341.5469542312638  30.402966453124975  -357.8931784886641  -420.74627801391176  -177.06658505485848  -899.3172927287587  
285.76525480588964  377.9903494662884  562.3712674274284  30.685743097677005  434.83530578057747  47.81058245420218  386.5489975679642  281.0930863135543  396.02124314735727  480.1298490489488  542.9718675848167  298.17152150730755  436.9871399693746  0.0  537.8597371473996  451.3673717635628  -353.406825458409  226.67983141073256  -243.81807193674797  310.54228657264173  454.04654496808274  274.69850373243037  628.1657455865654  493.5002587027542  -191.46530244798828  525.8583596132754  145.2152450057988  462.7857873502064  515.0265040429263  447.03915062714725  -353.9570246108883  409.41187036321855  558.5657533202948  120.10431107212094  -154.4718795444195  -94.85069845085707  430.0544794458615  143.44266341890852  464.1970276729854  444.19204382760785  523.3667460938509  496.61191222186267  -72.63479354621404  54.53186879749421  118.68347560310212  456.46644390256085  538.3966719013098  98.48942652891401  500.2002949097582  291.40779985488143  351.7133246133943  484.7075890764749  -27.471366388966658  417.7695015314067  456.4918284187736  602.8901377948898  226.7908062831831  -252.75676334222294  477.2863810261508  61.491521088465106  470.48688018933007  489.725251155316  546.217441414384  505.8315657204894  129.12360934317564  453.5572419320387  165.4609980557659  -16.637176720234947  492.4198111818829  -124.64998232652317  95.44018573811081  467.39010642249957  79.0939614807105  16.240861955462833  259.9205549145161  -462.3301527593842  
-252.09448234151  -159.86938768111122  24.511530280028722  -507.17399404972264  -103.02443136682217  -490.04915469319747  -151.31073957943545  -256.76665083384535  -141.83849400004237  -57.7298880984508  5.112130437417051  -239.6882156400921  -100.87259717802505  -537.8597371473996  0.0  -86.49236538383684  -891.2665626058086  -311.1799057366671  -781.6778090841476  -227.3174505747579  -83.8131921793169  -263.1612334149693  90.3060084391658  -44.359478444645475  -729.3250395953879  -12.001377534124202  -392.64449214160084  -75.07394979719325  -22.833233104473436  -90.82058652025239  -891.816761758288  -128.4478667841811  20.706016172895147  -417.7554260752787  -692.3316166918191  -632.7104355982567  -107.80525770153815  -394.4170737284911  -73.66270947441424  -93.6676933197918  -14.492991053548735  -41.247824925537  -610.4945306936137  -483.32786834990543  -419.1762615442975  -81.39329324483882  0.5369347539101454  -439.37031061848563  -37.65944223764146  -246.4519372925182  -186.14641253400532  -53.15214807092474  -565.3311035363663  -120.09023561599292  -81.36790872862602  65.03040064749024  -311.06893086421655  -790.6165004896226  -60.57335612124885  -476.36821605893454  -67.37285695806958  -48.134485992083626  8.357704266984342  -32.02817142691029  -408.736127804224  -84.30249521536092  -372.39873909163373  -554.4969138676346  -45.43992596551675  -662.5097194739228  -442.41955140928883  -70.46963072490007  -458.76577566668914  -521.6188751919368  -277.9391822328835  -1000.1898899067838  
-165.60211695767316  -73.37702229727438  111.00389566386556  -420.6816286658858  -16.53206598298533  -403.5567893093606  -64.81837419559861  -170.2742854500085  -55.34612861620553  28.76247728538604  91.60449582125389  -153.19585025625526  -14.380231794188205  -451.3673717635628  86.49236538383684  0.0  -804.7741972219718  -224.68754035283024  -695.1854437003108  -140.82508519092107  2.679173204519941  -176.66886803113243  176.79837382300263  42.132886939191366  -642.8326742115511  74.49098784971264  -306.152126757764  11.41841558664359  63.659132279363405  -4.32822113641555  -805.3243963744511  -41.95550140034425  107.19838155673199  -331.26306069144186  -605.8392513079823  -546.2180702144199  -21.312892317701312  -307.9247083446543  12.829655909422598  -7.175327935954954  71.9993743302881  45.24454045829984  -524.0021653097768  -396.8355029660686  -332.6838961604607  5.099072138998025  87.02930013774699  -352.8779452346488  48.832923146195384  -159.95957190868137  -99.65404715016848  33.3402173129121  -478.83873815252946  -33.59787023215608  5.124456655210821  151.52276603132708  -224.5765654803797  -704.1241351057857  25.91900926258799  -389.8758506750977  19.119508425767265  38.357879391753215  94.85006965082118  54.46419395692655  -322.24376242038716  2.1898701684759203  -285.9063737077969  -468.00454848379775  41.05243941832009  -576.017354090086  -355.927186025452  16.02273465893677  -372.2734102828523  -435.12650980809997  -191.44681684904668  -913.697524522947  
639.1720802642986  731.3971749246974  915.7780928858374  384.092568556086  788.2421312389865  401.2174079126112  739.9558230263732  634.4999117719633  749.4280686057663  833.5366745073578  896.3786930432257  651.5783469657165  790.3939654277835  353.406825458409  891.2665626058086  804.7741972219718  0.0  580.0866568691415  109.58875352166103  663.9491120310507  807.4533704264918  628.1053291908394  981.5725710449744  846.9070841611632  161.94152301042072  879.2651850716844  498.6220704642078  816.1926128086154  868.4333295013353  800.4459760855563  -0.5501991524793084  762.8186958216276  911.9725787787038  473.51113653052994  198.9349459139895  258.55612700755194  783.4613049042705  496.8494888773175  817.6038531313944  797.5988692860169  876.7735715522599  850.0187376802717  280.77203191219496  407.9386942559032  472.0903010615111  809.8732693609699  891.8034973597188  451.896251987323  853.6071203681672  644.8146253132904  705.1201500718033  838.114414534884  325.93545906944235  771.1763269898157  809.8986538771826  956.2969632532988  580.1976317415921  100.65006211618606  830.6932064845598  414.8983465468741  823.8937056477391  843.1320766137251  899.624266872793  859.2383911788984  482.53043480158465  806.9640673904478  518.8678235141749  336.76964873817406  845.8266366402919  228.75684313188583  448.8470111965198  820.7969318809086  432.5007869391195  369.64768741387184  613.3273803729251  -108.92332730097519  
59.08542339515708  151.31051805555586  335.6914360166958  -195.99408831305556  208.1554743698449  -178.86924895653038  159.86916615723163  54.413254902821734  169.3414117366247  253.45001763821628  316.29203617408416  71.49169009657498  210.30730855864203  -226.67983141073256  311.1799057366671  224.68754035283024  -580.0866568691415  0.0  -470.49790334748053  83.86245516190917  227.36671355735018  48.01867232169781  401.4859141758329  266.8204272920216  -418.14513385872084  299.1785282025429  -81.46458640493375  236.10595593947383  288.34667263219364  220.3593192164147  -580.6368560216208  182.732038952486  331.8859219095622  -106.57552033861162  -381.15171095515205  -321.5305298615896  203.37464803512893  -83.23716799182404  237.51719626225284  217.5122124168753  296.68691468311835  269.93208081113005  -299.3146249569466  -172.14796261323835  -107.99635580763044  229.78661249182827  311.7168404905772  -128.19040488181855  273.5204634990256  64.72796844414887  125.03349320266176  258.02775766574234  -254.15119779969922  191.08967012067416  229.81199700804106  376.2103063841573  0.11097487245052662  -479.4365947529555  250.60654961541823  -165.18831032226745  243.8070487785975  263.04541974458346  319.5376100036514  279.15173430975676  -97.55622206755692  226.87741052130616  -61.21883335496665  -243.3170081309675  265.73997977115033  -351.32981373725573  -131.23964567262175  240.710275011767  -147.58586993002206  -210.43896945526973  33.240723503783556  -689.0099841701167  
529.5833267426376  621.8084214030364  806.1893393641764  274.503815034425  678.6533777173254  291.62865439095015  630.3670695047122  524.9111582503023  639.8393150841052  723.9479209856968  786.7899395215646  541.9895934440556  680.8052119061226  243.81807193674797  781.6778090841476  695.1854437003108  -109.58875352166103  470.49790334748053  0.0  554.3603585093897  697.8646169048307  518.5165756691783  871.9838175233134  737.3183306395022  52.35276948875969  769.6764315500234  389.0333169425468  706.6038592869544  758.8445759796741  690.8572225638952  -110.13895267414034  653.2299422999665  802.3838252570428  363.9223830088689  89.34619239232848  148.9673734858909  673.8725513826095  387.2607353556565  708.0150996097334  688.0101157643558  767.1848180305989  740.4299841586106  171.18327839053393  298.3499407342422  362.5015475398501  700.2845158393088  782.2147438380578  342.307498465662  744.0183668465062  535.2258717916294  595.5313965501423  728.5256610132228  216.3467055477813  661.5875734681547  700.3099003555216  846.7082097316379  470.60887821993106  -8.93869140547497  721.1044529628988  305.3095930252131  714.304952126078  733.5433230920639  790.035513351132  749.6496376572373  372.9416812799236  697.3753138687866  409.2790699925139  227.18089521651302  736.2378831186309  119.1680896102248  339.2582576748588  711.2081783592475  322.9120334174585  260.0589338922108  503.7386268512641  -218.51208082263622  
-24.77703176675209  67.44806289364669  251.82898085478664  -279.8565434749647  124.29301920793574  -262.73170411843955  76.00671099532246  -29.449200259087434  85.47895657471554  169.5875624763071  232.42958101217496  -12.370765065334183  126.44485339673287  -310.54228657264173  227.3174505747579  140.82508519092107  -663.9491120310507  -83.86245516190917  -554.3603585093897  0.0  143.504258395441  -35.84378284021136  317.6234590139237  182.95797213011244  -502.00758902063  215.3160730406337  -165.32704156684292  152.24350077756466  204.48421747028448  136.49686405450552  -664.49931118353  98.86958379057683  248.02346674765306  -190.4379755005208  -465.0141661170612  -405.3929850234988  119.51219287321976  -167.0996231537332  153.65474110034367  133.64975725496612  212.82445952120918  186.0696256492209  -383.17708011885577  -256.0104177751475  -191.8588109695396  145.9241573299191  227.85438532866806  -212.05286004372772  189.65800833711646  -19.134486717760296  41.17103804075259  174.16530250383317  -338.0136529616084  107.22721495876499  145.9495418461319  292.34785122224815  -83.75148028945864  -563.2990499148647  166.74409445350906  -249.05076548417662  159.94459361668834  179.1829645826743  235.67515484174226  195.28927914784762  -181.41867722946608  143.014955359397  -145.08128851687582  -327.1794632928767  181.87752460924116  -435.1922688991649  -215.10210083453092  156.84781984985784  -231.44832509193122  -294.3014246171789  -50.62173165812561  -772.8724393320259  
-168.2812901621931  -76.05619550179432  108.32472245934562  -423.36080187040574  -19.21123918750527  -406.23596251388057  -67.49754740011855  -172.95345865452845  -58.025301820725474  26.0833040808661  88.92532261673395  -155.8750234607752  -17.059404998708146  -454.04654496808274  83.8131921793169  -2.679173204519941  -807.4533704264918  -227.36671355735018  -697.8646169048307  -143.504258395441  0.0  -179.34804123565237  174.1192006184827  39.453713734671425  -645.5118474160711  71.8118146451927  -308.83129996228394  8.73924238212365  60.979959074843464  -7.007394340935491  -808.0035695789711  -44.63467460486419  104.51920835221205  -333.9422338959618  -608.5184245125022  -548.8972434189398  -23.992065522221253  -310.6038815491742  10.150482704902657  -9.854501140474895  69.32020112576816  42.5653672537799  -526.6813385142968  -399.51467617058853  -335.3630693649806  2.419898934478084  84.35012693322705  -355.55711843916873  46.15374994167544  -162.6387451132013  -102.33322035468842  30.66104410839216  -481.5179113570494  -36.277043436676024  2.44528345069088  148.84359282680714  -227.25573868489965  -706.8033083103057  23.23983605806805  -392.55502387961764  16.440335221247324  35.678706187233274  92.17089644630124  51.78502075240661  -324.9229356249071  -0.4893030360440207  -288.58554691231683  -470.6837216883177  38.37326621380015  -578.6965272946059  -358.60635922997193  13.343561454416829  -374.95258348737224  -437.8056830126199  -194.12599005356662  -916.376697727467  
11.066751073459272  103.29184573385805  287.672763694998  -244.01276063475336  160.1368020481471  -226.8879212782282  111.85049383553383  6.394582581123927  121.3227394149269  205.43134531651847  268.2733638523863  23.473017774877178  162.28863623694423  -274.69850373243037  263.1612334149693  176.66886803113243  -628.1053291908394  -48.01867232169781  -518.5165756691783  35.84378284021136  179.34804123565237  0.0  353.46724185413507  218.8017549703238  -466.16380618041865  251.15985588084507  -129.48325872663156  188.08728361777602  240.32800031049584  172.34064689471688  -628.6555283433187  134.7133666307882  283.8672495878644  -154.59419266030943  -429.17038327684986  -369.54920218328743  155.35597571343112  -131.25584031352184  189.49852394055503  169.49354009517748  248.66824236142054  221.91340848943227  -347.3332972786444  -220.16663493493616  -156.01502812932824  181.76794017013046  263.6981681688794  -176.20907720351636  225.50179117732782  16.709296122451065  77.01482088096395  210.00908534404454  -302.169870121397  143.07099779897635  181.79332468634325  328.1916340624595  -47.90769744924728  -527.4552670746533  202.58787729372042  -213.20698264396526  195.7883764568997  215.02674742288565  271.5189376819536  231.13306198805898  -145.57489438925472  178.85873819960835  -109.23750567666445  -291.3356804526653  217.72130744945252  -399.34848605895354  -179.25831799431955  192.6916026900692  -195.60454225171986  -258.45764177696753  -14.77794881791425  -737.0286564918146  
-342.4004907806758  -250.17539612027701  -65.79447815913707  -597.4800024888884  -193.33043980598796  -580.3551631323633  -241.61674801860124  -347.07265927301114  -232.14450243920817  -148.0358965376166  -85.19387800174874  -329.9942240792579  -191.17860561719084  -628.1657455865654  -90.3060084391658  -176.79837382300263  -981.5725710449744  -401.4859141758329  -871.9838175233134  -317.6234590139237  -174.1192006184827  -353.46724185413507  0.0  -134.66548688381127  -819.6310480345537  -102.30738597329  -482.95050058076663  -165.37995823635904  -113.13924154363923  -181.12659495941818  -982.1227701974537  -218.75387522334688  -69.59999226627065  -508.0614345144445  -782.6376251309849  -723.0164440374225  -198.11126614070395  -484.7230821676569  -163.96871791358004  -183.9737017589576  -104.79899949271453  -131.5538333647028  -700.8005391327795  -573.6338767890712  -509.4822699834633  -171.6993016840046  -89.76907368525565  -529.6763190576514  -127.96545067680725  -336.757945731684  -276.4524209731711  -143.45815651009053  -655.6371119755321  -210.39624405515872  -171.6739171677918  -25.275607791675554  -401.37493930338235  -880.9225089287884  -150.87936456041464  -566.6742244981003  -157.67886539723537  -138.44049443124942  -81.94830417218145  -122.33417986607608  -499.0421362433898  -174.60850365452671  -462.7047475307995  -644.8029223068004  -135.74593440468254  -752.8157279130886  -532.7255598484546  -160.77563916406586  -549.0717841058549  -611.9248836311026  -368.2451906720493  -1090.4958983459496  
-207.73500389686453  -115.50990923646575  68.8710087246742  -462.8145156050772  -58.664952922176695  -445.689676248552  -106.95126113478997  -212.40717238919987  -97.4790155553969  -13.370409653805325  49.471608882062526  -195.32873719544662  -56.51311873337957  -493.5002587027542  44.359478444645475  -42.132886939191366  -846.9070841611632  -266.8204272920216  -737.3183306395022  -182.95797213011244  -39.453713734671425  -218.8017549703238  134.66548688381127  0.0  -684.9655611507425  32.35810091052127  -348.2850136969554  -30.714471352547775  21.52624534017204  -46.461108075606916  -847.4572833136425  -84.08838833953561  65.06549461754062  -373.39594763063326  -647.9721382471737  -588.3509571536113  -63.44577925689268  -350.05759528384567  -29.303231029768767  -49.30821487514632  29.86648739109674  3.111653519108472  -566.1350522489682  -438.96838990526  -374.81678309965207  -37.03381480019334  44.89641319855562  -395.0108321738402  6.700036207004018  -202.09245884787273  -141.78693408935985  -8.792669626279263  -520.9716250917209  -75.73075717134745  -37.008430283980545  109.38987909213571  -266.7094524195711  -746.2570220449771  -16.213877676603374  -432.0087376142891  -23.0133785134241  -3.7750075474381504  52.71718271162982  12.331307017735185  -364.37664935957855  -39.943016770715445  -328.0392606469883  -510.13743542298914  -1.0804475208712745  -618.1502410292774  -398.0600729646434  -26.110152280254596  -414.4062972220437  -477.25939674729136  -233.57970378823805  -955.8304114621384  
477.2305572538779  569.4556519142767  753.8365698754167  222.15104554566528  626.3006082285658  239.27588490219046  578.0143000159525  472.5583887615426  587.4865455953455  671.5951514969371  734.4371700328049  489.6368239552958  628.4524424173628  191.46530244798828  729.3250395953879  642.8326742115511  -161.94152301042072  418.14513385872084  -52.35276948875969  502.00758902063  645.5118474160711  466.16380618041865  819.6310480345537  684.9655611507425  0.0  717.3236620612637  336.6805474537871  654.2510897981947  706.4918064909145  638.5044530751355  -162.49172216290003  600.8771728112068  750.0310557682831  311.5696135201092  36.993422903568785  96.61460399713121  621.5197818938498  334.9079658668968  655.6623301209737  635.6573462755962  714.8320485418392  688.077214669851  118.83050890177424  245.9971712454825  310.1487780510904  647.9317463505491  729.8619743492981  289.9547289769023  691.6655973577465  482.8731023028697  543.1786270613826  676.1728915244632  163.99393605902162  609.234803979395  647.9571308667619  794.3554402428781  418.25610873117137  -61.29146089423466  668.7516834741391  252.95682353645338  661.9521826373184  681.1905536033044  737.6827438623723  697.2968681684777  320.5889117911639  645.022544380027  356.9263005037542  174.82812572775333  683.8851136298712  66.8153201214651  286.9054881860991  658.8554088704878  270.5592639286988  207.7061644034511  451.3858573625044  -270.8648503113959  
