Height_Data

node	height
0	162.48989812071542
1	210.54103557753032
2	48.46850171887648
3	80.83963106099382
4	184.6930464121617
5	135.09342623664918
6	102.7051200944142
7	217.91645283813082
8	72.5321705998064
9	133.3358485386565
10	271.215982400413
11	158.56706471307567
12	69.31009763832829
13	117.88267500967832
14	101.65857976834306
15	232.43206969538713
16	158.25386265642723
17	129.64314314605232
18	121.69534883910936
19	39.058376093677
20	100.00965130724764
21	109.6115032353501
22	172.02444666552648
23	58.50819312810059
24	34.945524329333736
25	93.5363568795232
26	126.73483808432192
27	199.79399745840433
28	90.71972183561583
29	96.66496726424573
30	213.00551917246088
31	79.3400068943978
32	86.81689514654512
33	74.18413330228904
34	237.2987675841827
35	120.25164058124628
36	218.72888333985995
37	213.7018106049661
38	96.54289783404617
39	201.42237215689136
40	124.67048531017619
41	22.34428214556723
42	90.06703103520786
43	42.862064711487655
44	153.58992975184245
45	273.0631366708405
46	52.88921312051122
47	156.61352992815145
48	74.79634490528544
49	143.72358182061612
50	120.71263202405672
51	125.60462283744954
52	145.7009854868969
53	28.879968188769944
54	183.45682126195655
55	69.65753916350732
56	112.27994437440209
57	219.20987737078104
58	28.293640757674094
59	108.03817827168989
60	98.31012761718377
61	46.167136088622854
62	190.90586931876885
63	270.5587557756626
64	74.56548817591259
65	250.72325431025146
66	91.27564887343361
67	225.8200737599246
68	103.30322920001088
69	228.48823629114912
70	276.81689822312836
71	224.1606042032503
72	88.01841196771623
73	26.978940840308063
74	206.52085703293758
75	185.50968590251017



height_matrix
0.0  -168.1789810988522  399.0748874064363  285.7759347090256  -77.71101902006194  95.88765159423184  209.24672309205425  -193.99294151095387  314.8520463231815  102.03917353720618  -380.54129497894155  13.729916926739179  326.129301688355  156.12528088862985  212.90961423330327  -244.797600511351  14.826124125008619  114.96364241132085  142.7809224856212  432.0103270946345  218.68086384713723  185.07438209877864  -33.37091990683871  363.9359674741519  446.4053082698359  241.33739434417276  125.14271012737726  -130.56434768191116  251.19561699784856  230.38725799764393  -176.80467368110908  291.02461929211165  264.85551040959604  309.07017686449234  -261.8310431221355  147.833901388142  -196.83644826700584  -179.24169369487743  230.81450100334234  -136.26365912661572  132.36794483688732  490.50965591301866  253.48003479927644  418.6974169322972  31.149889291055388  -387.0063349254377  383.6023975007147  20.56728867397385  306.92743625400493  65.68210705034755  146.22043133830545  129.0984634914306  58.76119421836478  467.6347547618092  -73.38423099434397  324.9132563502283  175.73483811209667  -198.5199273752297  469.6869007706446  190.58101947158934  224.62919676236078  407.129667112324  -99.45589919318695  -378.24100179231505  307.7354348068099  -308.8167466633762  249.24987236548634  -221.6556147372322  207.15334122246588  -230.99418359651793  -400.14450035844527  -215.84747128887204  260.65020153549716  474.28835048142577  -154.1083561927776  -80.5692572362816  
168.1789810988522  0.0  567.2538685052884  453.9549158078778  90.46796207879026  264.06663269308405  377.42570419090646  -25.813960412101665  483.03102742203373  270.2181546360584  -212.36231388008935  181.90889802559138  494.3082827872072  324.30426198748205  381.0885953321555  -76.61861941249879  183.00510522386082  283.14262351017305  310.9599035844734  600.1893081934867  386.85984494598944  353.25336319763085  134.8080611920135  532.1149485730041  614.5842893686881  409.51637544302497  293.32169122622946  37.61463341694105  419.37459809670077  398.56623909649613  -8.625692582256875  459.20360039096386  433.03449150844824  477.24915796334454  -93.65206202328329  316.0128824869942  -28.65746716815363  -11.062712596025222  398.99348210219455  31.915321972236484  300.5469259357395  658.6886370118709  421.65901589812864  586.8763980311494  199.3288703899076  -218.82735382658552  551.7813785995669  188.74626977282605  475.10641735285714  233.86108814919976  314.39941243715765  297.2774445902828  226.94017531721698  635.8137358606614  94.79475010450824  493.0922374490805  343.9138192109489  -30.340946276377508  637.8658818694969  358.76000057044155  392.808177861213  575.3086482111762  68.72308190566525  -210.06202069346284  475.9144159056621  -140.637765564524  417.42885346433854  -53.47663363838001  375.3323223213181  -62.81520249766572  -231.96551925959307  -47.66849019001984  428.82918263434937  642.4673315802779  14.070624906074613  87.6097238625706  
-399.0748874064363  -567.2538685052884  0.0  -113.2989526974107  -476.78590642649823  -303.18723581220445  -189.82816431438204  -593.0678289173902  -84.22284108325474  -297.0357138692301  -779.6161823853779  -385.3449704796971  -72.94558571808133  -242.94960651780644  -186.16527317313302  -643.8724879177873  -384.24876328142767  -284.11124499511544  -256.2939649208151  32.93543968819819  -180.39402355929906  -214.00050530765765  -432.445807313275  -35.13891993228438  47.33042086339961  -157.73749306226352  -273.93217727905903  -529.6392350883475  -147.87927040858773  -168.68762940879236  -575.8795610875454  -108.05026811432464  -134.21937699684025  -90.00471054194395  -660.9059305285718  -251.24098601829428  -595.9113356734422  -578.3165811013137  -168.26038640309395  -535.3385465330521  -266.70694256954897  91.43476850658237  -145.59485260715985  19.622529525860898  -367.9249981153809  -786.081222331874  -15.472489905721602  -378.50759873246244  -92.14745115243136  -333.39278035608874  -252.85445606813084  -269.9764239150057  -340.3136931880715  68.55986735537287  -472.45911840078026  -74.16163105620797  -223.34004929433962  -597.594814781666  70.61201336420835  -208.49386793484695  -174.4456906440755  8.054779705887682  -498.53078659962324  -777.3158891987514  -91.33945259962638  -707.8916340698124  -149.82501504094995  -620.7305021436684  -191.9215461839704  -630.0690710029542  -799.2193877648815  -614.9223586953083  -138.42468587093913  75.21346307498946  -553.1832435992139  -479.6441446427179  
-285.7759347090256  -453.9549158078778  113.2989526974107  0.0  -363.48695372908753  -189.88828311479375  -76.52921161697134  -479.76887621997946  29.076111614155963  -183.7367611718194  -666.3172296879671  -272.0460177822864  40.353366979329365  -129.65065382039575  -72.86632047572232  -530.5735352203766  -270.949810584017  -170.81229229770474  -142.9950122234044  146.23439238560888  -67.09507086188836  -100.70155261024695  -319.1468546158643  78.16003276512632  160.6293735608103  -44.43854036485283  -160.63322458164834  -416.34028239093675  -34.58031771117703  -55.38867671138166  -462.58060839013467  5.24868458308606  -20.920424299429556  23.294242155466748  -547.6069778311611  -137.94203332088358  -482.6123829760314  -465.017628403903  -54.96143370568325  -422.0395938356413  -153.40798987213827  204.73372120399307  -32.29589990974915  132.9214822232716  -254.6260454179702  -672.7822696344633  97.8264627916891  -265.20864603505174  21.15150154497934  -220.09382765867804  -139.55550337072015  -156.67747121759498  -227.0147404906608  181.85882005278359  -359.16016570336956  39.13732164120273  -110.04109659692892  -484.2958620842553  183.91096606161904  -95.19491523743625  -61.146737946664814  121.35373240329838  -385.23183390221254  -664.0169365013406  21.959500097784314  -594.5926813724018  -36.52606234353925  -507.4315494462578  -78.62259348655971  -516.7701183055435  -685.9204350674709  -501.62340599789763  -25.12573317352843  188.51241577240017  -439.8842909018032  -366.3451919453072  
77.71101902006194  -90.46796207879026  476.78590642649823  363.48695372908753  0.0  173.59867061429378  286.9577421121162  -116.28192249089193  392.56306534324347  179.75019255726812  -302.8302759588796  91.44093594680112  403.8403207084169  233.83629990869179  290.6206332533652  -167.08658149128905  92.53714314507056  192.6746614313828  220.49194150568314  509.7213461146964  296.3918828671992  262.7854011188406  44.34009911322323  441.6469864942138  524.1163272898979  319.0484133642347  202.8537291474392  -52.85332866184922  328.9066360179105  308.09827701770587  -99.09365466104714  368.7356383121736  342.566529429658  386.7811958845543  -184.12002410207356  225.54492040820395  -119.1254292469439  -101.53067467481549  308.5255200234043  -58.55264010655378  210.07896385694926  568.2206749330805  331.1910538193384  496.4084359523591  108.86090831111733  -309.2953159053758  461.3134165207766  98.27830769403579  384.63845527406687  143.3931260704095  223.93145035836739  206.80948251149255  136.47221323842672  545.3457737818711  4.326788025717974  402.62427537029026  253.4458571321586  -120.80890835516777  547.3979197907066  268.2920384916513  302.3402157824227  484.84068613238594  -21.74488017312501  -300.5299827722531  385.44645382687185  -231.10572764331425  326.9608913855483  -143.94459571717027  284.8643602425278  -153.283164576456  -322.43348133838333  -138.1364522688101  338.3612205555591  551.9993695014876  -76.39733717271565  -2.858238216219661  
-95.88765159423184  -264.06663269308405  303.18723581220445  189.88828311479375  -173.59867061429378  0.0  113.35907149782241  -289.8805931051857  218.9643947289497  6.151521942974341  -476.4289465731734  -82.15773466749266  230.24165009412312  60.237629294398005  117.02196263907143  -340.68525210558283  -81.06152746922322  19.075990817089007  46.89327089138936  336.12267550040264  122.79321225290539  89.1867305045468  -129.25857150107055  268.0483158799201  350.51765667560403  145.44974274994092  29.255058533145416  -226.451999276143  155.30796540361672  134.4996064034121  -272.6923252753409  195.1369676978798  168.9678588153642  213.1825252702605  -357.71869471636734  51.94624979391017  -292.7240998612377  -275.12934528910927  134.9268494091105  -232.15131072084756  36.48029324265548  394.6220043187868  157.5923832050446  322.80976533806535  -64.73776230317645  -482.89398651966957  287.71474590648285  -75.32036292025799  211.0397846597731  -30.205544543884287  50.332779744073605  33.21081189719877  -37.12645737586706  371.74710316757734  -169.2718825885758  229.02560475599648  79.84718651786483  -294.40757896946155  373.7992491764128  94.6933678773575  128.74154516812894  311.2420155180921  -195.3435507874188  -474.1286533865469  211.84778321257807  -404.70439825760803  153.3622207712545  -317.54326633146405  111.26568962823404  -326.88183519074977  -496.0321519526771  -311.7351228831039  164.76254994126532  378.4006988871939  -249.99600778700943  -176.45690883051344  
-209.24672309205425  -377.42570419090646  189.82816431438204  76.52921161697134  -286.9577421121162  -113.35907149782241  0.0  -403.2396646030081  105.6053232311273  -107.20754955484807  -589.7880180709958  -195.51680616531507  116.8825785963007  -53.12144220342441  3.6628911412490197  -454.04432360340525  -194.42059896704563  -94.2830806807334  -66.46580060643305  222.76360400258022  9.434140755082979  -24.17234099327561  -242.61764299889296  154.68924438209766  237.15858517778165  32.09067125211851  -84.104012964677  -339.8110707739654  41.94889390579431  21.140534905589675  -386.05139677316333  81.7778962000574  55.60878731754178  99.82345377243809  -471.07776621418975  -61.41282170391224  -406.0831713590601  -388.4884167869317  21.56777791128809  -345.51038221867  -76.87877825516694  281.2629328209644  44.233311707222185  209.45069384024293  -178.09683380099887  -596.253058017492  174.35567440866043  -188.6794344180804  97.68071316195068  -143.5646160417067  -63.02629175374881  -80.14825960062365  -150.48552887368947  258.3880316697549  -282.6309540863982  115.66653325817407  -33.511884979957586  -407.76665046728397  260.4401776785904  -18.66570362046491  15.382473670306524  197.88294402026972  -308.7026222852412  -587.4877248843693  98.48871171475565  -518.0634697554304  40.003149273432086  -430.90233782928647  -2.09338186958837  -440.2409066885722  -609.3912234504995  -425.0941943809263  51.40347844344291  265.0416273893715  -363.35507928483185  -289.81598032833585  
193.99294151095387  25.813960412101665  593.0678289173902  479.76887621997946  116.28192249089193  289.8805931051857  403.2396646030081  0.0  508.8449878341354  296.03211504816005  -186.54835346798768  207.72285843769305  520.1222431993089  350.1182223995837  406.90255574425714  -50.80465900039712  208.8190656359625  308.9565839222747  336.7738639965751  626.0032686055883  412.6738053580911  379.0673236097325  160.62202160411516  557.9289089851057  640.3982497807898  435.33033585512663  319.1356516383311  63.42859382904271  445.18855850880243  424.3801995085978  17.18826782984479  485.0175608030655  458.8484519205499  503.0631183754462  -67.83810161118163  341.8268428990959  -2.8435067560519656  14.751247816076443  424.8074425142962  57.72928238433815  326.3608863478412  684.5025974239725  447.4729763102303  612.6903584432511  225.14283080200926  -193.01339341448386  577.5953390116686  214.56023018492772  500.9203777649588  259.6750485613014  340.2133728492593  323.0914050023845  252.75413572931865  661.627696272763  120.6087105166099  518.9061978611821  369.72777962305054  -4.526985864275844  663.6798422815986  384.5739609825432  418.62213827331465  601.1226086232779  94.53704231776692  -184.24806028136118  501.7283763177638  -114.82380515242232  443.2428138764402  -27.662673226278343  401.14628273341975  -37.00124208556406  -206.1515588474914  -21.854529777918174  454.64314304645103  668.2812919923796  39.88458531817628  113.42368427467227  
-314.8520463231815  -483.03102742203373  84.22284108325474  -29.076111614155963  -392.56306534324347  -218.9643947289497  -105.6053232311273  -508.8449878341354  0.0  -212.81287278597537  -695.3933413021231  -301.12212939644235  11.277255365173403  -158.7267654345517  -101.94243208987828  -559.6496468345325  -300.0259221981729  -199.8884039118607  -172.07112383756035  117.15828077145292  -96.17118247604432  -129.7776642244029  -348.22296623002023  49.083921150970355  131.55326194665435  -73.51465197900879  -189.7093361958043  -445.4163940050927  -63.656429325332994  -84.46478832553763  -491.6567200042906  -23.827427031069902  -49.99653591358552  -5.781869458689215  -576.683089445317  -167.01814493503954  -511.68849459018736  -494.09374001805895  -84.03754531983921  -451.11570544979725  -182.48410148629424  175.6576095898371  -61.372011523905115  103.84537060911563  -283.70215703212614  -701.8583812486193  68.75035117753313  -294.2847576492077  -7.924610069176623  -249.169939272834  -168.6316149848761  -185.75358283175095  -256.0908521048168  152.7827084386276  -388.2362773175255  10.06121002704677  -139.1172082110849  -513.3719736984112  154.8348544474631  -124.27102685159221  -90.22284956082078  92.27762078914242  -414.3079455163685  -693.0930481154966  -7.116611516371648  -623.6687929865577  -65.60217395769521  -536.5076610604137  -107.69870510071567  -545.8462299196995  -714.9965466816268  -530.6995176120536  -54.201844787684394  159.43630415824418  -468.9604025159591  -395.4213035594631  
-102.03917353720618  -270.2181546360584  297.0357138692301  183.7367611718194  -179.75019255726812  -6.151521942974341  107.20754955484807  -296.03211504816005  212.81287278597537  0.0  -482.58046851614773  -88.309256610467  224.09012815114878  54.086107351423664  110.87044069609709  -346.8367740485572  -87.21304941219756  12.924468874114666  40.74174894841502  329.9711535574283  116.64169030993105  83.03520856157246  -135.4100934440449  261.89679393694576  344.3661347326297  139.29822080696658  23.103536590171075  -232.60352121911734  149.15644346064238  128.34808446043775  -278.84384721831526  188.98544575490547  162.81633687238985  207.03100332728616  -363.8702166593417  45.79472785093583  -298.875621804212  -281.2808672320836  128.77532746613616  -238.3028326638219  30.328771299681136  388.4704823758125  151.44086126207026  316.658243395091  -70.8892842461508  -489.0455084626439  281.5632239635085  -81.47188486323233  204.88826271679875  -36.35706648685863  44.181257801099264  27.059289954224425  -43.2779793188414  365.595581224603  -175.42340453155015  222.87408281302214  73.69566457489049  -300.5591009124359  367.64772723343845  88.54184593438316  122.5900232251546  305.09049357511776  -201.49507273039313  -480.2801753295212  205.69626126960372  -410.8559202005824  147.21069882828016  -323.6947882744384  105.1141676852597  -333.0333571337241  -502.18367389565145  -317.8866448260782  158.61102799829098  372.2491769442196  -256.1475297299838  -182.60843077348778  
380.54129497894155  212.36231388008935  779.6161823853779  666.3172296879671  302.8302759588796  476.4289465731734  589.7880180709958  186.54835346798768  695.3933413021231  482.58046851614773  0.0  394.27121190568073  706.6705966672965  536.6665758675714  593.4509092122448  135.74369446759056  395.36741910395017  495.5049373902624  523.3222174645628  812.551622073576  599.2221588260788  565.6156770777202  347.17037507210284  744.4772624530934  826.9466032487775  621.8786893231143  505.6840051063188  249.9769472970304  631.7369119767901  610.9285529765855  203.73662129783247  671.5659142710532  645.3968053885376  689.611471843434  118.71025185680605  528.3751963670836  183.70484671193572  201.29960128406412  611.3557959822839  244.27763585232583  512.9092398158289  871.0509508919602  634.0213297782179  799.2387119112387  411.69118426999694  -6.4650399464961765  764.1436924796562  401.1085836529154  687.4687312329465  446.2234020292891  526.7617263172469  509.63975847037216  439.30248919730633  848.1760497407507  307.1570639845976  705.4545513291698  556.2761330910382  182.02136760371184  850.2281957495862  571.1223144505309  605.1704917413024  787.6709620912656  281.0853957857546  2.3002931866265044  688.2767297857515  71.72454831556536  629.7911673444279  158.88568024170934  587.6946362014074  149.54711138242362  -19.60320537950372  164.6938236900695  641.1914965144388  854.8296454603673  226.43293878616396  299.97203774265995  
-13.729916926739179  -181.90889802559138  385.3449704796971  272.0460177822864  -91.44093594680112  82.15773466749266  195.51680616531507  -207.72285843769305  301.12212939644235  88.309256610467  -394.27121190568073  0.0  312.3993847616158  142.39536396189067  199.1796973065641  -258.5275174380902  1.0962071982694397  101.23372548458167  129.05100555888203  418.2804101678953  204.95094692039805  171.34446517203946  -47.10083683357789  350.2060505474127  432.67539134309675  227.60747741743359  111.41279320063808  -144.29426460865034  237.46570007110938  216.65734107090475  -190.53459060784826  277.2947023653725  251.12559348285686  295.34025993775316  -275.5609600488747  134.10398446140283  -210.566365193745  -192.9716106216166  217.08458407660316  -149.9935760533549  118.63802791014814  476.7797389862795  239.75011787253726  404.967500005558  17.41997236431621  -400.7362518521769  369.8724805739755  6.83737174723467  293.19751932726575  51.952190123608375  132.49051441156627  115.36854656469143  45.0312772916256  453.90483783507  -87.11414792108314  311.18333942348914  162.0049211853575  -212.2498443019689  455.95698384390545  176.85110254485016  210.8992798356216  393.3997501855848  -113.18581611992613  -391.9709187190542  294.0055178800707  -322.5466635901154  235.51995543874716  -235.3855316639714  193.4234242957267  -244.7241005232571  -413.87441728518445  -229.57738821561122  246.92028460875798  460.5584335546866  -167.83827311951677  -94.29917416302078  
-326.129301688355  -494.3082827872072  72.94558571808133  -40.353366979329365  -403.8403207084169  -230.24165009412312  -116.8825785963007  -520.1222431993089  -11.277255365173403  -224.09012815114878  -706.6705966672965  -312.3993847616158  0.0  -170.0040207997251  -113.21968745505168  -570.926902199706  -311.30317756334637  -211.1656592770341  -183.34837920273375  105.88102540627952  -107.44843784121773  -141.05491958957631  -359.5002215951937  37.80666578579695  120.27600658148094  -84.79190734418219  -200.9865915609777  -456.69364937026614  -74.9336846905064  -95.74204369071103  -502.93397536946406  -35.104682396243305  -61.27379127875892  -17.059124823862618  -587.9603448104905  -178.29540030021295  -522.9657499553608  -505.3709953832324  -95.31480068501261  -462.3929608149707  -193.76135685146764  164.3803542246637  -72.64926688907852  92.56811524394223  -294.9794123972996  -713.1356366137927  57.47309581235973  -305.56201301438114  -19.201865434350026  -260.44719463800743  -179.9088703500495  -197.03083819692435  -267.36810746999015  141.5054530734542  -399.51353268269895  -1.2160453381266336  -150.3944635762583  -524.6492290635847  143.5575990822897  -135.5482822167656  -101.50010492599418  81.00036542396901  -425.58520088154194  -704.37030348067  -18.39386688154505  -634.9460483517312  -76.87942932286862  -547.7849164255872  -118.97596046588907  -557.1234852848729  -726.2738020468003  -541.976772977227  -65.4791001528578  148.15904879307078  -480.2376578811326  -406.6985589246366  
-156.12528088862985  -324.30426198748205  242.94960651780644  129.65065382039575  -233.83629990869179  -60.237629294398005  53.12144220342441  -350.1182223995837  158.7267654345517  -54.086107351423664  -536.6665758675714  -142.39536396189067  170.0040207997251  0.0  56.78433334467343  -400.92288139998084  -141.29915676362123  -41.161638477309  -13.344358403008641  275.88504620600463  62.55558295850739  28.949101210148797  -189.49620079546855  207.81068658552206  290.2800273812061  85.21211345554292  -30.98257076125259  -286.689628570541  95.07033610921872  74.26197710901408  -332.9299545697389  134.8993384034818  108.73022952096619  152.9448959758625  -417.95632401076534  -8.291379500487835  -352.9617291556357  -335.3669745835073  74.6892201147125  -292.38894001524557  -23.757336051742527  334.3843750243888  97.3547539106466  262.57213604366734  -124.97539159757446  -543.1316158140676  227.47711661208484  -135.557992214656  150.80215536537509  -90.44317383828229  -9.9048495503244  -27.02681739719924  -97.36408667026507  311.50947387317933  -229.5095118829738  168.78797546159848  19.609557223466823  -354.64520826385956  313.5616198820148  34.4557385829595  68.50391587373093  251.00438622369413  -255.5811800818168  -534.3662826809449  151.61015391818006  -464.94202755200604  93.1245914768565  -377.78089562586206  51.02806033383604  -387.1194644851478  -556.2697812470751  -371.9727521775019  104.52492064686732  318.1630695927959  -310.23363708140744  -236.69453812491145  
-212.90961423330327  -381.0885953321555  186.16527317313302  72.86632047572232  -290.6206332533652  -117.02196263907143  -3.6628911412490197  -406.90255574425714  101.94243208987828  -110.87044069609709  -593.4509092122448  -199.1796973065641  113.21968745505168  -56.78433334467343  0.0  -457.70721474465427  -198.08349010829465  -97.94597182198243  -70.12869174768207  219.1007128613312  5.771249613833959  -27.83523213452463  -246.28053414014198  151.02635324084864  233.49569403653263  28.42778011086949  -87.76690410592602  -343.47396191521443  38.28600276454529  17.477643764340655  -389.71428791441235  78.11500505880838  51.94589617629276  96.16056263118907  -474.74065735543877  -65.07571284516126  -409.7460625003091  -392.1513079281807  17.90488677003907  -349.173273359919  -80.54166939641595  277.6000416797154  40.570420565973166  205.78780269899391  -181.75972494224789  -599.915949158741  170.69278326741141  -192.34232555932942  94.01782202070166  -147.22750718295572  -66.68918289499783  -83.81115074187267  -154.1484200149385  254.7251405285059  -286.29384522764724  112.00364211692505  -37.174776121206605  -411.429541608533  256.77728653734135  -22.32859476171393  11.719582529057504  194.2200528790207  -312.3655134264902  -591.1506160256183  94.82582057350663  -521.7263608966795  36.34025813218307  -434.5652289705355  -5.75627301083739  -443.9037978298212  -613.0541145917485  -428.7570855221753  47.74058730219389  261.3787362481225  -367.01797042608086  -293.4788714695849  
244.797600511351  76.61861941249879  643.8724879177873  530.5735352203766  167.08658149128905  340.68525210558283  454.04432360340525  50.80465900039712  559.6496468345325  346.8367740485572  -135.74369446759056  258.5275174380902  570.926902199706  400.92288139998084  457.70721474465427  0.0  259.6237246363596  359.76124292267184  387.5785229969722  676.8079276059855  463.4784643584882  429.87198261012963  211.42668060451228  608.7335679855029  691.2029087811869  486.13499485552376  369.94031063872825  114.23325282943983  495.99321750919955  475.1848585089949  67.99292683024191  535.8222198034626  509.65311092094703  553.8677773758434  -17.033442610784505  392.631501899493  47.96115224434516  65.55590681647357  475.61210151469334  108.53394138473527  377.1655453482383  735.3072564243696  498.27763531062743  663.4950174436482  275.9474898024064  -142.20873441408673  628.3999980120657  265.36488918532484  551.725036765356  310.47970756169855  391.01803184965644  373.8960640027816  303.55879472971577  712.4323552731602  171.41336951700703  569.7108568615793  420.53243862344766  46.27767313612128  714.4845012819957  435.37861998294034  469.42679727371177  651.927267623675  145.34170131816404  -133.44340128096405  552.533035318161  -64.0191461520252  494.04747287683733  23.14198577411878  451.9509417338169  13.803416914833065  -155.34689984709428  28.95012922247895  505.44780204684815  719.0859509927767  90.6892443185734  164.2283432750694  
-14.826124125008619  -183.00510522386082  384.24876328142767  270.949810584017  -92.53714314507056  81.06152746922322  194.42059896704563  -208.8190656359625  300.0259221981729  87.21304941219756  -395.36741910395017  -1.0962071982694397  311.30317756334637  141.29915676362123  198.08349010829465  -259.6237246363596  0.0  100.13751828631223  127.95479836061259  417.18420296962586  203.8547397221286  170.24825797377002  -48.19704403184733  349.10984334914326  431.5791841448273  226.51127021916415  110.31658600236864  -145.39047180691978  236.36949287283994  215.5611338726353  -191.6307978061177  276.19849516710303  250.02938628458742  294.2440527394837  -276.6571672471441  133.0077772631334  -211.66257239201445  -194.06781781988605  215.98837687833372  -151.08978325162434  117.5418207118787  475.68353178801004  238.65391067426782  403.87129280728857  16.32376516604677  -401.83245905044635  368.77627337570607  5.74116454896523  292.1013121289963  50.855982925338935  131.39430721329683  114.27233936642199  43.93507009335616  452.80863063680056  -88.21035511935258  310.0871322252197  160.90871398708805  -213.34605150023833  454.860776645636  175.75489534658072  209.80307263735216  392.3035429873154  -114.28202331819557  -393.06712591732366  292.9093106818013  -323.6428707883848  234.42374824047772  -236.48173886224083  192.32721709745726  -245.82030772152655  -414.9706244834539  -230.67359541388066  245.82407741048854  459.46222635641715  -168.9344803177862  -95.39538136129022  
-114.96364241132085  -283.14262351017305  284.11124499511544  170.81229229770474  -192.6746614313828  -19.075990817089007  94.2830806807334  -308.9565839222747  199.8884039118607  -12.924468874114666  -495.5049373902624  -101.23372548458167  211.1656592770341  41.161638477309  97.94597182198243  -359.76124292267184  -100.13751828631223  0.0  27.817280074300356  317.04668468331363  103.71722143581638  70.1107396874578  -148.33456231815956  248.97232506283106  331.4416658585151  126.37375193285192  10.179067716056409  -245.527990093232  136.2319745865277  115.42361558632308  -291.7683160924299  176.0609768807908  149.8918679982752  194.1065344531715  -376.79468553345635  32.87025897682116  -311.8000906783267  -294.2053361061983  115.8508585920215  -251.22730153793657  17.40430242556647  375.5460135016978  138.5163923879556  303.73377452097634  -83.81375312026546  -501.9699773367586  268.63875508939384  -94.396353737347  191.96379384268408  -49.281535360973294  31.256788926984598  14.13482108010976  -56.20244819295607  352.67111235048833  -188.3478734056648  209.94961393890748  60.77119570077582  -313.48356978655056  354.7232583593238  75.6173770602685  109.66555435103993  292.16602470100315  -214.4195416045078  -493.2046442036359  192.77179239548906  -423.78038907469704  134.2862299541655  -336.61925714855306  92.18969881114504  -345.9578260078388  -515.1081427697661  -330.8111137001929  145.6865591241763  359.3247080701049  -269.07199860409844  -195.53289964760245  
-142.7809224856212  -310.9599035844734  256.2939649208151  142.9950122234044  -220.49194150568314  -46.89327089138936  66.46580060643305  -336.7738639965751  172.07112383756035  -40.74174894841502  -523.3222174645628  -129.05100555888203  183.34837920273375  13.344358403008641  70.12869174768207  -387.5785229969722  -127.95479836061259  -27.817280074300356  0.0  289.2294046090133  75.89994136151603  42.29345961315744  -176.1518423924599  221.1550449885307  303.6243857842147  98.55647185855156  -17.638212358243948  -273.34527016753236  108.41469451222736  87.60633551202272  -319.5855961667303  148.24369680649045  122.07458792397483  166.28925437887114  -404.6119656077567  5.052978902520806  -339.61737075262704  -322.02261618049863  88.03357851772114  -279.0445816122369  -10.412977648733886  347.72873342739746  110.69911231365523  275.916494446676  -111.63103319456582  -529.7872574110589  240.82147501509348  -122.21363381164736  164.14651376838373  -77.09881543527365  3.4395088526842414  -13.682458994190597  -84.01972826725643  324.853832276188  -216.16515347996517  182.13233386460712  32.953915626475464  -341.3008498608509  326.9059782850234  47.80009698596814  81.84827427673957  264.3487446267028  -242.23682167880816  -521.0219242779363  164.9545123211887  -451.5976691489974  106.46894987986514  -364.4365372228534  64.37241873684468  -373.77510608213913  -542.9254228440665  -358.62839377449325  117.86927904987596  331.50742799580456  -296.8892786783988  -223.3501797219028  
-432.0103270946345  -600.1893081934867  -32.93543968819819  -146.23439238560888  -509.7213461146964  -336.12267550040264  -222.76360400258022  -626.0032686055883  -117.15828077145292  -329.9711535574283  -812.551622073576  -418.2804101678953  -105.88102540627952  -275.88504620600463  -219.1007128613312  -676.8079276059855  -417.18420296962586  -317.04668468331363  -289.2294046090133  0.0  -213.32946324749724  -246.93594499585583  -465.3812470014732  -68.07435962048257  14.394981175201423  -190.6729327504617  -306.8676169672572  -562.5746747765456  -180.81471009678592  -201.62306909699055  -608.8150007757436  -140.98570780252282  -167.15481668503844  -122.94015023014214  -693.84137021677  -284.17642570649247  -628.8467753616403  -611.2520207895119  -201.19582609129213  -568.2739862212502  -299.64238225774716  58.499328818384186  -178.53029229535804  -13.312910162337289  -400.8604378035791  -819.0166620200722  -48.40792959391979  -411.4430384206606  -125.08289084062955  -366.3282200442869  -285.78989575632903  -302.91186360320387  -373.2491328762697  35.624427667174686  -505.39455808897844  -107.09707074440615  -256.2754889825378  -630.5302544698642  37.676573676010165  -241.42930762304513  -207.3811303322737  -24.880659982310505  -531.4662262878214  -810.2513288869495  -124.27489228782457  -740.8270737580107  -182.76045472914814  -653.6659418318667  -224.8569858721686  -663.0045106911524  -832.1548274530797  -647.8577983835065  -171.36012555913732  42.278023386791276  -586.1186832874121  -512.5795843309161  
-218.68086384713723  -386.85984494598944  180.39402355929906  67.09507086188836  -296.3918828671992  -122.79321225290539  -9.434140755082979  -412.6738053580911  96.17118247604432  -116.64169030993105  -599.2221588260788  -204.95094692039805  107.44843784121773  -62.55558295850739  -5.771249613833959  -463.4784643584882  -203.8547397221286  -103.71722143581638  -75.89994136151603  213.32946324749724  0.0  -33.60648174835859  -252.05178375397594  145.25510362701468  227.72444442269867  22.656530497035533  -93.53815371975998  -349.2452115290484  32.51475315071133  11.706394150506696  -395.4855375282463  72.34375544497442  46.174646562458804  90.38931301735511  -480.51190696927273  -70.84696245899522  -415.51731211414307  -397.92255754201466  12.133637156205111  -354.94452297375295  -86.31291901024991  271.82879206588143  34.79917095213921  200.01655308515996  -187.53097455608184  -605.6871987725749  164.92153365357746  -198.11357517316338  88.2465724068677  -152.99875679678968  -72.46043250883179  -89.58240035570662  -159.91966962877245  248.95389091467194  -292.0650948414812  106.23239250309109  -42.946025735040564  -417.20079122236695  251.0060369235074  -28.09984437554789  5.948332915223546  188.44880326518674  -318.1367630403242  -596.9218656394523  89.05457095967267  -527.4976105105134  30.569008518349108  -440.33647858436944  -11.527522624671349  -449.67504744365516  -618.8253642055824  -434.5283351360093  41.96933768835993  255.60748663428853  -372.7892200399148  -299.25012108341883  
-185.07438209877864  -353.25336319763085  214.00050530765765  100.70155261024695  -262.7854011188406  -89.1867305045468  24.17234099327561  -379.0673236097325  129.7776642244029  -83.03520856157246  -565.6156770777202  -171.34446517203946  141.05491958957631  -28.949101210148797  27.83523213452463  -429.87198261012963  -170.24825797377002  -70.1107396874578  -42.29345961315744  246.93594499585583  33.60648174835859  0.0  -218.44530200561735  178.86158537537327  261.3309261710573  56.26301224539412  -59.931671971401386  -315.6387297806898  66.12123489906992  45.312875898865286  -361.8790557798877  105.95023719333301  79.7811283108174  123.9957947657137  -446.90542522091414  -37.24048071063663  -381.9108303657845  -364.31607579365607  45.7401189045637  -321.33804122539436  -52.706437261891324  305.43527381424  68.4056527004978  233.62303483351855  -153.92449280772325  -572.0807170242164  198.52801540193605  -164.5070934248048  121.85305415522629  -119.39227504843109  -38.8539507604732  -55.975918607348035  -126.31318788041386  282.56037266303053  -258.4586130931226  139.83887425144968  -9.339543986681974  -383.59430947400836  284.612518671866  5.506637372810701  39.554814663582135  222.05528501354533  -284.5302812919656  -563.3153838910937  122.66105270803126  -493.89112876215484  64.1754902667077  -406.72999683601086  22.07895912368724  -416.06856569529657  -585.2188824572239  -400.9218533876507  75.57581943671852  289.2139683826471  -339.18273829155623  -265.64363933506024  
33.37091990683871  -134.8080611920135  432.445807313275  319.1468546158643  -44.34009911322323  129.25857150107055  242.61764299889296  -160.62202160411516  348.22296623002023  135.4100934440449  -347.17037507210284  47.10083683357789  359.5002215951937  189.49620079546855  246.28053414014198  -211.42668060451228  48.19704403184733  148.33456231815956  176.1518423924599  465.3812470014732  252.05178375397594  218.44530200561735  0.0  397.3068873809906  479.77622817667464  274.7083142510115  158.51363003421596  -97.19342777507245  284.56653690468727  263.75817790448264  -143.43375377427037  324.39553919895036  298.22643031643474  342.44109677133105  -228.4601232152968  181.20482129498072  -163.46552836016713  -145.87077378803872  264.18542091018105  -102.89273921977701  165.73886474372603  523.8805758198573  286.85095470611515  452.0683368391359  64.5208091978941  -353.635415018599  416.9733174075534  53.93820858081256  340.29835616084364  99.05302695718626  179.59135124514415  162.46938339826931  92.13211412520349  501.0056746686479  -40.01331108750526  358.28417625706703  209.10575801893538  -165.149007468391  503.05782067748333  223.95193937842805  258.0001166691995  440.5005870191627  -66.08497928634824  -344.87008188547634  341.1063547136486  -275.4458267565375  282.62079227232505  -188.2846948303935  240.5242611293046  -197.62326368967922  -366.77358045160656  -182.47655138203334  294.02112144233587  507.6592703882645  -120.73743628593888  -47.19833732944289  
-363.9359674741519  -532.1149485730041  35.13891993228438  -78.16003276512632  -441.6469864942138  -268.0483158799201  -154.68924438209766  -557.9289089851057  -49.083921150970355  -261.89679393694576  -744.4772624530934  -350.2060505474127  -37.80666578579695  -207.81068658552206  -151.02635324084864  -608.7335679855029  -349.10984334914326  -248.97232506283106  -221.1550449885307  68.07435962048257  -145.25510362701468  -178.86158537537327  -397.3068873809906  0.0  82.46934079568399  -122.59857312997914  -238.79325734677465  -494.50031515606304  -112.74035047630335  -133.54870947650798  -540.740641155261  -72.91134818204026  -99.08045706455587  -54.86579060965957  -625.7670105962874  -216.1020660860099  -560.7724157411577  -543.1776611690293  -133.12146647080957  -500.1996266007676  -231.5680226372646  126.57368843886675  -110.45593267487547  54.76144945814528  -332.7860781830965  -750.9423023995896  19.66643002656278  -343.36867880017803  -57.00853122014698  -298.2538604238043  -217.71553613584646  -234.8375039827213  -305.17477325578716  103.69878728765725  -437.32019846849585  -39.022711123923585  -188.20112936205524  -562.4558948493816  105.75093329649273  -173.35494800256257  -139.30677071179113  43.19369963817206  -463.39186666733883  -742.1769692664669  -56.200532667342  -672.7527141375281  -114.68609510866557  -585.5915822113841  -156.78262625168603  -594.9301510706698  -764.0804678325972  -579.7834387630239  -103.28576593865475  110.35238300727384  -518.0443236669295  -444.5052247104335  
-446.4053082698359  -614.5842893686881  -47.33042086339961  -160.6293735608103  -524.1163272898979  -350.51765667560403  -237.15858517778165  -640.3982497807898  -131.55326194665435  -344.3661347326297  -826.9466032487775  -432.67539134309675  -120.27600658148094  -290.2800273812061  -233.49569403653263  -691.2029087811869  -431.5791841448273  -331.4416658585151  -303.6243857842147  -14.394981175201423  -227.72444442269867  -261.3309261710573  -479.77622817667464  -82.46934079568399  0.0  -205.06791392566313  -321.2625981424586  -576.9696559517471  -195.20969127198734  -216.01805027219197  -623.209981950945  -155.38068897772425  -181.54979786023986  -137.33513140534356  -708.2363513919714  -298.57140688169386  -643.2417565368418  -625.6470019647134  -215.59080726649356  -582.6689673964516  -314.0373634329486  44.10434764318276  -192.92527347055946  -27.70789133753871  -415.25541897878054  -833.4116431952737  -62.80291076912121  -425.8380195958621  -139.47787201583097  -380.7232012194884  -300.1848769315304  -317.3068447784053  -387.6441140514711  21.229446491973263  -519.7895392641799  -121.49205191960758  -270.67047015773926  -644.9252356450656  23.281592500808742  -255.82428879824656  -221.77611150747512  -39.27564115751193  -545.8612074630229  -824.646310062151  -138.669873463026  -755.2220549332121  -197.15543590434956  -668.0609230070681  -239.25196704737002  -677.3994918663539  -846.5498086282812  -662.252779558708  -185.75510673433874  27.883042211589853  -600.5136644626135  -526.9745655061175  
