Height_Data

node	height
0	144.99230286862718
1	149.34293599288483
2	354.5522779674131
3	33.8630182836087
4	40.36452480093846
5	68.85969156116579
6	123.83962092195003
7	50.03368408267416
8	116.8658651798991
9	154.03732437981648
10	143.8983299192134
11	246.95011825724765
12	93.71490305106595
13	64.7866687788195
14	149.24364128289093
15	92.60563110220657
16	116.74860254265272
17	129.56956046883565
18	47.80536839429498
19	90.87227726766774
20	69.00982965524584
21	119.39974935478948
22	38.461564370927626
23	49.70090947523096
24	213.81472068923645
25	94.78235759539338
26	211.37285989145883
27	119.6206845750535
28	100.11707366295896
29	65.3073798238237
30	211.76887903988703
31	45.770038988362444
32	119.47850390293591
33	194.16169854527487
34	75.01157615677467
35	50.01936426641941
36	150.58147836188994
37	91.62601833268089
38	57.08087057664159
39	95.9914494048549
40	53.05863789781802
41	121.71630656229894
42	62.790789113819784
43	32.930513306338206
44	202.04495594673222
45	132.82369529836464
46	69.87961119603318
47	45.22591390385284
48	316.7640943008801
49	33.8550125327161
50	72.03661122373444
51	50.158648522703324
52	55.86277832582155
53	98.26043001787203
54	60.33457051294093
55	151.13269534087866
56	89.89464770632027
57	123.59824799907939
58	159.60042175945014
59	104.70695579465081
60	130.51778351106282
61	49.08666386672138
62	57.596353118521236
63	88.36359084576802
64	166.6160968029477
65	109.2301034753498
66	125.8631168849669
67	236.97131196695486
68	215.48487661838425
69	122.56433471740577
70	148.39965569015388
71	30.621080941795988
72	89.85094419483771
73	339.4178782852958
74	30.116762910374227
75	33.47225811648115



height_matrix
0.0  -8.70126624851531  -419.1199501975718  222.25856917003694  209.25555613537745  152.26522261492278  42.3053638933543  189.91723757190604  56.25287537745615  -18.09004302237861  2.187945898827536  -203.91563077724095  102.55479963512246  160.41126817961535  -8.502676828527512  104.77334353284121  56.48740065194892  30.845484799583062  194.37386894866438  108.24005120191887  151.96494642676268  51.1851070276754  213.06147699539912  190.58278678679244  -137.64483564121855  100.4198905464676  -132.7611140456633  50.74323658714735  89.75045841133644  159.36984608960697  -133.5531523425197  198.44452776052947  51.02759793138253  -98.33879135329539  139.96145342370502  189.94587720441552  -11.178350986525516  106.73256907189258  175.82286458397118  98.00170692754455  183.86732994161832  46.55199261265648  164.4030275096148  224.12357912457793  -114.10530615621008  24.337215140525075  150.225383345188  199.53277792954867  -343.5435828645059  222.27458067182215  145.91138328978548  189.66730869184772  178.25904908561125  93.4637457015103  169.3154647113725  -12.280784944502955  110.19531032461381  42.788109739095574  -29.21623778164593  80.57069414795274  28.949038715128722  191.8112780038116  174.79189950021188  113.25742404571832  -43.24758786864106  71.52439878655477  38.25837196732056  -183.95801819665536  -140.98514749951414  44.855936302442814  -6.814705643053401  228.7424438536624  110.28271734757894  -388.8511508333372  229.7510799165059  223.04008950429204  
8.70126624851531  0.0  -410.4186839490565  230.95983541855225  217.95682238389276  160.9664888634381  51.00663014186961  198.61850382042135  64.95414162597146  -9.388776773863299  10.889212147342846  -195.21436452872564  111.25606588363777  169.11253442813066  0.19858941998779756  113.47460978135652  65.18866690046423  39.54675104809837  203.0751351971797  116.94131745043418  160.666212675278  59.88637327619071  221.76274324391443  199.28405303530775  -128.94356939270324  109.12115679498291  -124.059847797148  59.44450283566266  98.45172465985175  168.07111233812228  -124.85188609400439  207.14579400904478  59.72886417989784  -89.63752510478008  148.66271967222033  198.64714345293083  -2.4770847380102055  115.4338353204079  184.5241308324865  106.70297317605986  192.56859619013363  55.25325886117179  173.1042937581301  232.82484537309324  -105.40403990769477  33.038481389040385  158.9266495937033  208.23404417806398  -334.84231661599057  230.97584692033746  154.6126495383008  198.36857494036303  186.96031533412656  102.16501195002562  178.0167309598878  -3.5795186959876446  118.89657657312912  51.489375987610885  -20.51497153313062  89.27196039646805  37.65030496364403  200.5125442523269  183.4931657487272  121.95869029423363  -34.54632162012575  80.22566503507008  46.95963821583587  -175.25675194814005  -132.28388125099883  53.557202550958124  1.8865606054619093  237.4437101021777  118.98398359609425  -380.1498845848219  238.4523461650212  231.74135575280735  
419.1199501975718  410.4186839490565  0.0  641.3785193676088  628.3755063329493  571.3851728124946  461.4253140909261  609.0371877694779  475.37282557502795  401.0299071751932  421.30789609639936  215.20431942033088  521.6747498326943  579.5312183771872  410.6172733690443  523.893293730413  475.60735084952074  449.9654349971549  613.4938191462362  527.3600013994907  571.0848966243345  470.3050572252472  632.1814271929709  609.7027369843643  281.4751145563533  519.5398407440395  286.3588361519085  469.8631867847192  508.8704086089083  578.4897962871788  285.56679785505213  617.5644779581013  470.1475481289543  320.78115884427643  559.0814036212769  609.0658274019873  407.9415992110463  525.8525192694644  594.942814781543  517.1216571251164  602.9872801391901  465.6719428102283  583.5229777071866  643.2435293221498  305.01464404136175  443.4571653380969  569.3453335427598  618.6527281271206  75.57636733306595  641.394530869394  565.0313334873573  608.7872588894195  597.378999283183  512.5836958990822  588.4354149089443  406.83916525306887  529.3152605221857  461.9080599366674  389.9037124159259  499.69064434552456  448.06898891270055  610.9312282013834  593.9118496977837  532.3773742432902  375.87236232893076  490.6443489841266  457.3783221648924  235.16193200091647  278.1348026980577  463.97588650001467  412.3052445545184  647.8623940512342  529.4026675451507  30.26879936423461  648.8710301140777  642.1600397018639  
-222.25856917003694  -230.95983541855225  -641.3785193676088  0.0  -13.003013034659517  -69.99334655511417  -179.95320527668264  -32.34133159813091  -166.00569379258081  -240.34861219241554  -220.0706232712094  -426.1741999472779  -119.70376953491449  -61.8473009904216  -230.76124599856445  -117.48522563719574  -165.77116851808802  -191.41308437045387  -27.884700221372555  -114.01851796811808  -70.29362274327427  -171.07346214236156  -9.197092174637845  -31.67578238324451  -359.9034048112555  -121.83867862356935  -355.01968321570024  -171.51533258288958  -132.50811075870052  -62.88872308042998  -355.81172151255663  -23.81404140950748  -171.23097123865443  -320.5973605233323  -82.29711574633193  -32.31269196562141  -233.43692015656245  -115.52600009814437  -46.43570458606577  -124.2568622424924  -38.39123922841864  -175.70657655738046  -57.85554166042216  1.8650099545409944  -336.363875326247  -197.92135402951186  -72.03318582484896  -22.725791240488277  -565.8021520345428  0.01601150178520072  -76.34718588025147  -32.59126047818924  -43.9995200844257  -128.79482346852666  -52.94310445866445  -234.5393541145399  -112.06325884542314  -179.4704594309414  -251.47480695168287  -141.6878750220842  -193.3095304549082  -30.447291166225355  -47.466669669825066  -109.00114512431863  -265.506157038678  -150.7341703834822  -184.00019720271638  -406.2165873666923  -363.2437166695511  -177.40263286759415  -229.07327481309034  6.48387468362543  -111.97585182245801  -611.1097200033742  7.492510746468952  0.7815203342551058  
-209.25555613537745  -217.95682238389276  -628.3755063329493  13.003013034659517  0.0  -56.990333520454655  -166.95019224202315  -19.33831856347139  -153.00268075792127  -227.34559915775606  -207.0676102365499  -413.1711869126184  -106.70075650025497  -48.844287955762084  -217.75823296390496  -104.48221260253622  -152.76815548342853  -178.41007133579438  -14.881687186713037  -101.01550493345856  -57.29060970861475  -158.07044910770202  3.805920860021672  -18.672769348584993  -346.900391776596  -108.83566558890983  -342.01667018104075  -158.5123195482301  -119.505097724041  -49.885710045770466  -342.80870847789714  -10.811028374847965  -158.2279582039949  -307.59434748867284  -69.29410271167241  -19.309678930961894  -220.43390712190296  -102.52298706348485  -33.43269155140625  -111.25384920783289  -25.388226193759124  -162.70356352272097  -44.852528625762645  14.868022989200512  -323.3608622915875  -184.91834099485237  -59.03017279018944  -9.72277820582876  -552.7991389998833  13.019024536444718  -63.344172845591956  -19.588247443529724  -30.99650704976618  -115.79181043386713  -39.94009142400493  -221.5363410798804  -99.06024581076362  -166.46744639628184  -238.47179391702338  -128.6848619874247  -180.30651742024872  -17.444278131565838  -34.46365663516555  -95.99813208965911  -252.5031440040185  -137.73115734882265  -170.9971841680569  -393.2135743320328  -350.2407036348916  -164.3996198329346  -216.07026177843085  19.486887718284947  -98.9728387877985  -598.1067069687147  20.49552378112847  13.784533368914623  
-152.26522261492278  -160.9664888634381  -571.3851728124946  69.99334655511417  56.990333520454655  0.0  -109.95985872156848  37.652014956983265  -96.01234723746663  -170.3552656373014  -150.07727671609524  -356.1808533921637  -49.71042297980031  8.146045564692571  -160.7678994434503  -47.49187908208157  -95.77782196297386  -121.41973781533972  42.10864633374162  -44.0251714130039  -0.3002761881600975  -101.08011558724738  60.79625438047633  38.31756417186966  -289.9100582561413  -51.84533206845518  -285.0263366605861  -101.52198602777543  -62.51476420358634  7.104623474684189  -285.8183749574425  46.17930514560669  -101.23762468354025  -250.60401396821817  -12.303769191217754  37.68065458949276  -163.4435736014483  -45.53265354303019  23.557641969048404  -54.26351568737823  31.60210732669553  -105.7132300022663  12.13780489469201  71.85835650965517  -266.37052877113285  -127.9280074743977  -2.0398392697347845  47.267555314625895  -495.80880547942866  70.00935805689937  -6.353839325137301  37.40208607692493  25.993826470688475  -58.80147691341247  17.050242096449722  -164.54600755942573  -42.06991229030896  -109.4771128758272  -181.4814603965687  -71.69452846697004  -123.31618389979405  39.54605538888882  22.526676885289106  -39.00779856920445  -195.51281048356384  -80.74082382836801  -114.00685064760222  -336.22324081157814  -293.2503701144369  -107.40928631247996  -159.07992825797618  76.4772212387396  -41.98250526734384  -541.11637344826  77.48585730158312  70.77486688936928  
-42.3053638933543  -51.00663014186961  -461.4253140909261  179.95320527668264  166.95019224202315  109.95985872156848  0.0  147.61187367855175  13.947511484101852  -60.395406915732906  -40.11741799452676  -246.22099467059525  60.24943574176817  118.10590428626105  -50.80804072188181  62.46797963948691  14.18203675859462  -11.459879093771235  152.06850505531008  65.93468730856458  109.65958253340838  8.879743134321103  170.75611310204482  148.27742289343814  -179.95019953457285  58.1145266531133  -175.0664779390176  8.437872693793054  47.44509451798214  117.06448219625267  -175.858516235874  156.13916386717517  8.722234038028233  -140.6441552466497  97.65608953035073  147.64051331106123  -53.48371487987981  64.42720517853829  133.51750069061688  55.69634303419025  141.56196604826403  4.24662871930218  122.09766361626049  181.81821523122363  -156.41067004956437  -17.968148752829222  107.9200194518337  157.22741403619438  -385.8489467578602  179.96921677846785  103.60601939643118  147.36194479849343  135.95368519225696  51.15838180815601  127.0101008180182  -54.58614883785725  67.88994643125952  0.48274584574127744  -71.52160167500023  38.26533025459844  -13.356325178225575  149.5059141104573  132.4865356068576  70.95206015236403  -85.55295176199536  29.219034893200472  -4.046991926033741  -226.26338209000966  -183.29051139286844  2.5505724090885167  -49.1200695364077  186.4370799603081  67.97735345422464  -431.1565147266915  187.4457160231516  180.73472561093774  
-189.91723757190604  -198.61850382042135  -609.0371877694779  32.34133159813091  19.33831856347139  -37.652014956983265  -147.61187367855175  0.0  -133.6643621944499  -208.00728059428465  -187.7292916730785  -393.832868349147  -87.36243793678358  -29.505969392290694  -198.41991440043356  -85.14389403906483  -133.42983691995713  -159.07175277232298  4.456631376758352  -81.67718636998717  -37.95229114514336  -138.73213054423064  23.14423942349306  0.6655492148863971  -327.56207321312456  -89.49734702543844  -322.6783516175693  -139.1740009847587  -100.1667791605696  -30.547391482299076  -323.4703899144257  8.527290188623425  -138.8896396405235  -288.25602892520146  -49.95578414820102  0.028639632509495527  -201.09558855843156  -83.18466850001346  -14.094372987934861  -91.9155306443615  -6.049907630287734  -143.36524495924957  -25.514210062291255  34.2063415526719  -304.02254372811615  -165.58002243138097  -39.69185422671805  9.61554035764263  -533.460820436412  32.35734309991611  -44.005854282120566  -0.24992888005833436  -11.65818848629479  -96.45349187039574  -20.601772860533544  -202.198022516409  -79.72192724729223  -147.12912783281047  -219.13347535355197  -109.3465434239533  -160.96819885677732  1.8940404319055517  -15.12533807169416  -76.65981352618772  -233.1648254405471  -118.39283878535127  -151.6588656045855  -373.8752557685614  -330.9023850714202  -145.06130126946323  -196.73194321495944  38.82520628175634  -79.6345202243271  -578.7683884052433  39.83384234459986  33.12285193238601  
-56.25287537745615  -64.95414162597146  -475.37282557502795  166.00569379258081  153.00268075792127  96.01234723746663  -13.947511484101852  133.6643621944499  0.0  -74.34291839983476  -54.06492947862861  -260.16850615469707  46.301924257666315  104.1583928021592  -64.75555220598366  48.52046815538506  0.23452527449276772  -25.407390577873088  138.12099357120826  51.987175824462724  95.71207104930653  -5.067768349780749  156.80860161794294  134.3299114093363  -193.8977110186747  44.16701516901145  -189.01398942311945  -5.509638790308799  33.49758303388029  103.11697071215082  -189.80602771997584  142.19165238307332  -5.225277446073619  -154.59166673075154  83.70857804624887  133.6930018269594  -67.43122636398166  50.479693694436435  119.56998920651503  41.7488315500884  127.61445456416216  -9.700882764799672  108.15015213215864  167.8707037471218  -170.35818153366623  -31.915660236931075  93.97250796773184  143.27990255209252  -399.796458241962  166.021705294366  89.65850791232933  133.41443331439154  122.0061737081551  37.210870324054156  113.06258933391635  -68.5336603219591  53.942434947157665  -13.464765638360575  -85.46911315910208  24.317818770496586  -27.303836662327427  135.55840262635544  118.53902412275573  57.004548668262174  -99.50046324609721  15.27152340909862  -17.994503410135593  -240.2108935741115  -197.2380228769703  -11.396939075013336  -63.06758102050955  172.48956847620622  54.02984197012279  -445.10402621079334  173.49820453904977  166.78721412683592  
18.09004302237861  9.388776773863299  -401.0299071751932  240.34861219241554  227.34559915775606  170.3552656373014  60.395406915732906  208.00728059428465  74.34291839983476  0.0  20.277988921206145  -185.82558775486234  120.64484265750107  178.50131120199396  9.587366193851096  122.86338655521982  74.57744367432753  48.93552782196167  212.463911971043  126.33009422429748  170.0549894491413  69.27515005005401  231.15152001777773  208.67282980917105  -119.55479261883994  118.50993356884621  -114.6710710232847  68.83327960952596  107.84050143371505  177.45988911198558  -115.46310932014109  216.53457078290808  69.11764095376114  -80.24874833091678  158.05149644608363  208.03592022679413  6.911692035853093  124.8226120942712  193.9129076063498  116.09174994992316  201.95737296399693  64.64203563503509  182.4930705319934  242.21362214695654  -96.01526313383147  42.427258162903684  168.3154263675666  217.62282095192728  -325.45353984212727  240.36462369420076  164.00142631216409  207.75735171422633  196.34909210798986  111.55378872388891  187.4055077337511  5.809258077875654  128.28535334699242  60.87815276147418  -11.126194759267321  98.66073717033134  47.03908173750733  209.9013210261902  192.8819425225905  131.34746706809693  -25.157544846262454  89.61444180893338  56.348414989699165  -165.86797517427675  -122.89510447713553  62.94597932482142  11.275337379325208  246.832486876041  128.37276036995755  -370.7611078109586  247.8411229388845  241.13013252667065  
-2.187945898827536  -10.889212147342846  -421.30789609639936  220.0706232712094  207.0676102365499  150.07727671609524  40.11741799452676  187.7292916730785  54.06492947862861  -20.277988921206145  0.0  -206.10357667606849  100.36685373629493  158.2233222807878  -10.690622727355048  102.58539763401367  54.29945475312138  28.657538900755526  192.18592304983684  106.05210530309134  149.77700052793514  48.997161128847864  210.87353109657158  188.3948408879649  -139.83278154004608  98.23194464764006  -134.94905994449084  48.555290688319815  87.5625125125089  157.18190019077943  -135.74109824134723  196.25658186170193  48.839652032554994  -100.52673725212293  137.7735075248775  187.757931305588  -13.366296885353051  104.54462317306505  173.63491868514365  95.81376102871701  181.6793840427908  44.36404671382894  162.21508161078725  221.9356332257504  -116.29325205503761  22.14926924169754  148.03743744636046  197.34483203072114  -345.7315287633334  220.0866347729946  143.72343739095794  187.4793627930202  176.07110318678372  91.27579980268277  167.12751881254496  -14.46873084333049  108.00736442578628  40.60016384026804  -31.404183680473466  78.3827482491252  26.761092816301186  189.62333210498406  172.60395360138435  111.06947814689079  -45.4355337674686  69.33645288772723  36.07042606849302  -186.1459640954829  -143.17309339834168  42.66799040361528  -9.002651541880937  226.55449795483486  108.0947714487514  -391.03909673216475  227.56313401767835  220.8521436054645  
203.91563077724095  195.21436452872564  -215.20431942033088  426.1741999472779  413.1711869126184  356.1808533921637  246.22099467059525  393.832868349147  260.16850615469707  185.82558775486234  206.10357667606849  0.0  306.4704304123634  364.3268989568563  195.41295394871344  308.68897431008213  260.40303142918987  234.761115576824  398.28949972590533  312.1556819791598  355.88057720400366  255.10073780491635  416.97710777264007  394.4984175640334  66.2707951360224  304.3355213237086  71.15451673157764  254.6588673643883  293.6660891885774  363.28547686684794  70.36247843472125  402.3601585377704  254.94322870862348  105.57683942394556  343.877084200946  393.8615079816565  192.73727979071543  310.64819984913356  379.73849536121213  301.9173377047855  387.7829607188593  250.46762338989743  368.31865828685574  428.0392099018189  89.81032462103087  228.25284591776602  354.14101412242894  403.4484087067896  -139.62795208726493  426.1902114490631  349.8270140670264  393.58293946908867  382.1746798628522  297.3793764787513  373.23109548861345  191.634845832738  314.1109411018548  246.70374051633652  174.69939299559502  284.4863249251937  232.86466949236967  395.72690878105254  378.70753027745286  317.1730548229593  160.6680429085999  275.44002956379575  242.1740027445615  19.95761258058559  62.93048327772681  248.77156707968376  197.10092513418755  432.65807463090334  314.19834812481986  -184.93552005609627  433.66671069374684  426.955720281533  
-102.55479963512246  -111.25606588363777  -521.6747498326943  119.70376953491449  106.70075650025497  49.71042297980031  -60.24943574176817  87.36243793678358  -46.301924257666315  -120.64484265750107  -100.36685373629493  -306.4704304123634  0.0  57.856468544492884  -111.05747646364998  2.218543897718746  -46.06739898317355  -71.7093148355394  91.81906931354193  5.68525156679641  49.410146791640216  -51.369692607447064  110.50667736027664  88.02798715166998  -240.199635276341  -2.134909088654865  -235.31591368078577  -51.81156304797511  -12.804341223786025  56.8150464544845  -236.10795197764216  95.889728125407  -51.527201703739934  -200.89359098841786  37.40665378858256  87.39107756929307  -113.73315062164798  4.17776943677012  73.26806494884872  -4.5530927075779175  81.31253030649584  -56.00280702246599  61.84822787449232  121.56877948945548  -216.66010579133254  -78.21758449459739  47.67058371006553  96.97797829442621  -446.0983824996283  119.71978103669969  43.35658365466301  87.11250905672524  75.70424945048879  -9.091053933612159  66.76066507625004  -114.83558457962542  7.64051068949135  -59.76668989602689  -131.7710374167684  -21.984105487169728  -73.60576091999374  89.25647836868913  72.23709986508942  10.70262441059586  -145.80238750376353  -31.030400848567695  -64.29642766780191  -286.51281783177785  -243.5399471346366  -57.69886333267965  -109.36950527817586  126.18764421853992  7.727917712456474  -491.40595046845965  127.19628028138344  120.48528986916959  
-160.41126817961535  -169.11253442813066  -579.5312183771872  61.8473009904216  48.844287955762084  -8.146045564692571  -118.10590428626105  29.505969392290694  -104.1583928021592  -178.50131120199396  -158.2233222807878  -364.3268989568563  -57.856468544492884  0.0  -168.91394500814286  -55.63792464677414  -103.92386752766643  -129.5657833800323  33.96260076904905  -52.171216977696474  -8.446321752852668  -109.22616115193995  52.650208815783756  30.17151860717709  -298.05610382083387  -59.99137763314775  -293.1723822252786  -109.668031592468  -70.66080976827891  -1.041422090008382  -293.964420522135  38.03325958091412  -109.38367024823282  -258.75005953291077  -20.449814755910324  29.53460902480019  -171.58961916614086  -53.678699107722764  15.411596404355834  -62.4095612520708  23.45606176200296  -113.85927556695887  3.9917593299994394  63.712310944962596  -274.51657433582545  -136.07405303909027  -10.185884834427355  39.121509749933324  -503.95485104412126  61.8633124922068  -14.499884889829872  29.25604051223236  17.847780905995904  -66.94752247810504  8.904196531757151  -172.6920531241183  -50.215957855001534  -117.62315844051977  -189.62750596126128  -79.84057403166261  -131.46222946448663  31.400009824196246  14.380631320596535  -47.153844133897024  -203.6588560482564  -88.88686939306058  -122.15289621229479  -344.3692863762707  -301.3964156791295  -115.55533187717253  -167.22597382266875  68.33117567404703  -50.12855083203641  -549.2624190129526  69.33981173689055  62.62882132467671  
8.502676828527512  -0.19858941998779756  -410.6172733690443  230.76124599856445  217.75823296390496  160.7678994434503  50.80804072188181  198.41991440043356  64.75555220598366  -9.587366193851096  10.690622727355048  -195.41295394871344  111.05747646364998  168.91394500814286  0.0  113.27602036136872  64.99007748047643  39.348161628110574  202.8765457771919  116.74272803044639  160.4676232552902  59.68778385620291  221.56415382392663  199.08546361531995  -129.14215881269104  108.92256737499511  -124.25843721713579  59.24591341567486  98.25313523986395  167.87252291813448  -125.05047551399218  206.94720458905698  59.53027475991004  -89.83611452476788  148.46413025223254  198.44855403294304  -2.675674157998003  115.2352459004201  184.3255414124987  106.50438375607206  192.37000677014584  55.05466944118399  172.9057043381423  232.62625595310544  -105.60262932768256  32.83989196905259  158.7280601737155  208.03545475807618  -335.04090603597837  230.77725750034966  154.414060118313  198.16998552037523  186.76172591413876  101.96642253003782  177.8181415399  -3.778108115975442  118.69798715314133  51.29078656762309  -20.713560953118417  89.07337097648025  37.451715543656235  200.3139548323391  183.2945763287394  121.76010087424584  -34.74491104011355  80.02707561508228  46.76104879584807  -175.45534136812785  -132.48247067098663  53.358613130970326  1.6879711854741117  237.2451206821899  118.78539417610645  -380.3484740048097  238.2537567450334  231.54276633281955  
-104.77334353284121  -113.47460978135652  -523.893293730413  117.48522563719574  104.48221260253622  47.49187908208157  -62.46797963948691  85.14389403906483  -48.52046815538506  -122.86338655521982  -102.58539763401367  -308.68897431008213  -2.218543897718746  55.63792464677414  -113.27602036136872  0.0  -48.28594288089229  -73.92785873325815  89.60052541582318  3.466707669077664  47.19160289392147  -53.58823650516581  108.2881334625579  85.80944325395123  -242.41817917405976  -4.353452986373611  -237.53445757850452  -54.03010694569386  -15.022885121504771  54.596502556765756  -238.3264958753609  93.67118422768826  -53.74574560145868  -203.1121348861366  35.188109890863814  85.17253367157433  -115.95169451936673  1.9592255390513742  71.04952105112997  -6.7716366052966634  79.0939864087771  -58.22135092018473  59.62968397677358  119.35023559173673  -218.8786496890513  -80.43612839231614  45.45203981234678  94.75943439670746  -448.31692639734706  117.50123713898094  41.138039756944266  84.8939651590065  73.48570555277004  -11.309597831330905  64.54212117853129  -117.05412847734416  5.421966791772604  -61.985233793745635  -133.98958131448714  -24.202649384888474  -75.82430481771249  87.03793447097038  70.01855596737067  8.484080512877114  -148.02093140148227  -33.24894474628644  -66.51497156552065  -288.7313617294966  -245.75849103235535  -59.917407230398396  -111.58804917589461  123.96910032082117  5.509373814737728  -493.6244943661784  124.97773638366469  118.26674597145085  
-56.48740065194892  -65.18866690046423  -475.60735084952074  165.77116851808802  152.76815548342853  95.77782196297386  -14.18203675859462  133.42983691995713  -0.23452527449276772  -74.57744367432753  -54.29945475312138  -260.40303142918987  46.06739898317355  103.92386752766643  -64.99007748047643  48.28594288089229  0.0  -25.641915852365855  137.88646829671546  51.75265054996996  95.47754577481376  -5.302293624273517  156.5740763434502  134.09538613484352  -194.13223629316747  43.93248989451868  -189.24851469761222  -5.744164064801566  33.26305775938752  102.88244543765805  -190.0405529944686  141.95712710858055  -5.459802720566387  -154.8261920052443  83.4740527717561  133.4584765524666  -67.66575163847443  50.24516841994367  119.33546393202226  41.51430627559563  127.37992928966939  -9.93540803929244  107.91562685766587  167.636178472629  -170.592706808159  -32.15018551142384  93.73798269323908  143.04537727759975  -400.0309835164548  165.78718001987323  89.42398263783656  133.1799080398988  121.77164843366234  36.97634504956139  112.82806405942358  -68.76818559645187  53.7079096726649  -13.699290912853343  -85.70363843359485  24.08329349600382  -27.538361936820195  135.32387735186268  118.30449884826297  56.77002339376941  -99.73498852058998  15.036998134605852  -18.22902868462836  -240.44541884860428  -197.47254815146306  -11.631464349506103  -63.30210629500232  172.25504320171348  53.79531669563002  -445.33855148528613  173.26367926455697  166.55268885234312  
-30.845484799583062  -39.54675104809837  -449.9654349971549  191.41308437045387  178.41007133579438  121.41973781533972  11.459879093771235  159.07175277232298  25.407390577873088  -48.93552782196167  -28.657538900755526  -234.761115576824  71.7093148355394  129.5657833800323  -39.348161628110574  73.92785873325815  25.641915852365855  0.0  163.52838414908132  77.39456640233581  121.11946162717962  20.339622228092338  182.21599219581606  159.73730198720938  -168.4903204408016  69.57440574688454  -163.60659884524637  19.89775178756429  58.90497361175338  128.5243612900239  -164.39863714210276  167.5990429609464  20.18211313179947  -129.18427615287845  109.11596862412196  159.10039240483246  -42.02383578610858  75.88708427230952  144.97737978438812  67.15622212796148  153.02184514203526  15.706507813073415  133.55754271003173  193.27809432499487  -144.95079095579314  -6.508269659057987  119.37989854560493  168.6872931299656  -374.38906766408894  191.4290958722391  115.06589849020241  158.82182389226466  147.4135642860282  62.61826090192724  138.46997991178944  -43.12626974408602  79.34982552503075  11.942624939512513  -60.06172258122899  49.725209348369674  -1.8964460844543396  160.96579320422853  143.94641470062882  82.41193924613526  -74.09307266822412  40.67891398697171  7.412887167737495  -214.80350299623842  -171.8306322990972  14.010451502859752  -37.66019044263646  197.89695905407933  79.43723254799588  -419.6966356329203  198.90559511692283  192.19460470470898  
-194.37386894866438  -203.0751351971797  -613.4938191462362  27.884700221372555  14.881687186713037  -42.10864633374162  -152.06850505531008  -4.456631376758352  -138.12099357120826  -212.463911971043  -192.18592304983684  -398.28949972590533  -91.81906931354193  -33.96260076904905  -202.8765457771919  -89.60052541582318  -137.88646829671546  -163.52838414908132  0.0  -86.13381774674552  -42.408922521901715  -143.188761920989  18.68760804673471  -3.7910821618719552  -332.01870458988293  -93.9539784021968  -327.1349829943277  -143.63063236151703  -104.62341053732796  -35.00402285905743  -327.9270212911841  4.070658811865073  -143.34627101728188  -292.7126603019598  -54.41241552495937  -4.427991744248857  -205.5522199351899  -87.64129987677181  -18.551004364693213  -96.37216202111985  -10.506539007046086  -147.8218763360079  -29.970841439049607  29.74971017591355  -308.47917510487446  -170.0366538081393  -44.1484856034764  5.158908980884277  -537.9174518131703  27.900711723157755  -48.46248565887892  -4.706560256816687  -16.114819863053143  -100.91012324715409  -25.058404237291896  -206.65465389316734  -84.17855862405058  -151.58575920956883  -223.5901067303103  -113.80317480071166  -165.42483023353566  -2.5625909448528006  -19.58196944845251  -81.11644490294607  -237.62145681730544  -122.84947016210963  -156.11549698134382  -378.33188714531974  -335.3590164481785  -149.5179326462216  -201.18857459171778  34.368574904997985  -84.09115160108546  -583.2250197820016  35.377210967841506  28.66622055562766  
-108.24005120191887  -116.94131745043418  -527.3600013994907  114.01851796811808  101.01550493345856  44.0251714130039  -65.93468730856458  81.67718636998717  -51.987175824462724  -126.33009422429748  -106.05210530309134  -312.1556819791598  -5.68525156679641  52.171216977696474  -116.74272803044639  -3.466707669077664  -51.75265054996996  -77.39456640233581  86.13381774674552  0.0  43.724895224843806  -57.054944174243474  104.82142579348023  82.34273558487357  -245.88488684313742  -7.820160655451275  -241.00116524758218  -57.49681461477152  -18.489592790582435  51.12979488768809  -241.79320354443857  90.2044765586106  -57.21245327053634  -206.57884255521427  31.72140222178615  81.70582600249666  -119.41840218844439  -1.5074821300262897  67.58281338205231  -10.238344274374327  75.62727873969943  -61.6880585892624  56.162976307695914  115.88352792265907  -222.34535735812895  -83.9028360613938  41.98533214326912  91.2927267276298  -451.7836340664247  114.03452946990328  37.6713320878666  81.42725748992883  70.01899788369238  -14.776305500408569  61.075413509453625  -120.52083614642183  1.9552591226949403  -65.4519414628233  -137.4562889835648  -27.669357053966138  -79.29101248679015  83.57122680189272  66.55184829829301  5.01737284379945  -151.48763907055994  -36.715652415364104  -69.98167923459832  -292.19806939857426  -249.22519870143302  -63.38411489947606  -115.05475684497227  120.5023926517435  2.042666145660064  -497.09120203525606  121.51102871458703  114.80003830237318  
-151.96494642676268  -160.666212675278  -571.0848966243345  70.29362274327427  57.29060970861475  0.3002761881600975  -109.65958253340838  37.95229114514336  -95.71207104930653  -170.0549894491413  -149.77700052793514  -355.88057720400366  -49.410146791640216  8.446321752852668  -160.4676232552902  -47.19160289392147  -95.47754577481376  -121.11946162717962  42.408922521901715  -43.724895224843806  0.0  -100.77983939908728  61.096530568636425  38.61784036002976  -289.6097820679812  -51.54505588029508  -284.72606047242596  -101.22170983961533  -62.21448801542624  7.4048996628442865  -285.51809876928235  46.47958133376679  -100.93734849538015  -250.30373778005807  -12.003493003057656  37.98093077765286  -163.1432974132882  -45.232377354870096  23.857918157208502  -53.96323949921813  31.90238351485563  -105.4129538141062  12.438081082852108  72.15863269781526  -266.0702525829728  -127.6277312862376  -1.739563081574687  47.56783150278599  -495.5085292912686  70.30963424505947  -6.053563136977203  37.70236226508503  26.294102658848573  -58.501200725252374  17.35051828460982  -164.24573137126563  -41.769636102148866  -109.1768366876671  -181.1811842084086  -71.39425227880994  -123.01590771163396  39.846331577048915  22.826953073449204  -38.707522381044356  -195.21253429540374  -80.44054764020791  -113.70657445944212  -335.922964623418  -292.95009392627685  -107.10901012431987  -158.77965206981608  76.7774974268997  -41.68222907918374  -540.8160972600999  77.78613348974322  71.07514307752938  
-51.1851070276754  -59.88637327619071  -470.3050572252472  171.07346214236156  158.07044910770202  101.08011558724738  -8.879743134321103  138.73213054423064  5.067768349780749  -69.27515005005401  -48.997161128847864  -255.10073780491635  51.369692607447064  109.22616115193995  -59.68778385620291  53.58823650516581  5.302293624273517  -20.339622228092338  143.188761920989  57.054944174243474  100.77983939908728  0.0  161.8763699677237  139.39767975911704  -188.82994266889395  49.2347835187922  -183.9462210733387  -0.44187044052804936  38.56535138366104  108.18473906193157  -184.7382593701951  147.25942073285407  -0.1575090962928698  -149.5238983809708  88.77634639602962  138.76077017674015  -62.363458014200916  55.547462044217184  124.63775755629578  46.816599899869146  132.6822229139429  -4.633114415018923  113.21792048193939  172.93847209690256  -165.29041318388548  -26.847891887150325  99.04027631751259  148.34767090187327  -394.72868989218125  171.08947364414675  94.72627626211008  138.4822016641723  127.07394205793585  42.278638673834905  118.1303576836971  -63.465891972178355  59.010203296938414  -8.396997288579826  -80.40134480932133  29.385587120277336  -22.236068312546678  140.6261709761362  123.60679247253648  62.072317018042924  -94.43269489631646  20.33929175887937  -12.926735060354844  -235.14312522433076  -192.17025452718954  -6.329170725232586  -57.9998126707288  177.55733682598697  59.09761031990354  -440.0362578610126  178.56597288883052  171.85498247661667  
-213.06147699539912  -221.76274324391443  -632.1814271929709  9.197092174637845  -3.805920860021672  -60.79625438047633  -170.75611310204482  -23.14423942349306  -156.80860161794294  -231.15152001777773  -210.87353109657158  -416.97710777264007  -110.50667736027664  -52.650208815783756  -221.56415382392663  -108.2881334625579  -156.5740763434502  -182.21599219581606  -18.68760804673471  -104.82142579348023  -61.096530568636425  -161.8763699677237  0.0  -22.478690208606665  -350.70631263661767  -112.6415864489315  -345.8225910410624  -162.31824040825177  -123.31101858406267  -53.69163090579214  -346.6146293379188  -14.616949234869637  -162.03387906401656  -311.4002683486945  -73.10002357169408  -23.115599790983566  -224.23982798192463  -106.32890792350652  -37.23861241142792  -115.05977006785456  -29.194147053780796  -166.50948438274264  -48.65844948578432  11.06210212917884  -327.1667831516092  -188.72426185487404  -62.83609365021111  -13.528699065850432  -556.6050598599049  9.213103676423046  -67.15009370561363  -23.394168303551396  -34.80242790978785  -119.5977312938888  -43.746012284026605  -225.34226193990207  -102.86616667078529  -170.27336725630352  -242.27771477704505  -132.49078284744638  -184.1124382802704  -21.25019899158751  -38.26957749518722  -99.80405294968078  -256.3090648640402  -141.53707820884432  -174.80310502807856  -397.0194951920545  -354.04662449491326  -168.20554069295628  -219.87618263845252  15.680966858263275  -102.77875964782017  -601.9126278287363  16.689602921106797  9.978612508892951  
-190.58278678679244  -199.28405303530775  -609.7027369843643  31.67578238324451  18.672769348584993  -38.31756417186966  -148.27742289343814  -0.6655492148863971  -134.3299114093363  -208.67282980917105  -188.3948408879649  -394.4984175640334  -88.02798715166998  -30.17151860717709  -199.08546361531995  -85.80944325395123  -134.09538613484352  -159.73730198720938  3.7910821618719552  -82.34273558487357  -38.61784036002976  -139.39767975911704  22.478690208606665  0.0  -328.227622428011  -90.16289624032484  -323.34390083245574  -139.8395501996451  -100.832328375456  -31.212940697185473  -324.13593912931213  7.861740973737028  -139.5551888554099  -288.92157814008783  -50.621333363087416  -0.6369095823769015  -201.76113777331796  -83.85021771489986  -14.759922202821258  -92.5810798592479  -6.715456845174131  -144.03079417413596  -26.179759277177652  33.540792337785504  -304.6880929430025  -166.24557164626736  -40.35740344160445  8.949991142756232  -534.1263696512983  31.69179388502971  -44.67140349700696  -0.9154780949447314  -12.323737701181187  -97.11904108528213  -21.26732207541994  -202.8635717312954  -80.38747646217863  -147.79467704769687  -219.79902456843837  -110.0120926388397  -161.63374807166372  1.2284912170191546  -15.790887286580556  -77.32536274107412  -233.8303746554335  -119.05838800023767  -152.32441481947188  -374.5408049834478  -331.5679342863066  -145.72685048434963  -197.39749242984584  38.15965706686994  -80.3000694392135  -579.4339376201297  39.16829312971346  32.457302717499616  
137.64483564121855  128.94356939270324  -281.4751145563533  359.9034048112555  346.900391776596  289.9100582561413  179.95019953457285  327.56207321312456  193.8977110186747  119.55479261883994  139.83278154004608  -66.2707951360224  240.199635276341  298.05610382083387  129.14215881269104  242.41817917405976  194.13223629316747  168.4903204408016  332.01870458988293  245.88488684313742  289.6097820679812  188.82994266889395  350.70631263661767  328.227622428011  0.0  238.06472618768615  4.883721595555244  188.3880722283659  227.395294052555  297.0146817308255  4.091683298698854  336.089363401748  188.67243357260108  39.30604428792316  277.60628906492354  327.5907128456341  126.46648465469303  244.37740471311113  313.46770022518973  235.6465425687631  321.5121655828369  184.19682825387503  302.04786315083334  361.7684147657965  23.539529485008472  161.98205078174362  287.87021898640654  337.1776135707672  -205.89874722328733  359.9194163130407  283.556218931004  327.31214433306627  315.9038847268298  231.10858134272885  306.96030035259105  125.3640506967156  247.84014596583236  180.43294538031412  108.42859785957262  218.21552978917128  166.59387435634727  329.45611364503014  312.4367351414304  250.90225968693687  94.39724777257749  209.16923442777332  175.9032076085391  -46.31318255543681  -3.3403118582955926  182.50077194366136  130.83012999816515  366.38727949488094  247.9275529887975  -251.20631519211867  367.39591555772444  360.6849251455106  
