Height_Data

node	height
0	147.39470103769176
1	89.50833181594567
2	112.64593278455918
3	55.35850140138421
4	133.97761619736062
5	285.9127782448359
6	178.53258994066
7	123.84074474331295
8	77.46093635800604
9	101.5189478412131
10	108.38990937392433
11	100.7528262855785
12	88.72650110225216
13	88.12137138035322
14	38.298637860752955
15	77.67529756437769
16	99.70668191116823
17	93.52577111642081
18	38.53539069290107
19	117.82079256653205
20	77.30863538178912
21	77.70784280576169
22	123.30789110129294
23	69.60153894655318
24	120.58758447191042
25	32.305327882892264
26	189.42507826521805
27	302.46895769897816
28	54.4926710641711
29	260.11066977541844
30	88.99757688571499
31	66.06738106153674
32	85.61115887523884
33	43.29663049412723
34	289.4974366863121
35	73.46624081113715
36	96.25249101095201
37	322.6608205458053
38	37.504104974498354
39	205.94331097628242
40	78.75164460329141
41	179.26274373619927
42	50.37901934262626
43	82.94054175411671
44	31.58544217301719
45	32.73765441323128
46	99.09962386185829
47	307.16599992408396
48	35.65133576101805
49	117.80077919331241
50	208.7700244918445
51	44.25284911890573
52	48.46896363203077
53	94.07545492736823
54	65.49655387792909
55	63.548629370715766
56	70.3887468482627
57	144.33632789175599
58	50.75425175986679
59	128.19496728671461
60	117.46041351219087
61	181.71052216846184
62	68.50173966783757
63	133.11752951852267
64	42.01825292616204
65	120.73937516232834
66	184.9602373715397
67	77.70039315811825
68	60.4004326085344
69	270.5371113632466
70	129.92972795927116
71	51.116212826841874
72	36.420847548735686
73	128.14187385863582
74	83.90535304244831
75	54.59788614089783



height_matrix
0.0  202.60229227611137  121.62068888596406  322.1266987270765  46.95979694115903  -484.81327022500454  -108.98261116038873  82.43884703032586  244.76817637890008  160.5651361876753  136.51677082318605  163.2465616323965  205.33869977403867  207.45665380068493  381.8362211192858  244.01791215659932  166.90806694283242  188.54125472444838  381.0075862067674  103.50867964905905  245.3012297956593  243.90400381175527  84.30383477739593  272.2760673189851  93.82490798023474  402.8128060417983  -147.106320296342  -542.7598983145024  325.1571049073224  -394.5058905820433  204.38993453191875  284.6456199165426  216.24239756858526  364.3432469024759  -497.3595747701711  258.74961079294116  178.99773509358914  -613.4314182783974  384.617086221177  -204.92013478506726  240.25069752040127  -111.5381494447762  339.5548859327293  225.5895574925127  405.332406026361  401.29966318561173  169.03277011541718  -559.1995461023728  391.101778468358  103.5787264553278  -214.81363208953462  360.99648171575114  346.2400809198135  186.61736138613242  286.64351505916943  293.46125083441603  269.52083966300177  10.70430601077527  338.2415724723875  67.19906812842004  104.77000633925314  -120.10537395769518  276.1253647944897  49.97010031709186  368.81756839035404  93.29364056377199  -131.47937716846775  243.93007757850734  304.4799395020508  -430.9984361394419  61.12740577447215  336.97470873797465  388.4084872113463  67.38489512669582  222.2127179833521  324.7888521387788  
-202.60229227611137  0.0  -80.98160339014731  119.5244064509651  -155.64249533495234  -687.4155625011159  -311.5849034365001  -120.16344524578551  42.16588410278871  -42.03715608843606  -66.08552145292532  -39.35573064371488  2.7364074979273028  4.854361524573562  179.23392884317448  41.41561988048795  -35.69422533327895  -14.061037551662992  178.4052939306561  -99.09361262705232  42.69893751954794  41.3017115356439  -118.29845749871544  69.67377504287373  -108.77738429587663  200.21051376568693  -349.7086125724534  -745.3621905906137  122.55481263121098  -597.1081828581547  1.7876422558073841  82.04332764043124  13.64010529247389  161.74095462636453  -699.9618670462825  56.147318516829785  -23.60455718252223  -816.0337105545087  182.0147939450656  -407.52242706117863  37.648405244289904  -314.14044172088757  136.95259365661792  22.98726521640134  202.73011375024967  198.69737090950034  -33.56952216069419  -761.8018383784841  188.49948619224665  -99.02356582078357  -417.415924365646  158.39418943963977  143.63778864370212  -15.984930889978955  84.04122278305803  90.85895855830466  66.9185473868904  -191.8979862653361  135.63928019627608  -135.40322414769133  -97.83228593685823  -322.70766623380655  73.52307251837834  -152.6321919590195  166.2152761142427  -109.30865171233938  -334.0816694445791  41.32778530239597  101.87764722593943  -633.6007284155532  -141.47488650163922  134.37241646186328  185.80619493523494  -135.21739714941555  19.610425707240722  122.18655986266742  
-121.62068888596406  80.98160339014731  0.0  200.50600984111242  -74.66089194480503  -606.4339591109685  -230.60330004635279  -39.1818418556382  123.14748749293602  38.94444730171125  14.896081937221993  41.625872746432435  83.71801088807462  85.83596491472088  260.2155322333218  122.39722327063527  45.28737805686836  66.92056583848432  259.3868973208034  -18.11200923690501  123.68054090969525  122.28331492579122  -37.31685410856812  150.65537843302104  -27.795780905729316  281.19211715583424  -268.72700918230606  -664.3805872004664  203.5364160213583  -516.1265794680073  82.7692456459547  163.02493103057856  94.6217086826212  242.72255801651184  -618.9802636561351  137.1289219069771  57.377046207625085  -735.0521071643614  262.9963973352129  -326.5408236710313  118.63000863443722  -233.15883833074025  217.93419704676523  103.96886860654865  283.711717140397  279.6789742996476  47.41208122945312  -680.8202349883368  269.48108958239396  -18.04196243063626  -336.4343209754987  239.3757928297871  224.61939203384944  64.99667250016836  165.02282617320535  171.84056194845198  147.9001507770377  -110.91638287518879  216.6208835864234  -54.42162075754402  -16.850682546710914  -241.72606284365924  154.50467590852566  -71.6505885688722  247.19687950439  -28.32704832219207  -253.1000660544318  122.30938869254328  182.85925061608674  -552.619125025406  -60.493283111491905  215.3540198520106  266.78779832538225  -54.23579375926823  100.59202909738804  203.16816325281474  
-322.1266987270765  -119.5244064509651  -200.50600984111242  0.0  -275.16690178591745  -806.939968952081  -431.1093098874652  -239.6878516967506  -77.3585223481764  -161.56156253940117  -185.60992790389042  -158.88013709467998  -116.7879989530378  -114.67004492639154  59.70952239220938  -78.10878657047715  -155.21863178424405  -133.5854440026281  58.88088747969098  -218.61801907801743  -76.82546893141716  -78.2226949153212  -237.82286394968054  -49.850631408091374  -228.30179074684173  80.68610731472181  -469.2330190234185  -864.8865970415789  3.030406180245876  -716.6325893091198  -117.73676419515772  -37.48107881053386  -105.88430115849121  42.216548175399424  -819.4862734972476  -63.37708793413532  -143.12896363348733  -935.5581170054738  62.4903874941005  -527.0468335121437  -81.8760012066752  -433.66484817185267  17.42818720565282  -96.53714123456376  83.20570729928457  79.17296445853523  -153.0939286116593  -881.3262448294493  68.97507974128155  -218.54797227174868  -536.9403308166111  38.86978298867467  24.11338219273702  -135.50933734094406  -35.48318366790707  -28.66544789266044  -52.60585906407471  -311.4223927163012  16.114873745310973  -254.92763059865644  -217.35669238782333  -442.23207268477165  -46.00133393258676  -272.1565984099846  46.690869663277596  -228.83305816330449  -453.6060758955442  -78.19662114856914  -17.646759225025676  -753.1251348665184  -260.9992929526043  14.848010010898179  66.28178848426982  -254.74180360038065  -99.91398074372438  2.6621534117023202  
-46.95979694115903  155.64249533495234  74.66089194480503  275.16690178591745  0.0  -531.7730671661636  -155.94240810154776  35.47905008916683  197.80837943774105  113.60533924651628  89.55697388202702  116.28676469123747  158.37890283287965  160.4968568595259  334.87642417812685  197.0581152154403  119.9482700016734  141.58145778328935  334.04778926560846  56.54888270790002  198.34143285450028  196.94420687059625  37.34403783623691  225.31627037782607  46.865111039075714  355.85300910063927  -194.06611723750103  -589.7196952556615  278.1973079661633  -441.46568752320235  157.43013759075973  237.6858229753836  169.28260062742623  317.38344996131684  -544.3193717113302  211.78981385178213  132.03793815243012  -660.3912152195564  337.65728928001795  -251.8799317262263  193.29090057924225  -158.49794638593522  292.59508899157026  178.62976055135368  358.37260908520204  354.33986624445265  122.07297317425815  -606.1593430435319  344.141981527199  56.61892951416877  -261.77342903069365  314.0366847745921  299.28028397865444  139.6575644449734  239.68371811801038  246.501453893257  222.56104272184274  -36.25549093038376  291.2817755312284  20.23927118726101  57.810209398094116  -167.0651708988542  229.16556785333069  3.0103033759328355  321.85777144919507  46.33384362261296  -178.43917410962678  196.9702806373483  257.52014256089177  -477.9582330806009  14.167608833313125  290.0149117968156  341.4486902701873  20.425098185536797  175.25292104219307  277.82905519761977  
484.81327022500454  687.4155625011159  606.4339591109685  806.939968952081  531.7730671661636  0.0  375.8306590646158  567.2521172553304  729.5814466039046  645.3784064126799  621.3300410481907  648.059831857401  690.1519699990432  692.2699240256895  866.6494913442904  728.8311823816039  651.721337167837  673.354524949453  865.820856431772  588.3219498740636  730.1145000206639  728.7172740367598  569.1171050024004  757.0893375439896  578.6381782052392  887.6260762668028  337.70694992866254  -57.946628089497835  809.9703751323269  90.30737964296122  689.2032047569232  769.4588901415472  701.0556677935898  849.1565171274805  -12.54630454516655  743.5628810179458  663.8110053185937  -128.61814805339282  869.4303564461816  279.8931354399373  725.0639677454058  373.27512078022835  824.3681561577339  710.4028277175173  890.1456762513656  886.1129334106163  653.8460403404217  -74.38627587736823  875.9150486933626  588.3919966803323  269.9996381354699  845.8097519407556  831.0533511448181  671.430631611137  771.456785284174  778.2745210594205  754.3341098880063  495.5175762357798  823.054842697392  552.0123383534246  589.5832765642576  364.70789626730937  760.9386350194943  534.7833705420965  853.6308386153586  578.1069107887765  353.3338930565368  728.7433478035118  789.2932097270553  53.814834085562666  545.9406759994768  821.7879789629792  873.2217574363508  552.1981653517004  707.0259882083567  809.6021223637833  
108.98261116038873  311.5849034365001  230.60330004635279  431.1093098874652  155.94240810154776  -375.8306590646158  0.0  191.4214581907146  353.7507875392888  269.54774734806404  245.49938198357478  272.2291727927852  314.3213109344274  316.43926496107366  490.81883227967455  353.00052331698805  275.89067810322115  297.5238658848371  489.99019736715616  212.49129080944778  354.28384095604804  352.886614972144  193.28644593778466  381.2586784793738  202.80751914062347  511.795417202187  -38.12370913595328  -433.77728715411365  434.1397160677111  -285.5232794216546  313.3725456923075  393.62823107693134  325.225008728974  473.32585806286465  -388.37696360978236  367.7322219533299  287.98034625397787  -504.44880711800863  493.5996973815657  -95.93752362467853  349.23330868079  -2.5555382843874668  448.537497093118  334.57216865290144  514.3150171867497  510.28227434600046  278.0153812758059  -450.21693494198405  500.08438962874675  212.56133761571652  -105.8310209291459  469.9790928761399  455.22269208020225  295.59997254652114  395.62612621955816  402.44386199480476  378.5034508233905  119.686917171164  447.2241836327762  176.18167928880877  213.75261749964187  -11.12276279730645  385.10797595487844  158.9527114774806  477.80017955074277  202.27625172416072  -22.49676600807902  352.91268873889607  413.4625506624395  -322.01582497905315  170.11001693486088  445.9573198983634  497.39109837173504  176.36750628708455  331.1953291437408  433.7714632991675  
-82.43884703032586  120.16344524578551  39.1818418556382  239.6878516967506  -35.47905008916683  -567.2521172553304  -191.4214581907146  0.0  162.32932934857422  78.12628915734945  54.07792379286019  80.80771460207063  122.89985274371281  125.01780677035907  299.39737408895996  161.57906512627346  84.46921991250656  106.10240769412252  298.56873917644157  21.069832618733187  162.86238276533345  161.4651567814294  1.8649877470700744  189.83722028865924  11.386060949908881  320.37395901147244  -229.54516732666787  -625.1987453448282  242.7182578769965  -476.9447376123692  121.9510875015929  202.20677288621675  133.8035505382594  281.90439987215007  -579.798421800497  176.3107637626153  96.55888806326328  -695.8702653087232  302.1782391908511  -287.3589818153931  157.81185049007541  -193.97699647510206  257.11603890240343  143.15071046218685  322.89355899603515  318.8608161552859  86.59392308509132  -641.6383931326986  308.66293143803216  21.139879425001936  -297.2524791198605  278.5576346854253  263.80123388948766  104.17851435580656  204.20466802884354  211.02240380409017  187.0819926326759  -71.73454101955059  255.8027254420616  -15.239778901905822  22.331159308927283  -202.54422098802104  193.68651776416385  -32.468746713234  286.3787213600282  10.854793533446127  -213.9182241987936  161.49123054818148  222.04109247172494  -513.4372831697677  -21.31144125585371  254.5358617076488  305.96964018102045  -15.053951903630036  139.77387095302623  242.35000510845293  
-244.76817637890008  -42.16588410278871  -123.14748749293602  77.3585223481764  -197.80837943774105  -729.5814466039046  -353.7507875392888  -162.32932934857422  0.0  -84.20304019122477  -108.25140555571403  -81.52161474650359  -39.42947660486141  -37.31152257821515  137.06804474038577  -0.750264222300757  -77.86010943606766  -56.2269216544517  136.23940982786738  -141.25949672984103  0.5330534167592305  -0.8641725671448057  -160.46434160150415  27.50789094008502  -150.94326839866534  158.04462966289822  -391.8744966752421  -787.5280746934025  80.38892852842227  -639.2740669609434  -40.378241846981325  39.877443537642534  -28.52577881031482  119.57507052357582  -742.1277511490712  13.981434414041075  -65.77044128531094  -858.1995946572974  139.8489098422769  -449.68831116396734  -4.517478858498805  -356.3063258236763  94.78670955382921  -19.17861888638737  160.56422964746096  156.53148680671163  -75.7354062634829  -803.9677224812729  146.33360208945794  -141.18944992357228  -459.5818084684347  116.22830533685107  101.47190454091341  -58.150814992767664  41.87533868026932  48.693074455515955  24.752663284101686  -234.0638703681248  93.47339609348737  -177.56910825048004  -139.99817003964694  -364.87355033659526  31.357188415589633  -194.79807606180822  124.04939201145399  -151.4745358151281  -376.24755354736783  -0.8380988003927428  59.71176312315072  -675.766612518342  -183.64077060442793  92.20653235907457  143.64031083244623  -177.38328125220426  -22.555458395547987  80.02067575987871  
-160.5651361876753  42.03715608843606  -38.94444730171125  161.56156253940117  -113.60533924651628  -645.3784064126799  -269.54774734806404  -78.12628915734945  84.20304019122477  0.0  -24.048365364489257  2.681425444721185  44.773563586363366  46.891517613009626  221.27108493161055  83.45277596892402  6.342930755157113  27.976118536773072  220.44245001909215  -57.05645653861626  84.736093607984  83.33886762407997  -76.26130141027937  111.71093113130979  -66.74022820744057  242.247669854123  -307.6714564840173  -703.3250345021777  164.59196871964704  -555.0710267697186  43.82479834424345  124.0804837288673  55.677261380909954  203.7781107148006  -657.9247109578464  98.18447460526585  18.432598905913835  -773.9965544660727  224.05195003350167  -365.48527097274257  79.68556133272597  -272.1032856324515  178.98974974505398  65.0244213048374  244.76726983868573  240.7345269979364  8.467633927741872  -719.7646822900481  230.5366422806827  -56.98640973234751  -375.37876827720993  200.43134552807584  185.6749447321382  26.05222519845711  126.0783788714941  132.89611464674073  108.95570347532646  -149.86083017690004  177.67643628471214  -93.36606805925527  -55.795129848422164  -280.6705101453705  115.5602286068144  -110.59503587058344  208.25243220267876  -67.27149562390332  -292.04451335614306  83.36494139083203  143.9148033143755  -591.5635723271172  -99.43773041320316  176.40957255029934  227.843351023671  -93.18024106097948  61.647581795676786  164.2237159511035  
-136.51677082318605  66.08552145292532  -14.896081937221993  185.60992790389042  -89.55697388202702  -621.3300410481907  -245.49938198357478  -54.07792379286019  108.25140555571403  24.048365364489257  0.0  26.729790809210442  68.82192895085262  70.93988297749888  245.3194502960998  107.50114133341327  30.39129611964637  52.02448390126233  244.4908153835814  -33.008091174127  108.78445897247326  107.38723298856922  -52.212936045790116  135.75929649579905  -42.69186284295131  266.29603521861225  -283.62309111952806  -679.2766691376885  188.6403340841363  -531.0226614052294  67.8731637087327  148.12884909335656  79.72562674539921  227.82647607928985  -633.8763455933572  122.2328399697551  42.48096427040309  -749.9481891015835  248.10031539799093  -341.4369056082533  103.73392669721522  -248.05492026796225  203.03811510954324  89.07278666932666  268.815635203175  264.7828923624256  32.51599929223113  -695.7163169255589  254.58500764517197  -32.938044367858254  -351.3304029127207  224.4797108925651  209.72331009662744  50.100590562946365  150.12674423598335  156.94448001122998  133.00406883981572  -125.81246481241078  201.7248016492014  -69.31770269476601  -31.746764483932907  -256.62214478088123  139.60859397130366  -86.54667050609419  232.30079756716802  -43.22313025941406  -267.9961479916538  107.41330675532129  167.96316867886475  -567.5152069626279  -75.3893650487139  200.4579379147886  251.89171638816026  -69.13187569649023  85.69594716016604  188.27208131559274  
-163.2465616323965  39.35573064371488  -41.625872746432435  158.88013709467998  -116.28676469123747  -648.059831857401  -272.2291727927852  -80.80771460207063  81.52161474650359  -2.681425444721185  -26.729790809210442  0.0  42.09213814164218  44.21009216828844  218.58965948688936  80.77135052420283  3.6615053104359276  25.294693092051887  217.76102457437096  -59.737881983337445  82.05466816326282  80.65744217935878  -78.94272685500056  109.0295056865886  -69.42165365216175  239.5662444094018  -310.3528819287385  -706.0064599468989  161.91054327492586  -557.7524522144398  41.14337289952226  121.39905828414612  52.99583593618877  201.0966852700794  -660.6061364025676  95.50304916054466  15.75117346119265  -776.6779799107939  221.37052458878048  -368.16669641746375  77.00413588800478  -274.7847110771727  176.3083243003328  62.34299586011622  242.08584439396455  238.0531015532152  5.786208483020687  -722.4461077347693  227.85521683596153  -59.667835177068696  -378.0601937219311  197.74992008335465  182.993519287417  23.370799753735923  123.39695342677291  130.21468920201954  106.27427803060527  -152.54225562162122  174.99501083999095  -96.04749350397645  -58.47655529314335  -283.35193559009167  112.87880316209322  -113.27646131530463  205.57100675795758  -69.9529210686245  -294.72593880086424  80.68351594611084  141.2333778696543  -594.2449977718384  -102.11915585792434  173.72814710557816  225.16192557894982  -95.86166650570067  58.9661563509556  161.5422905063823  
-205.33869977403867  -2.7364074979273028  -83.71801088807462  116.7879989530378  -158.37890283287965  -690.1519699990432  -314.3213109344274  -122.89985274371281  39.42947660486141  -44.773563586363366  -68.82192895085262  -42.09213814164218  0.0  2.1179540266462595  176.49752134524718  38.67921238256065  -38.43063283120625  -16.797445049590294  175.66888643272878  -101.83002012497963  39.96253002162064  38.5653040377166  -121.03486499664274  66.93736754494643  -111.51379179380393  197.47410626775962  -352.4450200703807  -748.098598088541  119.81840513328368  -599.844590356082  -0.9487652421199186  79.30692014250394  10.903697794546588  159.00454712843722  -702.6982745442098  53.41091101890248  -26.34096468044953  -818.770118052436  179.2783864471383  -410.25883455910594  34.9119977463626  -316.87684921881487  134.21618615869062  20.250857718474037  199.99370625232237  195.96096341157303  -36.305929658621494  -764.5382458764115  185.76307869431935  -101.75997331871088  -420.1523318635733  155.65778194171247  140.90138114577482  -18.721338387906258  81.30481528513073  88.12255106037736  64.18213988896309  -194.6343937632634  132.90287269834877  -138.13963164561864  -100.56869343478553  -325.44407373173385  70.78666502045104  -155.3685994569468  163.4788686163154  -112.04505921026669  -336.8180769425064  38.591377804468664  99.14123972801212  -636.3371359134806  -144.21129399956652  131.63600896393598  183.06978743730764  -137.95380464734285  16.87401820931342  119.45015236474012  
-207.45665380068493  -4.854361524573562  -85.83596491472088  114.67004492639154  -160.4968568595259  -692.2699240256895  -316.43926496107366  -125.01780677035907  37.31152257821515  -46.891517613009626  -70.93988297749888  -44.21009216828844  -2.1179540266462595  0.0  174.37956731860092  36.56125835591439  -40.54858685785251  -18.915399076236554  173.55093240608252  -103.94797415162589  37.84457599497438  36.44735001107034  -123.152819023289  64.81941351830017  -113.63174582045019  195.35615224111336  -354.56297409702694  -750.2165521151874  117.70045110663742  -601.9625443827283  -3.066719268766178  77.18896611585768  8.785743767900328  156.88659310179096  -704.8162285708561  51.29295699225622  -28.45891870709579  -820.8880720790823  177.16043242049204  -412.3767885857522  32.79404371971634  -318.9948032454611  132.09823213204436  18.132903691827778  197.8757522256761  193.84300938492677  -38.423883685267754  -766.6561999030578  183.6451246676731  -103.87792734535714  -422.27028589021955  153.5398279150662  138.78342711912856  -20.839292414552517  79.18686125848447  86.0045970337311  62.06418586231683  -196.75234778990966  130.7849186717025  -140.2575856722649  -102.68664746143179  -327.5620277583801  68.66871099380478  -157.48655348359307  161.36091458966914  -114.16301323691295  -338.9360309691527  36.473423777822404  97.02328570136586  -638.4550899401268  -146.32924802621278  129.51805493728972  180.95183341066138  -140.0717586739891  14.75606418266716  117.33219833809386  
-381.8362211192858  -179.23392884317448  -260.2155322333218  -59.70952239220938  -334.87642417812685  -866.6494913442904  -490.81883227967455  -299.39737408895996  -137.06804474038577  -221.27108493161055  -245.3194502960998  -218.58965948688936  -176.49752134524718  -174.37956731860092  0.0  -137.81830896268653  -214.92815417645343  -193.29496639483747  -0.828634912518396  -278.32754147022683  -136.53499132362654  -137.93221730753058  -297.53238634188995  -109.56015380030075  -288.01131313905114  20.97658492251243  -528.9425414156278  -924.5961194337882  -56.6791162119635  -776.3421117013291  -177.4462865873671  -97.19060120274324  -165.5938235507006  -17.492974216809955  -879.1957958894569  -123.0866103263447  -202.8384860256967  -995.2676393976832  2.7808651018911235  -586.7563559043531  -141.58552359888458  -493.374370564062  -42.28133518655656  -156.24666362677314  23.49618490707519  19.463442066325854  -212.80345100386867  -941.0357672216586  9.265557349072168  -278.257494663958  -596.6498532088204  -20.839739403534708  -35.59614019947236  -195.21885973315344  -95.19270606011645  -88.37497028486982  -112.31538145628409  -371.1319151085106  -43.594648646898406  -314.63715299086584  -277.06621478003274  -501.941595076981  -105.71085632479614  -331.866120802194  -13.018652728931784  -288.54258055551384  -513.3155982877536  -137.90614354077852  -77.35628161723506  -812.8346572587277  -320.70881534481373  -44.8615123813112  6.572266092060445  -314.45132599259  -159.62350313593376  -57.04736898050706  
-244.01791215659932  -41.41561988048795  -122.39722327063527  78.10878657047715  -197.0581152154403  -728.8311823816039  -353.00052331698805  -161.57906512627346  0.750264222300757  -83.45277596892402  -107.50114133341327  -80.77135052420283  -38.67921238256065  -36.56125835591439  137.81830896268653  0.0  -77.1098452137669  -55.476657432150944  136.98967405016813  -140.50923250754028  1.2833176390599874  -0.11390834484404877  -159.7140773792034  28.258155162385776  -150.19300417636458  158.79489388519897  -391.1242324529413  -786.7778104711017  81.13919275072303  -638.5238027386426  -39.62797762468057  40.62770775994329  -27.77551458801406  120.32533474587657  -741.3774869267704  14.731698636341832  -65.02017706301018  -857.4493304349967  140.59917406457765  -448.9380469416666  -3.767214636198048  -355.5560616013755  95.53697377612997  -18.428354664086612  161.31449386976172  157.28175102901238  -74.98514204118214  -803.2174582589721  147.0838663117587  -140.43918570127153  -458.83154424613394  116.97856955915182  102.22216876321417  -57.40055077046691  42.62560290257008  49.44333867781671  25.502927506402443  -233.31360614582405  94.22366031578812  -176.81884402817929  -139.24790581734618  -364.1232861142945  32.10745263789039  -194.04781183950746  124.79965623375475  -150.72427159282734  -375.4972893250671  -0.0878345780919858  60.462027345451475  -675.0163482960412  -182.89050638212717  92.95679658137533  144.390575054747  -176.6330170299035  -21.80519417324723  80.77093998217947  
-166.90806694283242  35.69422533327895  -45.28737805686836  155.21863178424405  -119.9482700016734  -651.721337167837  -275.89067810322115  -84.46921991250656  77.86010943606766  -6.342930755157113  -30.39129611964637  -3.6615053104359276  38.43063283120625  40.54858685785251  214.92815417645343  77.1098452137669  0.0  21.63318778161596  214.09951926393504  -63.39938729377337  78.39316285282689  76.99593686892285  -82.60423216543649  105.36800037615268  -73.08315896259768  235.90473909896588  -314.0143872391744  -709.6679652573348  158.24903796448993  -561.4139575248757  37.481867589086335  117.7375529737102  49.33433062575284  197.43517995964348  -664.2676417130035  91.84154385010874  12.089668150756722  -780.3394852212298  217.70901927834456  -371.8282017278997  73.34263057756885  -278.4462163876086  172.64681898989687  58.68149054968029  238.42433908352862  234.3915962427793  2.124703172584759  -726.1076130452052  224.1937115255256  -63.32934048750462  -381.72169903236704  194.08841477291872  179.33201397698107  19.709294443299996  119.73544811633698  126.55318389158361  102.61277272016935  -156.20376093205715  171.33350552955503  -99.70899881441238  -62.13806060357928  -287.0134409005276  109.21729785165729  -116.93796662574056  201.90950144752165  -73.61442637906043  -298.38744411130017  77.02201063567492  137.57187255921838  -597.9065030822743  -105.78066116836027  170.06664179514223  221.5004202685139  -99.5231718161366  55.30465104051967  157.88078519594637  
-188.54125472444838  14.061037551662992  -66.92056583848432  133.5854440026281  -141.58145778328935  -673.354524949453  -297.5238658848371  -106.10240769412252  56.2269216544517  -27.976118536773072  -52.02448390126233  -25.294693092051887  16.797445049590294  18.915399076236554  193.29496639483747  55.476657432150944  -21.63318778161596  0.0  192.46633148231908  -85.03257507538933  56.75997507121093  55.362749087306895  -104.23741994705244  83.73481259453672  -94.71634674421364  214.27155131734992  -335.6475750207904  -731.3011530389508  136.61585018287397  -583.0471453064918  15.848679807470376  96.10436519209424  27.701142844136882  175.80199217802752  -685.9008294946195  70.20835606849278  -9.543519630859237  -801.9726730028458  196.0758314967286  -393.46138950951564  51.709442795952896  -300.0794041692246  151.0136312082809  37.04830276806433  216.79115130191266  212.75840846116333  -19.5084846090312  -747.7408008268212  202.56052374390964  -84.96252826912058  -403.354886813983  172.45522699130277  157.69882619536511  -1.9238933383159633  98.10226033472102  104.91999610996766  80.97958493855339  -177.8369487136731  149.70031774793907  -121.34218659602834  -83.77124838519524  -308.64662868214356  87.58411007004133  -138.57115440735652  180.2763136659057  -95.24761416067639  -320.02063189291613  55.38882285405896  115.93868477760242  -619.5396908638902  -127.41384894997623  148.43345401352627  199.86723248689793  -121.15635959775256  33.671463258903714  136.24759741433041  
-381.0075862067674  -178.4052939306561  -259.3868973208034  -58.88088747969098  -334.04778926560846  -865.820856431772  -489.99019736715616  -298.56873917644157  -136.23940982786738  -220.44245001909215  -244.4908153835814  -217.76102457437096  -175.66888643272878  -173.55093240608252  0.828634912518396  -136.98967405016813  -214.09951926393504  -192.46633148231908  0.0  -277.49890655770844  -135.70635641110815  -137.10358239501218  -296.70375142937155  -108.73151888778236  -287.18267822653274  21.805219835030826  -528.1139065031094  -923.7674845212698  -55.85048129944511  -775.5134767888107  -176.6176516748487  -96.36196629022484  -164.7651886381822  -16.66433930429156  -878.3671609769385  -122.2579754138263  -202.0098511131783  -994.4390044851648  3.6095000144095195  -585.9277209918347  -140.75688868636618  -492.5457356515436  -41.452700274038165  -155.41802871425475  24.324819819593586  20.29207697884425  -211.97481609135028  -940.2071323091402  10.094192261590564  -277.42885975143963  -595.821218296302  -20.01110449101631  -34.76750528695396  -194.39022482063504  -94.36407114759805  -87.54633537235142  -111.48674654376569  -370.3032801959922  -42.76601373438001  -313.80851807834745  -276.23757986751434  -501.1129601644626  -104.88222141227774  -331.0374858896756  -12.190017816413388  -287.71394564299544  -512.4869633752352  -137.07750862826012  -76.52764670471666  -812.0060223462093  -319.88018043229533  -44.032877468792805  7.4009010045788415  -313.6226910800716  -158.79486822341536  -56.21873406798866  
-103.50867964905905  99.09361262705232  18.11200923690501  218.61801907801743  -56.54888270790002  -588.3219498740636  -212.49129080944778  -21.069832618733187  141.25949672984103  57.05645653861626  33.008091174127  59.737881983337445  101.83002012497963  103.94797415162589  278.32754147022683  140.50923250754028  63.39938729377337  85.03257507538933  277.49890655770844  0.0  141.79255014660026  140.39532416269623  -19.204844871663113  168.76738766992605  -9.683771668824306  299.30412639273925  -250.61499994540105  -646.2685779635615  221.6484252582633  -498.01457023110237  100.88125488285971  181.13694026748357  112.73371791952621  260.8345672534168  -600.8682544192302  155.2409311438821  75.4890554445301  -716.9400979274565  281.10840657211793  -308.4288144341263  136.74201787134223  -215.04682909383524  236.04620628367024  122.08087784345366  301.823726377302  297.79098353655263  65.52409046635813  -662.7082257514319  287.593098819299  0.07004680626874915  -318.32231173859367  257.4878020666921  242.73140127075445  83.10868173707337  183.13483541011036  189.952571185357  166.01216001394272  -92.80437363828378  234.7328928233284  -36.30961152063901  1.261326690194096  -223.61405360675423  172.61668514543067  -53.538579331967185  265.30888874129505  -10.21503908528706  -234.9880568175268  140.4213979294483  200.97125985299175  -534.5071157885009  -42.381273874586896  233.4660290889156  284.89980756228726  -36.12378452236322  118.70403833429305  221.28017248971975  
-245.3012297956593  -42.69893751954794  -123.68054090969525  76.82546893141716  -198.34143285450028  -730.1145000206639  -354.28384095604804  -162.86238276533345  -0.5330534167592305  -84.736093607984  -108.78445897247326  -82.05466816326282  -39.96253002162064  -37.84457599497438  136.53499132362654  -1.2833176390599874  -78.39316285282689  -56.75997507121093  135.70635641110815  -141.79255014660026  0.0  -1.3972259839040362  -160.99739501826338  26.97483752332579  -151.47632181542457  157.511576246139  -392.4075500920013  -788.0611281101617  79.85587511166304  -639.8071203777026  -40.911295263740556  39.344390120883304  -29.05883222707405  119.04201710681659  -742.6608045658304  13.448380997281845  -66.30349470207017  -858.7326480740567  139.31585642551767  -450.2213645807266  -5.0505322752580355  -356.8393792404355  94.25365613706998  -19.7116723031466  160.03117623070173  155.9984333899524  -76.26845968024213  -804.5007758980321  145.8005486726987  -141.7225033403315  -460.11486188519393  115.69525192009183  100.93885112415418  -58.683868409526895  41.34228526351009  48.160021038756724  24.219609867342456  -234.59692378488404  92.94034267672814  -178.10216166723927  -140.53122345640617  -365.4066037533545  30.824134998830402  -195.33112947856745  123.51633859469476  -152.00758923188732  -376.78060696412706  -1.3711522171519732  59.17870970639149  -676.2996659351012  -184.17382402118716  91.67347894231534  143.107257415687  -177.9163346689635  -23.088511812307217  79.48762234311948  
-243.90400381175527  -41.3017115356439  -122.28331492579122  78.2226949153212  -196.94420687059625  -728.7172740367598  -352.886614972144  -161.4651567814294  0.8641725671448057  -83.33886762407997  -107.38723298856922  -80.65744217935878  -38.5653040377166  -36.44735001107034  137.93221730753058  0.11390834484404877  -76.99593686892285  -55.362749087306895  137.10358239501218  -140.39532416269623  1.3972259839040362  0.0  -159.60016903435934  28.372063507229825  -150.07909583152053  158.90880223004302  -391.0103241080973  -786.6639021262577  81.25310109556708  -638.4098943937986  -39.51406927983652  40.74161610478734  -27.661606243170013  120.43924309072062  -741.2635785819264  14.845606981185881  -64.90626871816613  -857.3354220901526  140.7130824094217  -448.82413859682254  -3.6533062913539993  -355.44215325653147  95.65088212097402  -18.314446319242563  161.42840221460577  157.39565937385643  -74.8712336963381  -803.103549914128  147.19777465660275  -140.32527735642748  -458.7176359012899  117.09247790399587  102.33607710805822  -57.28664242562286  42.73951124741413  49.55724702266076  25.616835851246492  -233.19969780098  94.33756866063217  -176.70493568333524  -139.13399747250213  -364.00937776945045  32.22136098273444  -193.9339034946634  124.9135645785988  -150.6103632479833  -375.383380980223  0.026073766752062966  60.57593569029552  -674.9024399511972  -182.77659803728312  93.07070492621938  144.50448339959104  -176.51910868505945  -21.69128582840318  80.88484832702352  
-84.30383477739593  118.29845749871544  37.31685410856812  237.82286394968054  -37.34403783623691  -569.1171050024004  -193.28644593778466  -1.8649877470700744  160.46434160150415  76.26130141027937  52.212936045790116  78.94272685500056  121.03486499664274  123.152819023289  297.53238634188995  159.7140773792034  82.60423216543649  104.23741994705244  296.70375142937155  19.204844871663113  160.99739501826338  159.60016903435934  0.0  187.97223254158916  9.521073202838807  318.50897126440236  -231.41015507373794  -627.0637330918983  240.85327012992641  -478.80972535943926  120.08609975452282  200.34178513914668  131.93856279118933  280.03941212507993  -581.663409547567  174.44577601554522  94.69390031619321  -697.7352530557932  300.31325144378104  -289.2239695624632  155.94686274300534  -195.84198422217213  255.25105115533336  141.28572271511678  321.02857124896514  316.99582840821574  84.72893533802124  -643.5033808797687  306.7979436909621  19.274891677931862  -299.11746686693056  276.6926469383552  261.93624614241753  102.31352660873648  202.33968028177347  209.1574160570201  185.21700488560583  -73.59952876662067  253.9377376949915  -17.104766648975897  20.46617156185721  -204.4092087350911  191.82153001709378  -34.33373446030407  284.51373361295816  8.989805786376053  -215.78321194586368  159.6262428011114  220.17610472465486  -515.3022709168379  -23.176429002923783  252.67087396057872  304.1046524339504  -16.91893965070011  137.90888320595616  240.48501736138286  
-272.2760673189851  -69.67377504287373  -150.65537843302104  49.850631408091374  -225.31627037782607  -757.0893375439896  -381.2586784793738  -189.83722028865924  -27.50789094008502  -111.71093113130979  -135.75929649579905  -109.0295056865886  -66.93736754494643  -64.81941351830017  109.56015380030075  -28.258155162385776  -105.36800037615268  -83.73481259453672  108.73151888778236  -168.76738766992605  -26.97483752332579  -28.372063507229825  -187.97223254158916  0.0  -178.45115933875036  130.5367387228132  -419.3823876153271  -815.0359656334874  52.88103758833725  -666.7819579010284  -67.88613278706634  12.369552597557515  -56.03366975039984  92.0671795834908  -769.6356420891561  -13.526456526043944  -93.27833222539596  -885.7074855973824  112.34101890219188  -477.19620210405236  -32.025369798583824  -383.8142167637613  67.27881861374419  -46.68650982647239  133.05633870737594  129.0235958666266  -103.24329720356792  -831.4756134213578  118.82571114937292  -168.6973408636573  -487.0896994085197  88.72041439676605  73.9640136008284  -85.65870593285268  14.367447740184303  21.185183515430936  -2.755227655983333  -261.57176130820983  65.96550515340235  -205.07699919056506  -167.50606097973196  -392.3814412766803  3.8492974755046134  -222.30596700189324  96.54150107136897  -178.9824267552131  -403.75544448745285  -28.345989740477762  32.2038721830657  -703.274503458427  -211.14866154451295  64.69864141898955  116.1324198923612  -204.89117219228928  -50.063349335633006  52.512784819793694  
-93.82490798023474  108.77738429587663  27.795780905729316  228.30179074684173  -46.865111039075714  -578.6381782052392  -202.80751914062347  -11.386060949908881  150.94326839866534  66.74022820744057  42.69186284295131  69.42165365216175  111.51379179380393  113.63174582045019  288.01131313905114  150.19300417636458  73.08315896259768  94.71634674421364  287.18267822653274  9.683771668824306  151.47632181542457  150.07909583152053  -9.521073202838807  178.45115933875036  0.0  308.98789806156356  -240.93122827657675  -636.5848062947371  231.3321969270876  -488.33079856227806  110.56502655168401  190.82071193630787  122.41748958835052  270.5183389222411  -591.1844827504058  164.9247028127064  85.1728271133544  -707.256326258632  290.79217824094223  -298.745042765302  146.42578954016653  -205.36305742501094  245.72997795249455  131.76464951227797  311.50749804612633  307.47475520537694  75.20786213518244  -653.0244540826075  297.2768704881233  9.753818475093055  -308.63854006976936  267.1715737355164  252.41517293957875  92.79245340589767  192.81860707893466  199.6363428541813  175.69593168276702  -83.12060196945947  244.4166644921527  -26.625839851814703  10.945098359018402  -213.93028193792992  182.30045681425497  -43.85480766314288  274.99266041011936  -0.5312674164627538  -225.3042851487025  150.1051695982726  210.65503152181606  -524.8233441196767  -32.69750220576259  243.1498007577399  294.58357923111157  -26.440012853538917  128.38781000311735  230.96394415854405  
