Height_Data

node	height
0	171.16029823595042
1	340.21348030712335
2	212.01299400940258
3	389.64599697468094
4	81.50561555345882
5	131.65388308437926
6	236.25191274205437
7	365.99063472709264
8	434.01271831259317
9	216.64877684904062
10	332.64635866362397
11	50.46389831712812
12	92.5180007423322
13	213.43462914287383
14	161.84025592011963
15	56.69720470467698
16	126.64018329480386
17	134.00869741164837
18	91.84345984326094
19	236.60285944132846
20	138.94860927382322
21	171.8652042168818
22	28.762054020000793
23	235.41702711057872
24	35.80435767524829
25	147.69332110853588
26	119.40910797949152
27	77.98416290009864
28	82.30021436939022
29	84.63398469300982
30	213.1014034755628
31	188.00098924490035
32	80.5157079833662
33	270.81871229129445
34	170.97461070104552
35	387.95420607750265
36	197.20099198425888
37	48.65713035347455
38	194.21785733358735
39	30.691506550672614
40	80.51898758711967
41	92.5877551292926
42	58.39781027776739
43	174.2532171883279
44	158.49770287883948
45	224.7921859305885
46	302.40391454258287
47	224.9405887651049
48	347.05957850884306
49	167.36436067132408
50	311.53472588617774
51	227.98220671780493
52	180.84894189962972
53	130.8034360172394
54	47.135498349277725
55	383.023383413487
56	175.56498029973835
57	506.05190706969864
58	197.89399432015003
59	258.1361010568302
60	126.49792351242871
61	121.91098673574314
62	296.22946653569727
63	140.6809098264317
64	186.578527922688
65	126.77006549414723
66	113.02973731727464
67	388.22284772524296
68	252.46339072395153
69	359.54871422832406
70	251.5780742636202
71	503.86799695364357
72	136.42163209751078
73	297.3538667787894
74	275.29021055261677
75	43.72813321693554



height_matrix
0.0  -169.05318207117293  -40.852695773452155  -218.48569873873052  89.6546826824916  39.50641515157116  -65.09161450610395  -194.83033649114222  -262.8524200766427  -45.488478613090194  -161.48606042767355  120.6963999188223  78.64229749361822  -42.27433090692341  9.32004231583079  114.46309353127344  44.52011494114656  37.15160082430205  79.31683839268948  -65.44256120537804  32.2116889621272  -0.704905980931386  142.39824421594963  -64.2567288746283  135.35594056070212  23.466977127414538  51.7511902564589  93.17613533585178  88.8600838665602  86.5263135429406  -41.94110523961237  -16.840691008949932  90.64459025258422  -99.65841405534402  0.18568753490490053  -216.79390784155223  -26.040693748308456  122.50316788247588  -23.057559097636926  140.4687916852778  90.64131064883075  78.57254310665782  112.76248795818303  -3.092918952377488  12.662595357110945  -53.63188769463807  -131.24361630663245  -53.780290529154485  -175.89928027289264  3.7959375646263425  -140.37442765022732  -56.82190848185451  -9.6886436636793  40.35686221871103  124.0247998866727  -211.8630851775366  -4.404682063787931  -334.89160883374825  -26.733696084199607  -86.9758028208798  44.66237472352171  49.249311500207284  -125.06916829974685  30.47938840951872  -15.41822968673759  44.39023274180319  58.13056091867578  -217.06254948929254  -81.30309248800111  -188.38841599237364  -80.41777602766979  -332.7076987176931  34.73866613843964  -126.19356854283896  -104.12991231666635  127.43216501901489  
169.05318207117293  0.0  128.20048629772077  -49.43251666755759  258.7078647536645  208.5595972227441  103.96156756506898  -25.777154419969293  -93.79923800546982  123.56470345808273  7.567121643499377  289.74958198999525  247.69547956479113  126.77885116424952  178.37322438700372  283.5162756024464  213.57329701231947  206.20478289547498  248.3700204638624  103.61062086579489  201.26487103330012  168.34827609024154  311.45142628712256  104.79645319654463  304.40912263187505  192.52015919858746  220.80437232763182  262.2293174070247  257.9132659377331  255.5794956141135  127.11207683156056  152.212491062223  259.69777232375714  69.3947680158289  169.23886960607783  -47.7407257703793  143.01248832286447  291.5563499536488  145.995622973536  309.52197375645073  259.69449272000367  247.62572517783076  281.81567002935594  165.96026311879544  181.71577742828387  115.42129437653486  37.80956576454048  115.27289154201844  -6.8460982017197125  172.84911963579927  28.67875442094561  112.23127358931842  159.36453840749363  209.41004428988396  293.0779819578456  -42.80990310636366  164.648500007385  -165.8384267625753  142.31948598697332  82.07737925029312  213.71555679469463  218.3024935713802  43.98401377142608  199.53257048069165  153.63495238443534  213.44341481297613  227.18374298984872  -48.00936741811961  87.75008958317181  -19.33523392120071  88.63540604350314  -163.65451664652022  203.79184820961257  42.859613528333966  64.92326975450658  296.4853470901878  
40.852695773452155  -128.20048629772077  0.0  -177.63300296527837  130.50737845594375  80.35911092502332  -24.238918732651797  -153.97764071769006  -221.9997243031906  -4.63578283963804  -120.6333646542214  161.54909569227445  119.49499326707037  -1.4216351334712556  50.172738089282944  155.3157893047256  85.37281071459871  78.0042965977542  120.16953416614163  -24.589865431925887  73.06438473557935  40.14778979252077  183.2509399894018  -23.40403310117614  176.20863633415428  64.31967290086669  92.60388602991105  134.02883110930395  129.71277964001234  127.37900931639275  -1.0884094661602148  24.012004764502223  131.49728602603636  -58.80571828189187  41.038383308357055  -175.94121206810007  14.812002025143698  163.35586365592803  17.79513667581523  181.32148745872996  131.4940064222829  119.42523888010997  153.61518373163517  37.75977682107467  53.5152911305631  -12.779191921185912  -90.39092053318029  -12.92759475570233  -135.04658449944048  44.6486333380785  -99.52173187677516  -15.969212708402353  31.164052109772854  81.20955799216318  164.87749566012485  -171.01038940408444  36.448013709664224  -294.03891306029607  14.118999689252547  -46.12310704742765  85.51507049697386  90.10200727365944  -84.2164725262947  71.33208418297087  25.434466086714565  85.24292851525534  98.98325669212794  -176.20985371584038  -40.45039671454896  -147.53572021892148  -39.565080254217634  -291.855002944241  75.5913619118918  -85.3408727693868  -63.277216543214195  168.28486079246704  
218.48569873873052  49.43251666755759  177.63300296527837  0.0  308.1403814212221  257.99211389030165  153.39408423262657  23.6553622475883  -44.366721337912224  172.99722012564033  56.99963831105697  339.18209865755284  297.1279962323487  176.2113678318071  227.8057410545613  332.948792270004  263.00581367987706  255.63729956303257  297.80253713141997  153.04313753335248  250.69738770085772  217.78079275779913  360.88394295468015  154.22896986410223  353.84163929943264  241.95267586614506  270.2368889951894  311.6618340745823  307.3457826052907  305.0120122816711  176.54459349911815  201.6450077297806  309.1302889913147  118.8272846833865  218.67138627363542  1.6917908971782936  192.44500499042206  340.9888666212064  195.4281396410936  358.9544904240083  309.12700938756126  297.05824184538835  331.24818669691354  215.39277978635303  231.14829409584146  164.85381104409245  87.24208243209807  164.70540820957604  42.58641846583788  222.28163630335686  78.1112710885032  161.663790256876  208.79705507505122  258.84256095744155  342.5104986254032  6.62261356119393  214.0810166749426  -116.4059100950177  191.7520026545309  131.5098959178507  263.1480734622522  267.7350102389378  93.41653043898367  248.96508714824924  203.06746905199293  262.8759314805337  276.6162596574063  1.4231492494379836  137.1826062507294  30.097282746356882  138.06792271106073  -114.22199997896263  253.22436487717016  92.29213019589156  114.35578642206417  345.9178637577454  
-89.6546826824916  -258.7078647536645  -130.50737845594375  -308.1403814212221  0.0  -50.148267530920435  -154.74629718859555  -284.4850191736338  -352.50710275913434  -135.1431612955818  -251.14074311016515  31.041717236330705  -11.012385188873381  -131.929013589415  -80.3346403666608  24.808410848781847  -45.13456774134504  -52.503081858189546  -10.33784428980212  -155.09724388786964  -57.4429937203644  -90.35958866342298  52.743561533458035  -153.9114115571199  45.701257878210534  -66.18770555507706  -37.9034924260327  3.5214526533601855  -0.7945988159313941  -3.1283691395509976  -131.59578792210397  -106.49537369144153  0.9899075700926261  -189.31309673783562  -89.4689951475867  -306.4485905240438  -115.69537643080005  32.848485199984275  -112.71224178012852  50.81410900278621  0.9866279663391566  -11.082139575833779  23.107805275691433  -92.74760163486908  -76.99208732538065  -143.28657037712966  -220.89829898912404  -143.43497321164608  -265.55396295538424  -85.85874511786525  -230.02911033271891  -146.4765911643461  -99.3433263461709  -49.29782046378057  34.3701172041811  -301.5177678600282  -94.05936474627953  -424.5462915162398  -116.3883787666912  -176.6304855033714  -44.99230795896989  -40.40537118228431  -214.72385098223845  -59.17529427297288  -105.07291236922919  -45.26444994068841  -31.524121763815813  -306.71723217178413  -170.9577751704927  -278.04309867486523  -170.07245871016138  -422.36238140018474  -54.916016544051956  -215.84825122533056  -193.78459499915795  37.777482336523285  
-39.50641515157116  -208.5595972227441  -80.35911092502332  -257.99211389030165  50.148267530920435  0.0  -104.59802965767511  -234.33675164271338  -302.35883522821393  -84.99489376466136  -200.9924755792447  81.18998476725113  39.135882342047054  -81.78074605849457  -30.18637283574037  74.95667837970228  5.013699789575398  -2.3548143272691107  39.810423241118315  -104.9489763569492  -7.2947261894439634  -40.21132113250255  102.89182906437847  -103.76314402619946  95.84952540913096  -16.039438024156624  12.244775104887736  53.66972018428062  49.35366871498904  47.01989839136944  -81.44752039118353  -56.34710616052109  51.13817510101306  -139.1648292069152  -39.32072761666626  -256.30032299312336  -65.54710889987962  82.99675273090472  -62.56397424920809  100.96237653370665  51.13489549725959  39.06612795508666  73.25607280661187  -42.59933410394865  -26.843819794460217  -93.13830284620923  -170.7500314582036  -93.28670568072565  -215.4056954244638  -35.71047758694482  -179.88084280179848  -96.32832363342567  -49.19505881525046  0.8504470671398678  84.51838473510153  -251.36950032910775  -43.91109721535909  -374.39802398531936  -66.24011123577077  -126.48221797245097  5.155959571950547  9.742896348636123  -164.575583451318  -9.027026742052442  -54.92464483830875  4.883817590232027  18.624145767104622  -256.56896464086367  -120.80950763957227  -227.8948311439448  -119.92419117924095  -372.21411386926434  -4.767749013131521  -165.69998369441012  -143.6363274682375  87.92574986744373  
65.09161450610395  -103.96156756506898  24.238918732651797  -153.39408423262657  154.74629718859555  104.59802965767511  0.0  -129.73872198503827  -197.7608055705388  19.603135893013757  -96.3944459215696  185.78801442492625  143.73391199972218  22.81728359918054  74.41165682193474  179.5547080373774  109.61172944725051  102.243215330406  144.40845289879343  -0.3509466992740897  97.30330346823115  64.38670852517257  207.48985872205358  0.8348856314756574  200.44755506680607  88.55859163351849  116.84280476256285  158.26774984195572  153.95169837266417  151.61792804904456  23.150509266491582  48.25092349715402  155.7362047586882  -34.56679954924007  65.27730204100885  -151.70229333544827  39.050920757795495  187.59478238857983  42.034055408467026  205.56040619138176  155.73292515493472  143.66415761276176  177.854102464287  61.99869555372646  77.7542098632149  11.459726811465885  -66.1520018005285  11.311323976949467  -110.80766576678869  68.8875520707303  -75.28281314412337  8.269706024249444  55.40297084242465  105.44847672481498  189.11641439277665  -146.77147067143264  60.68693244231602  -269.7999943276443  38.357918421904344  -21.884188314775855  109.75398922962566  114.34092600631124  -59.9775537936429  95.57100291562267  49.67338481936636  109.48184724790714  123.22217542477973  -151.97093498318858  -16.21147798189716  -123.29680148626969  -15.326161521565837  -267.61608421158917  99.83028064454359  -61.10195403673501  -39.0382978105624  192.52377952511884  
194.83033649114222  25.777154419969293  153.97764071769006  -23.6553622475883  284.4850191736338  234.33675164271338  129.73872198503827  0.0  -68.02208358550052  149.34185787805202  33.34427606346867  315.52673640996454  273.4726339847604  152.5560055842188  204.150378806973  309.2934300224157  239.35045143228876  231.98193731544427  274.14717488383167  129.38777528576418  227.04202545326942  194.12543051021083  337.22858070709185  130.57360761651393  330.18627705184434  218.29731361855676  246.58152674760112  288.006471826994  283.6904203577024  281.3566500340828  152.88923125152985  177.9896454821923  285.4749267437264  95.1719224357982  195.01602402604712  -21.963571350410007  168.78964274283376  317.3335043736181  171.7727773935053  335.29912817642  285.47164713997296  273.40287959780005  307.59282444932524  191.73741753876473  207.49293184825316  141.19844879650415  63.58672018450977  141.05004596198773  18.93105621824958  198.62627405576856  54.4559088409149  138.0084280092877  185.14169282746292  235.18719870985325  318.8551363778149  -17.03274868639437  190.4256544273543  -140.061272342606  168.0966404069426  107.85453367026241  239.49271121466393  244.0796479913495  69.76116819139537  225.30972490066094  179.41210680440463  239.22056923294542  252.96089740981802  -22.232212998150317  113.5272440031411  6.441920498768582  114.41256046347243  -137.87736222655093  229.56900262958186  68.63676794830326  90.70042417447587  322.2625015101571  
262.8524200766427  93.79923800546982  221.9997243031906  44.366721337912224  352.50710275913434  302.35883522821393  197.7608055705388  68.02208358550052  0.0  217.36394146355255  101.3663596489692  383.54881999546507  341.49471757026095  220.57808916971933  272.17246239247356  377.31551360791616  307.3725350177893  300.0040209009448  342.16925846933225  197.4098588712647  295.06410903876997  262.14751409571136  405.2506642925924  198.59569120201445  398.20836063734487  286.3193972040573  314.60361033310164  356.02855541249454  351.71250394320293  349.37873361958333  220.91131483703037  246.0117290676928  353.49701032922695  163.19400602129872  263.0381076115476  46.05851223509052  236.8117263283343  385.3555879591186  239.79486097900582  403.32121176192055  353.4937307254735  341.4249631833006  375.61490803482576  259.7595011242653  275.51501543375366  209.22053238200468  131.6088037700103  209.07212954748826  86.9531398037501  266.64835764126906  122.47799242641543  206.03051159478824  253.16377641296344  303.2092822953538  386.87721996331544  50.989334899106154  258.4477380128548  -72.03918875710548  236.11872399244314  175.87661725576294  307.51479480016445  312.10173157685006  137.7832517768959  293.33180848616144  247.43419038990515  307.24265281844595  320.98298099531854  45.78987058735021  181.54932758864163  74.4640040842691  182.43464404897296  -69.8552786410504  297.5910862150824  136.65885153380378  158.7225077599764  390.28458509565763  
45.488478613090194  -123.56470345808273  4.63578283963804  -172.99722012564033  135.1431612955818  84.99489376466136  -19.603135893013757  -149.34185787805202  -217.36394146355255  0.0  -115.99758181458336  166.1848785319125  124.13077610670841  3.2141477061667842  54.808520928920984  159.95157214436364  90.00859355423675  82.64007943739225  124.80531700577967  -19.954082592287847  77.70016757521739  44.78357263215881  187.88672282903983  -18.7682502615381  180.84441917379232  68.95545574050473  97.23966886954909  138.66461394894196  134.3485624796504  132.0147921560308  3.547373373477825  28.647787604140262  136.13306886567443  -54.16993544225383  45.674166147995095  -171.30542922846203  19.447784864781738  167.99164649556607  22.43091951545327  185.957270298368  136.12978926192096  124.06102171974801  158.25096657127324  42.395559660712706  58.15107397020114  -8.143409081547873  -85.75513769354225  -8.29181191606429  -130.41080165980244  49.28441617771654  -94.88594903713712  -11.333429868764313  35.799834949410894  85.84534083180122  169.5132784997629  -166.3746065644464  41.083796549302264  -289.403130220658  18.754782528890587  -41.48732420778961  90.1508533366119  94.73779011329748  -79.58068968665665  75.96786702260891  30.070248926352605  89.87871135489338  103.61903953176598  -171.57407087620234  -35.81461387491092  -142.89993737928344  -34.929297414579594  -287.219220104603  80.22714475152983  -80.70508992974877  -58.641433703576155  172.92064363210508  
161.48606042767355  -7.567121643499377  120.6333646542214  -56.99963831105697  251.14074311016515  200.9924755792447  96.3944459215696  -33.34427606346867  -101.3663596489692  115.99758181458336  0.0  282.1824603464959  240.12835792129175  119.21172952075014  170.80610274350434  275.949153958947  206.0061753688201  198.6376612519756  240.80289882036303  96.04349922229551  193.69774938980075  160.78115444674216  303.8843046436232  97.22933155304526  296.8420009883757  184.9530375550881  213.23725068413245  254.66219576352535  250.34614429423374  248.01237397061414  119.54495518806118  144.64536941872362  252.13065068025776  61.827646372329525  161.67174796257845  -55.307847413878676  135.4453666793651  283.98922831014943  138.42850133003662  301.95485211295136  252.1273710765043  240.05860353433138  274.24854838585657  158.39314147529606  174.1486557847845  107.85417273303548  30.242444121041103  107.70576989851907  -14.41321984521909  165.2819979922999  21.111632777446232  104.66415194581904  151.79741676399425  201.84292264638458  285.51086031434625  -50.37702474986304  157.08137836388562  -173.40554840607467  134.75236434347394  74.51025760679374  206.14843515119526  210.73537192788083  36.4168921279267  191.96544883719227  146.06783074093596  205.87629316947675  219.61662134634935  -55.576489061618986  80.18296793967244  -26.902355564700088  81.06828440000376  -171.2216382900196  196.2247265661132  35.29249188483459  57.3561481110072  288.91822544668844  
-120.6963999188223  -289.74958198999525  -161.54909569227445  -339.18209865755284  -31.041717236330705  -81.18998476725113  -185.78801442492625  -315.52673640996454  -383.54881999546507  -166.1848785319125  -282.1824603464959  0.0  -42.054102425204086  -162.9707308257457  -111.3763576029915  -6.233306387548858  -76.17628497767575  -83.54479909452024  -41.379561526132825  -186.13896112420034  -88.4847109566951  -121.40130589975368  21.701844297127327  -184.9531287934506  14.659540641879829  -97.22942279140776  -68.9452096623634  -27.52026458297052  -31.8363160522621  -34.1700863758817  -162.63750515843466  -137.53709092777223  -30.05180966623808  -220.35481397416632  -120.5107123839174  -337.49030776037455  -146.73709366713075  1.80676796365357  -143.75395901645922  19.772391766455506  -30.055089269991548  -42.12385681216448  -7.933911960639271  -123.78931887119978  -108.03380456171135  -174.32828761346036  -251.94001622545474  -174.47669044797678  -296.59568019171496  -116.90046235419595  -261.07082756904964  -177.5183084006768  -130.3850435825016  -80.33953770011126  3.3283999678503946  -332.5594850963589  -125.10108198261022  -455.58800875257054  -147.4300960030219  -207.6722027397021  -76.03402519530059  -71.44708841861501  -245.76556821856914  -90.21701150930357  -136.11462960555988  -76.30616717701912  -62.56583900014652  -337.75894940811486  -201.9994924068234  -309.08481591119596  -201.11417594649208  -453.40409863651547  -85.95773378038265  -246.88996846166125  -224.82631223548864  6.73576510019258  
-78.64229749361822  -247.69547956479113  -119.49499326707037  -297.1279962323487  11.012385188873381  -39.135882342047054  -143.73391199972218  -273.4726339847604  -341.49471757026095  -124.13077610670841  -240.12835792129175  42.054102425204086  0.0  -120.91662840054163  -69.32225517778743  35.82079603765523  -34.122182552471656  -41.490696669316165  0.6745408990712605  -144.08485869899624  -46.43060853149102  -79.3472034745496  63.755946722331416  -142.8990263682465  56.713643067083915  -55.17532036620368  -26.891107237159318  14.533837842233567  10.217786372941987  7.884016049322383  -120.58340273323059  -95.48298850256815  12.002292758966007  -178.30071154896223  -78.45660995871332  -295.4362053351704  -104.68299124192667  43.860870388857656  -101.69985659125514  61.82649419165959  11.999013155212538  -0.0697543869603976  34.120190464564814  -81.7352164459957  -65.97970213650727  -132.2741851882563  -209.88591380025065  -132.4225880227727  -254.54157776651084  -74.84635992899187  -219.01672514384552  -135.46420597547274  -88.33094115729752  -38.28543527490719  45.38250239305448  -290.5053826711548  -83.04697955740615  -413.5339063273664  -105.37599357781782  -165.618100314498  -33.97992277009651  -29.39298599341093  -203.71146579336505  -48.162909084099496  -94.0605271803558  -34.25206475181503  -20.511736574942432  -295.70484698291074  -159.94538998161931  -267.03071348599184  -159.06007352128802  -411.34999621131135  -43.903631355178575  -204.83586603645716  -182.77220981028455  48.789867525396666  
42.27433090692341  -126.77885116424952  1.4216351334712556  -176.2113678318071  131.929013589415  81.78074605849457  -22.81728359918054  -152.5560055842188  -220.57808916971933  -3.2141477061667842  -119.21172952075014  162.9707308257457  120.91662840054163  0.0  51.5943732227542  156.73742443819685  86.79444584806997  79.42593173122546  121.59116929961289  -23.16823029845463  74.48601986905061  41.569424925992024  184.67257512287304  -21.982397967704884  177.63027146762553  65.74130803433795  94.02552116338231  135.45046624277518  131.13441477348363  128.80064444986402  0.33322566731104075  25.433639897973478  132.91892115950765  -57.384083148420615  42.46001844182831  -174.51957693462882  16.233637158614954  164.7774987893993  19.216771809286485  182.74312259220122  132.91564155575418  120.84687401358123  155.03681886510645  39.18141195454592  54.936926264034355  -11.357556787714657  -88.96928539970904  -11.505959622231074  -133.62494936596923  46.07026847154975  -98.10009674330391  -14.547577574931097  32.58568724324411  82.63119312563444  166.2991307935961  -169.58875427061318  37.86964884313548  -292.61727792682484  15.540634822723803  -44.7014719139564  86.93670563044512  91.5236424071307  -82.79483739282344  72.75371931644213  26.85610122018582  86.6645636487266  100.4048918255992  -174.78821858236913  -39.0287615810777  -146.11408508545023  -38.14344512074638  -290.4333678107697  77.01299704536305  -83.91923763591555  -61.85558140974294  169.7064959259383  
-9.32004231583079  -178.37322438700372  -50.172738089282944  -227.8057410545613  80.3346403666608  30.18637283574037  -74.41165682193474  -204.150378806973  -272.17246239247356  -54.808520928920984  -170.80610274350434  111.3763576029915  69.32225517778743  -51.5943732227542  0.0  105.14305121544265  35.20007262531577  27.83155850847126  69.99679607685869  -74.76260352120883  22.891646646296408  -10.024948296762176  133.07820190011884  -73.57677119045908  126.03589824487133  14.146934811583748  42.43114794062811  83.85609302002099  79.54004155072941  77.20627122710981  -51.26114755544316  -26.160733324780722  81.32454793675343  -108.97845637117481  -9.13435478092589  -226.11395015738302  -35.360736064139246  113.18312556664509  -32.377601413467715  131.14874936944702  81.32126833299996  69.25250079082703  103.44244564235224  -12.412961268208278  3.342553041280155  -62.95193001046886  -140.56365862246324  -63.100332844985275  -185.21932258872343  -5.524104751204447  -149.6944699660581  -66.1419507976853  -19.00868597951009  31.03681990288024  114.7047575708419  -221.18312749336738  -13.72472437961872  -344.211651149579  -36.0537384000304  -96.2958451367106  35.34233240769092  39.929269184376494  -134.38921061557764  21.15934609368793  -24.73827200256838  35.0701904259724  48.81051860284499  -226.38259180512333  -90.6231348038319  -197.70845830820443  -89.73781834350058  -342.02774103352397  25.41862382260885  -135.51361085866975  -113.44995463249714  118.1121227031841  
-114.46309353127344  -283.5162756024464  -155.3157893047256  -332.948792270004  -24.808410848781847  -74.95667837970228  -179.5547080373774  -309.2934300224157  -377.31551360791616  -159.95157214436364  -275.949153958947  6.233306387548858  -35.82079603765523  -156.73742443819685  -105.14305121544265  0.0  -69.94297859012688  -77.31149270697139  -35.14625513858397  -179.90565473665148  -82.25140456914625  -115.16799951220483  27.935150684676184  -178.71982240590174  20.892847029428687  -90.9961164038589  -62.711903274814546  -21.28695819542166  -25.60300966471324  -27.936779988332844  -156.4041987708858  -131.30378454022338  -23.81850327868922  -214.12150758661747  -114.27740599636854  -331.2570013728257  -140.5037872795819  8.040074351202428  -137.52065262891037  26.005698154004364  -23.82178288244269  -35.890550424615626  -1.7006055730904137  -117.55601248365093  -101.8004981741625  -168.0949812259115  -245.7067098379059  -168.24338406042793  -290.36237380416605  -110.6671559666471  -254.83752118150076  -171.28500201312795  -124.15173719495274  -74.10623131256241  9.561706355399252  -326.32617870881006  -118.86777559506137  -449.3547023650217  -141.19678961547305  -201.43889635215325  -69.80071880775174  -65.21378203106616  -239.5322618310203  -83.98370512175472  -129.88132321801103  -70.07286078947025  -56.33253261259766  -331.525643020566  -195.76618601927456  -302.8515095236471  -194.88086955894323  -447.17079224896656  -79.7244273928338  -240.6566620741124  -218.5930058479398  12.969071487741438  
-44.52011494114656  -213.57329701231947  -85.37281071459871  -263.00581367987706  45.13456774134504  -5.013699789575398  -109.61172944725051  -239.35045143228876  -307.3725350177893  -90.00859355423675  -206.0061753688201  76.17628497767575  34.122182552471656  -86.79444584806997  -35.20007262531577  69.94297859012688  0.0  -7.3685141168445085  34.79672345154292  -109.9626761465246  -12.308425979019361  -45.225020922077945  97.87812927480307  -108.77684381577485  90.83582561955558  -21.05313781373202  7.231075315312339  48.65602039470522  44.33996892541364  42.00619860179404  -86.46122018075893  -61.36080595009649  46.12447531143766  -144.17852899649057  -44.33442740624166  -261.31402278269877  -70.56080868945502  77.9830529413293  -67.57767403878348  95.94867674413125  46.121195707684194  34.05242816551126  68.24237301703647  -47.61303389352405  -31.857519584035614  -98.15200263578463  -175.763731247779  -98.30040547030104  -220.41939521403918  -40.72417737652022  -184.89454259137386  -101.34202342300107  -54.20875860482586  -4.16325272243553  79.50468494552614  -256.38320011868313  -48.92479700493449  -379.41172377489477  -71.25381102534617  -131.49591776202635  0.1422597823751488  4.729196559060725  -169.5892832408934  -14.04072653162784  -59.93834462788415  -0.12988219934337053  13.610445977529224  -261.5826644304391  -125.82320742914767  -232.90853093352018  -124.93789096881635  -377.2278136588397  -9.781448802706919  -170.7136834839855  -148.6500272578129  82.91205007786832  
-37.15160082430205  -206.20478289547498  -78.0042965977542  -255.63729956303257  52.503081858189546  2.3548143272691107  -102.243215330406  -231.98193731544427  -300.0040209009448  -82.64007943739225  -198.6376612519756  83.54479909452024  41.490696669316165  -79.42593173122546  -27.83155850847126  77.31149270697139  7.3685141168445085  0.0  42.165237568387425  -102.59416202968009  -4.939911862174853  -37.85650680523344  105.24664339164758  -101.40832969893034  98.20433973640007  -13.684623696887513  14.599589432156847  56.02453451154973  51.70848304225815  49.37471271863855  -79.09270606391442  -53.99229183325198  53.49298942828217  -136.81001487964608  -36.96591328939715  -253.94550866585428  -63.19229457261051  85.35156705817383  -60.209159921938976  103.31719086097576  53.4897098245287  41.42094228235577  75.61088713388098  -40.24451977667954  -24.489005467191106  -90.78348851894012  -168.3952171309345  -90.93189135345654  -213.0508810971947  -33.35566325967571  -177.52602847452937  -93.97350930615656  -46.84024448798135  3.2052613944089785  86.87319906237065  -249.01468600183864  -41.55628288808998  -372.0432096580503  -63.88529690850166  -124.12740364518186  7.510773899219657  12.097710675905233  -162.2207691240489  -6.672212414783331  -52.56983051103964  7.238631917501138  20.978960094373733  -254.2141503135946  -118.45469331230316  -225.5400168166757  -117.56937685197184  -369.8592995419952  -2.4129346858624103  -163.345169367141  -141.2815131409684  90.28056419471284  
-79.31683839268948  -248.3700204638624  -120.16953416614163  -297.80253713141997  10.33784428980212  -39.810423241118315  -144.40845289879343  -274.14717488383167  -342.16925846933225  -124.80531700577967  -240.80289882036303  41.379561526132825  -0.6745408990712605  -121.59116929961289  -69.99679607685869  35.14625513858397  -34.79672345154292  -42.165237568387425  0.0  -144.75939959806752  -47.10514943056228  -80.02174437362086  63.081405823260155  -143.57356726731777  56.039102168012654  -55.84986126527494  -27.56564813623058  13.859296943162306  9.543245473870726  7.209475150251123  -121.25794363230185  -96.15752940163941  11.327751859894747  -178.9752524480335  -79.13115085778458  -296.1107462342417  -105.35753214099793  43.186329489786395  -102.3743974903264  61.15195329258833  11.324472256141277  -0.7442952860316581  33.445649565493554  -82.40975734506696  -66.65424303557853  -132.94872608732754  -210.56045469932192  -133.09712892184396  -255.21611866558212  -75.52090082806313  -219.6912660429168  -136.13874687454398  -89.00548205636878  -38.95997617397845  44.70796149398322  -291.17992357022604  -83.7215204564774  -414.20844722643767  -106.05053447688908  -166.29264121356928  -34.65446366916777  -30.067526892482192  -204.38600669243633  -48.83744998317076  -94.73506807942707  -34.92660565088629  -21.186277474013693  -296.379387881982  -160.6199308806906  -267.7052543850631  -159.73461442035926  -412.02453711038265  -44.578172254249836  -205.51040693552844  -183.44675070935583  48.115326626325405  
65.44256120537804  -103.61062086579489  24.589865431925887  -153.04313753335248  155.09724388786964  104.9489763569492  0.3509466992740897  -129.38777528576418  -197.4098588712647  19.954082592287847  -96.04349922229551  186.13896112420034  144.08485869899624  23.16823029845463  74.76260352120883  179.90565473665148  109.9626761465246  102.59416202968009  144.75939959806752  0.0  97.65425016750524  64.73765522444666  207.84080542132767  1.1858323307497471  200.79850176608016  88.90953833279258  117.19375146183694  158.61869654122984  154.30264507193823  151.96887474831863  23.501455965765672  48.60187019642811  156.08715145796225  -34.215852849965984  65.62824874028294  -151.35134663617418  39.401867457069585  187.94572908785392  42.385002107741116  205.91135289065585  156.08387185420878  144.01510431203587  178.20504916356106  62.34964225300055  78.10515656248899  11.810673510739974  -65.8010551012544  11.662270676223557  -110.4567190675146  69.23849877000438  -74.93186644484928  8.620652723523534  55.75391754169874  105.79942342408907  189.46736109205074  -146.42052397215855  61.03787914159011  -269.4490476283702  38.708865121178434  -21.533241615501765  110.10493592889975  114.69187270558533  -59.62660709436881  95.92194961489676  50.02433151864045  109.83279394718123  123.57312212405382  -151.6199882839145  -15.860531282623072  -122.9458547869956  -14.975214822291747  -267.2651375123151  100.18122734381768  -60.75100733746092  -38.68735111128831  192.87472622439293  
-32.2116889621272  -201.26487103330012  -73.06438473557935  -250.69738770085772  57.4429937203644  7.2947261894439634  -97.30330346823115  -227.04202545326942  -295.06410903876997  -77.70016757521739  -193.69774938980075  88.4847109566951  46.43060853149102  -74.48601986905061  -22.891646646296408  82.25140456914625  12.308425979019361  4.939911862174853  47.10514943056228  -97.65425016750524  0.0  -32.916594943058584  110.18655525382243  -96.46841783675549  103.14425159857493  -8.74471183471266  19.5395012943317  60.964446373724584  56.648394904433005  54.3146245808134  -74.15279420173957  -49.05237997107713  58.432901290457025  -131.87010301747122  -32.0260014272223  -249.00559680367942  -58.252382710435654  90.29147892034868  -55.269248059764124  108.25710272315061  58.429621686703555  46.36085414453062  80.55079899605583  -35.304607914504686  -19.549093605016253  -85.84357665676526  -163.45530526875964  -85.99197949128168  -208.11096923501984  -28.415751397500856  -172.58611661235452  -89.0335974439817  -41.9003326258065  8.145173256583831  91.8131109245455  -244.0747741396638  -36.61637102591513  -367.1032977958754  -58.945385046326805  -119.187491783007  12.45068576139451  17.037622538080086  -157.28085726187405  -1.7323005526084785  -47.62991864886479  12.17854377967599  25.918871956548585  -249.27423845141973  -113.51478145012831  -220.60010495450084  -112.62946498979699  -364.9193876798204  2.5269771763124425  -158.40525750496616  -136.34160127879355  95.22047605688769  
0.704905980931386  -168.34827609024154  -40.14778979252077  -217.78079275779913  90.35958866342298  40.21132113250255  -64.38670852517257  -194.12543051021083  -262.14751409571136  -44.78357263215881  -160.78115444674216  121.40130589975368  79.3472034745496  -41.569424925992024  10.024948296762176  115.16799951220483  45.225020922077945  37.85650680523344  80.02174437362086  -64.73765522444666  32.916594943058584  0.0  143.10315019688102  -63.55182289369691  136.0608465416335  24.171883108345924  52.456096237390284  93.88104131678317  89.56498984749159  87.23121952387199  -41.23619925868098  -16.135785028018546  91.34949623351561  -98.95350807441264  0.8905935158362865  -216.08900186062084  -25.33578776737707  123.20807386340726  -22.35265311670554  141.1736976662092  91.34621662976214  79.2774490875892  113.46739393911442  -2.388012971446102  13.36750133804233  -52.92698171370668  -130.53871032570106  -53.0753845482231  -175.19437429196125  4.5008435455577285  -139.66952166929593  -56.11700250092312  -8.983737682747915  41.061768199642415  124.72970586760408  -211.1581791966052  -3.6997760828565447  -334.18670285281684  -26.02879010326822  -86.27089683994842  45.367280704453094  49.95421748113867  -124.36426231881546  31.184294390450106  -14.713323705806204  45.095138722734575  58.83546689960717  -216.35764350836115  -80.59818650706973  -187.68351001144225  -79.7128700467384  -332.00279273676176  35.44357211937103  -125.48866256190757  -103.42500633573496  128.13707099994627  
-142.39824421594963  -311.45142628712256  -183.2509399894018  -360.88394295468015  -52.743561533458035  -102.89182906437847  -207.48985872205358  -337.22858070709185  -405.2506642925924  -187.88672282903983  -303.8843046436232  -21.701844297127327  -63.755946722331416  -184.67257512287304  -133.07820190011884  -27.935150684676184  -97.87812927480307  -105.24664339164758  -63.081405823260155  -207.84080542132767  -110.18655525382243  -143.10315019688102  0.0  -206.65497309057793  -7.042303655247498  -118.9312670885351  -90.64705395949073  -49.22210888009785  -53.53816034938943  -55.87193067300903  -184.339349455562  -159.23893522489956  -51.75365396336541  -242.05665827129366  -142.21255668104473  -359.19215205750186  -168.4389379642581  -19.895076333473757  -165.45580331358656  -1.9294525306718207  -51.75693356711888  -63.82570110929181  -29.635756257766598  -145.49116316832712  -129.7356488588387  -196.0301319105877  -273.6418605225821  -196.17853474510412  -318.29752448884227  -138.6023066513233  -282.77267186617695  -199.22015269780414  -152.08688787962893  -102.0413819972386  -18.373444329276932  -354.2613293934862  -146.80292627973756  -477.28985304969785  -169.13194030014924  -229.37404703682944  -97.73586949242792  -93.14893271574235  -267.4674125156965  -111.91885580643091  -157.81647390268722  -98.00801147414644  -84.26768329727385  -359.46079370524217  -223.70133670395074  -330.78666020832327  -222.81602024361942  -475.1059429336428  -107.65957807750999  -268.5918127587886  -246.52815653261598  -14.966079196934746  
64.2567288746283  -104.79645319654463  23.40403310117614  -154.22896986410223  153.9114115571199  103.76314402619946  -0.8348856314756574  -130.57360761651393  -198.59569120201445  18.7682502615381  -97.22933155304526  184.9531287934506  142.8990263682465  21.982397967704884  73.57677119045908  178.71982240590174  108.77684381577485  101.40832969893034  143.57356726731777  -1.1858323307497471  96.46841783675549  63.55182289369691  206.65497309057793  0.0  199.61266943533042  87.72370600204283  116.00791913108719  157.4328642104801  153.11681274118848  150.78304241756888  22.315623635015925  47.41603786567836  154.9013191272125  -35.40168518071573  64.4424164095332  -152.53717896692393  38.21603512631984  186.75989675710417  41.19916977699137  204.7255205599061  154.89803952345903  142.82927198128613  177.0192168328113  61.163809922250806  76.91932423173924  10.624841179990227  -66.98688743200415  10.47643834547381  -111.64255139826435  68.05266643925464  -76.11769877559902  7.434820392773787  54.56808521094899  104.61359109333932  188.281528761301  -147.6063563029083  59.85204681084036  -270.6348799591199  37.52303279042869  -22.719073946251513  108.91910359815  113.50604037483558  -60.812439425118555  94.73611728414701  48.838499187890704  108.64696161643148  122.38728979330408  -152.80582061466424  -17.04636361337282  -124.13168711774534  -16.161047153041494  -268.45096984306485  98.99539501306793  -61.936839668210666  -39.873183442038055  191.68889389364318  
-135.35594056070212  -304.40912263187505  -176.20863633415428  -353.84163929943264  -45.701257878210534  -95.84952540913096  -200.44755506680607  -330.18627705184434  -398.20836063734487  -180.84441917379232  -296.8420009883757  -14.659540641879829  -56.713643067083915  -177.63027146762553  -126.03589824487133  -20.892847029428687  -90.83582561955558  -98.20433973640007  -56.039102168012654  -200.79850176608016  -103.14425159857493  -136.0608465416335  7.042303655247498  -199.61266943533042  0.0  -111.88896343328759  -83.60475030424323  -42.17980522485035  -46.49585669414193  -48.82962701776153  -177.2970458003145  -152.19663156965206  -44.71135030811791  -235.01435461604615  -135.17025302579722  -352.14984840225435  -161.39663430901058  -12.852772678226259  -158.41349965833905  5.112851124575677  -44.71462991187138  -56.78339745404431  -22.5934526025191  -138.4488595130796  -122.69334520359118  -188.9878282553402  -266.59955686733457  -189.1362310898566  -311.25522083359476  -131.56000299607578  -275.73036821092944  -192.17784904255663  -145.04458422438142  -94.9990783419911  -11.331140674029434  -347.2190257382387  -139.76062262449005  -470.24754939445035  -162.08963664490173  -222.33174338158193  -90.69356583718042  -86.10662906049484  -260.425108860449  -104.8765521511834  -150.7741702474397  -90.96570781889895  -77.22537964202635  -352.41849004999466  -216.65903304870324  -323.74435655307576  -215.7737165883719  -468.06363927839527  -100.61727442226248  -261.5495091035411  -239.48585287736847  -7.923775541687249  
