Height_Data

node	height
0	208.24306367970462
1	75.82870403030813
2	152.6313012771688
3	73.20565128928835
4	148.53382807964186
5	34.19451944021647
6	103.63138502889264
7	122.86015376765866
8	77.02625920085227
9	145.05556851718273
10	52.556918671690084
11	79.30342160355697
12	117.75743272031546
13	122.57319705268017
14	60.49799630483891
15	71.7990209946436
16	68.27066875134558
17	85.54313147337471
18	93.50746165923834
19	113.79544031117833
20	23.03784108178991
21	230.0235190806126
22	75.50171013484648
23	69.92452727996226
24	62.69706871394418
25	128.45653463153232
26	86.8189974273398
27	160.4936124944189
28	244.5669084968852
29	89.33345932143314
30	17.988044832254808
31	74.66226006225052
32	152.96507930332422
33	100.5478234905631
34	49.34130039191874
35	46.432245871151515
36	38.83006183691003
37	36.973440120679676
38	114.96776098965762
39	193.70206785924714
40	226.92564285923422
41	177.27882754805643
42	37.394943663737315
43	199.02003910713742
44	143.0702676166396
45	212.67182721213513
46	425.69729244812856
47	132.54803123478368
48	418.8097964802001
49	176.7870562207707
50	157.2150385523335
51	110.64644463117149
52	50.23607658307478
53	200.6622853098165
54	136.3682135947972
55	55.01350802678969
56	121.74387892635085
57	162.47520390611825
58	23.967989020696447
59	149.22286798743917
60	54.098186307737755
61	94.98502825197947
62	245.3883455912061
63	163.15619879677521
64	100.45965503771436
65	58.67687030050862
66	60.976261762395964
67	93.94805141354156
68	192.64733082574483
69	122.86015376765866
70	173.51017504132395
71	70.99844790232521
72	50.66862698700362
73	58.37939581375404
74	186.5481341528899
75	103.89439107993323



height_matrix
0.0  132.4143596493965  55.61176240253582  135.03741239041625  59.709235600062755  174.04854423948814  104.61167865081198  85.38290991204596  131.21680447885234  63.187495162521884  155.68614500801453  128.93964207614766  90.48563095938916  85.66986662702445  147.7450673748657  136.44404268506102  139.97239492835905  122.6999322063299  114.73560202046627  94.4476233685263  185.2052225979147  -21.780455400907982  132.74135354485816  138.31853639974236  145.54599496576043  79.7865290481723  121.42406625236482  47.74945118528572  -36.32384481718057  118.90960435827148  190.2550188474498  133.58080361745408  55.2779843763804  107.69524018914151  158.90176328778588  161.8108178085531  169.41300184279459  171.26962355902495  93.275302690047  14.540995820457482  -18.682579179529597  30.964236131648192  170.8481200159673  9.223024572567198  65.17279606306502  -4.428763532430509  -217.45422876842395  75.69503244492094  -210.56673280049546  31.456007458933925  51.02802512737111  97.59661904853313  158.00698709662984  7.580778369888122  71.87485008490742  153.22955565291494  86.49918475335377  45.767859773586366  184.27507465900817  59.020195692265446  154.14487737196686  113.25803542772515  -37.145281911501485  45.086864882929405  107.78340864199026  149.566193379196  147.26680191730867  114.29501226616306  15.595732853959788  85.38290991204596  34.73288863838067  137.2446157773794  157.574436692701  149.8636678659506  21.694929526814718  104.34867259977139  
-132.4143596493965  0.0  -76.80259724686067  2.6230527410197766  -72.70512404933373  41.634184590091664  -27.802680998584506  -47.03144973735053  -1.1975551705441347  -69.2268644868746  23.271785358618047  -3.4747175732488387  -41.92872869000733  -46.74449302237204  15.330707725469225  4.029683035664533  7.558035278962549  -9.714427443066583  -17.678757628930214  -37.966736280870194  52.790862948518225  -154.19481505030447  0.3269938954616549  5.904176750345869  13.131635316363955  -52.62783060122419  -10.990293397031664  -84.66490846411077  -168.73820446657706  -13.504755291125008  57.840659198053324  1.1664439680576066  -77.13637527301609  -24.719119460254973  26.487403638389388  29.396458159156616  36.9986421933981  38.855263909628455  -39.13905695934949  -117.873363828939  -151.09693882892608  -101.4501235177483  38.433760366570816  -123.19133507682929  -67.24156358633147  -136.843123181827  -349.86858841782043  -56.71932720447555  -342.98109244989195  -100.95835219046256  -81.38633452202538  -34.81774060086336  25.592627447233355  -124.83358127950837  -60.539509564489066  20.815196003518444  -45.915174896042714  -86.64649987581012  51.86071500961168  -73.39416395713104  21.730517722570376  -19.15632422167134  -169.55964156089797  -87.32749476646708  -24.630951007406225  17.151833729799513  14.852442267912167  -18.119347383233432  -116.8186267954367  -47.03144973735053  -97.68147101101582  4.830256127982921  25.16007704330451  17.449308216554094  -110.71943012258177  -28.065687049625097  
-55.61176240253582  76.80259724686067  0.0  79.42564998788045  4.097473197526938  118.43678183695233  48.999916248276165  29.771147509510143  75.60504207631654  7.575732759986067  100.07438260547872  73.32787967361183  34.87386855685334  30.05810422448863  92.1333049723299  80.8322802825252  84.36063252582322  67.08816980379409  59.12383961793046  38.83586096599048  129.5934601953789  -77.3922178034438  77.12959114232233  82.70677399720654  89.93423256322463  24.17476664563648  65.81230384982901  -7.862311217250095  -91.93560721971639  63.29784195573566  134.643256444914  77.96904121491828  -0.3337780261554144  52.0834777866057  103.29000088525007  106.1990554060173  113.80123944025877  115.65786115648913  37.66354028751118  -41.070766582078335  -74.29434158206541  -24.647526270887624  115.2363576134315  -46.38873782996862  9.561033660529205  -60.040525934966325  -273.06599117095976  20.083270042385124  -266.1784952030313  -24.15575494360189  -4.583737275164708  41.98485664599731  102.39522469409403  -48.030984032647694  16.263087682371605  97.61779325037912  30.887422350817957  -9.84390262894945  128.66331225647235  3.4084332897296292  98.53311496943104  57.64627302518933  -92.7570443140373  -10.524897519606412  52.17164623945445  93.95443097666018  91.65503951477284  58.68324986362724  -40.01602954857603  29.771147509510143  -20.878873764155145  81.63285337484359  101.96267429016518  94.25190546341477  -33.9168328757211  48.736910197235574  
-135.03741239041625  -2.6230527410197766  -79.42564998788045  0.0  -75.32817679035351  39.01113184907189  -30.425733739604283  -49.654502478370304  -3.8206079115639113  -71.84991722789438  20.64873261759827  -6.097770314268615  -44.55178143102711  -49.36754576339182  12.707654984449448  1.4066302946447564  4.934982537942773  -12.33748018408636  -20.30181036994999  -40.58978902188997  50.16781020749845  -156.81786779132426  -2.2960588455581217  3.281124009326092  10.508582575344178  -55.25088334224397  -13.61334613805144  -87.28796120513054  -171.36125720759685  -16.127808032144785  55.21760645703355  -1.45660877296217  -79.75942801403586  -27.34217220127475  23.86435089736961  26.77340541813684  34.37558945237832  36.23221116860868  -41.762109700369265  -120.49641656995878  -153.71999156994588  -104.07317625876807  35.81070762555104  -125.81438781784907  -69.86461632735124  -139.4661759228468  -352.4916411588402  -59.342379945495324  -345.6041451909117  -103.58140493148234  -84.00938726304516  -37.440793341883136  22.969574706213578  -127.45663402052814  -63.16256230550884  18.192143262498668  -48.53822763706249  -89.2695526168299  49.237662268591905  -76.01721669815082  19.1074649815506  -21.779376962691117  -172.18269430191776  -89.95054750748686  -27.254003748426  14.528780988779737  12.22938952689239  -20.74240012425321  -119.44167953645648  -49.654502478370304  -100.30452375203559  2.207203386963144  22.537024302284735  14.826255475534317  -113.34248286360155  -30.688739790644874  
-59.709235600062755  72.70512404933373  -4.097473197526938  75.32817679035351  0.0  114.3393086394254  44.90244305074923  25.673674311983206  71.5075688787896  3.4782595624591295  95.97690940795178  69.2304064760849  30.7763953593264  25.960631026961693  88.03583177480296  76.73480708499827  80.26315932829628  62.99069660626715  55.02636642040352  34.73838776846354  125.49598699785196  -81.48969100097074  73.03211794479539  78.6093007996796  85.83675936569769  20.077293448109543  61.71483065230207  -11.959784414777033  -96.03308041724333  59.200368758208725  130.54578324738705  73.87156801739134  -4.431251223682352  47.98600458907876  99.19252768772313  102.10158220849036  109.70376624273183  111.5603879589622  33.566067089984244  -45.16823977960527  -78.39181477959235  -28.744999468414562  111.13888441590456  -50.48621102749556  5.463560463002267  -64.13799913249326  -277.1634643684867  15.985796844858186  -270.2759684005582  -28.25322814112883  -8.681210472691646  37.88738344847037  98.29775149656709  -52.12845723017463  12.165614484844667  93.52032005285218  26.78994915329102  -13.941375826476389  124.56583905894541  -0.6890399077973086  94.4356417719041  53.54879982766239  -96.85451751156424  -14.62237071713335  48.07417304192751  89.85695777913324  87.5575663172459  54.5857766661003  -44.11350274610297  25.673674311983206  -24.976346961682083  77.53538017731665  97.86520109263824  90.15443226588783  -38.01430607324804  44.639436999708636  
-174.04854423948814  -41.634184590091664  -118.43678183695233  -39.01113184907189  -114.3393086394254  0.0  -69.43686558867617  -88.66563432744219  -42.8317397606358  -110.86104907696627  -18.362399231473617  -45.1089021633405  -83.562913280099  -88.3786776124637  -26.30347686462244  -37.60450155442713  -34.076149311129114  -51.34861203315825  -59.31294221902188  -79.60092087096186  11.156678358426557  -195.82899964039615  -41.30719069463001  -35.730007839745795  -28.50254927372771  -94.26201519131585  -52.62447798712333  -126.29909305420243  -210.37238905666874  -55.13893988121667  16.20647460796166  -40.46774062203406  -118.77055986310775  -66.35330405034664  -15.146780951702276  -12.237726430935048  -4.635542396693566  -2.7789206804632087  -80.77324154944115  -159.50754841903068  -192.73112341901776  -143.08430810783995  -3.200424223520848  -164.82551966692097  -108.87574817642313  -178.47730777191867  -391.5027730079121  -98.35351179456721  -384.6152770399836  -142.5925367805542  -123.02051911211704  -76.45192519095502  -16.04155714285831  -166.46776586960004  -102.17369415458073  -20.81898858657322  -87.54935948613438  -128.2806844659018  10.22653041952002  -115.0283485472227  -19.903666867521288  -60.790508811763004  -211.19382615098965  -128.96167935655876  -66.26513559749789  -24.48235086029215  -26.781742322179497  -59.753531973325096  -158.45281138552838  -88.66563432744219  -139.3156556011075  -36.80392846210874  -16.474107546787153  -24.18487637353757  -152.35361471267345  -69.69987163971676  
-104.61167865081198  27.802680998584506  -48.999916248276165  30.425733739604283  -44.90244305074923  69.43686558867617  0.0  -19.22876873876602  26.60512582804037  -41.4241834882901  51.07446635720255  24.327963425335668  -14.126047691422826  -18.941812023787534  43.13338872405373  31.83236403424904  35.360716277547056  18.088253555517923  10.123923369654293  -10.164055282285688  80.59354394710273  -126.39213405171996  28.12967489404616  33.706857748930375  40.93431631494846  -24.825149602639684  16.812387601552842  -56.86222746552626  -140.93552346799254  14.297925707459498  85.64334019663784  28.969124966642113  -49.33369427443158  3.0835615383295334  54.290084636973894  57.19913915774112  64.8013231919826  66.65794490821295  -11.336375960764983  -90.0706828303545  -123.29425783034158  -73.64744251916379  66.23644136515531  -95.38865407824478  -39.43888258774696  -109.04044218324249  -322.06590741923594  -28.91664620589104  -315.17841145130745  -73.15567119187806  -53.58365352344087  -7.015059602278853  53.39530844581786  -97.03090028092386  -32.73682856590456  48.61787700210295  -18.112493897458208  -58.843818877225615  79.66339600819619  -45.591482958546536  49.53319872115488  8.646356776913166  -141.75696056231345  -59.52481376788258  3.1717299911782817  44.95451472838402  42.65512326649667  9.683333615351074  -89.0159457968522  -19.22876873876602  -69.87879001243131  32.63293712656743  52.96275804188902  45.2519892151386  -82.91674912399726  -0.26300605104059116  
-85.38290991204596  47.03144973735053  -29.771147509510143  49.654502478370304  -25.673674311983206  88.66563432744219  19.22876873876602  0.0  45.83389456680639  -22.195414749524076  70.30323509596857  43.55673216410169  5.102721047343195  0.28695671497848707  62.36215746281975  51.06113277301506  54.58948501631308  37.317022294283944  29.352692108420314  9.064713456480334  99.82231268586875  -107.16336531295394  47.35844363281218  52.935626487696396  60.16308505371448  -5.596380863873662  36.041156340318864  -37.63345872676024  -121.70675472922653  33.52669444622552  104.87210893540384  48.197893705408134  -30.104925535665558  22.312330277095555  73.51885337573992  76.42790789650715  84.03009193074863  85.88671364697899  7.892392778001039  -70.84191409158848  -104.06548909157556  -54.41867378039777  85.46521010392135  -76.15988533947876  -20.21011384898094  -89.81167344447647  -302.83713868046993  -9.68787746712502  -295.9496427125414  -53.926902453112035  -34.35488478467485  12.213709136487168  72.62407718458388  -77.80213154215784  -13.508059827138538  67.84664574086898  1.1162748413078134  -39.615050138459594  98.89216474696221  -26.362714219780514  68.7619674599209  27.875125515679187  -122.52819182354744  -40.296045029116556  22.400498729944303  64.18328346715003  61.883892005262695  28.912102354117096  -69.78717705808617  0.0  -50.65002127366529  51.86170586533345  72.19152678065504  64.48075795390463  -63.68798038523124  18.96576268772543  
-131.21680447885234  1.1975551705441347  -75.60504207631654  3.8206079115639113  -71.5075688787896  42.8317397606358  -26.60512582804037  -45.83389456680639  0.0  -68.02930931633047  24.46934052916218  -2.277162402704704  -40.7311735194632  -45.546937851827906  16.52826289601336  5.227238206208668  8.755590449506684  -8.516872272522448  -16.48120245838608  -36.76918111032606  53.98841811906236  -152.99725987976035  1.5245490660057897  7.101731920890003  14.32919048690809  -51.430275430680055  -9.79273822648753  -83.46735329356663  -167.54064929603294  -12.307200120580873  59.03821436859746  2.3639991386017414  -75.93882010247195  -23.521564289710838  27.684958808933523  30.59401332970075  38.19619736394223  40.05281908017259  -37.941501788805354  -116.67580865839487  -149.89938365838196  -100.25256834720416  39.63131553711495  -121.99377990628516  -66.04400841578733  -135.64556801128288  -348.6710332472763  -55.52177203393141  -341.7835372793478  -99.76079701991843  -80.18877935148124  -33.620185430319225  26.79018261777749  -123.63602610896423  -59.34195439394493  22.01275117406258  -44.71761972549858  -85.44894470526599  53.058270180155816  -72.1966087865869  22.92807289311451  -17.958769051127206  -168.36208639035385  -86.12993959592295  -23.43339583686209  18.349388900343648  16.049997438456302  -16.921792212689297  -115.62107162489256  -45.83389456680639  -96.48391584047168  6.027811298527055  26.357632213848646  18.64686338709823  -109.52187495203763  -26.868131879080963  
-63.187495162521884  69.2268644868746  -7.575732759986067  71.84991722789438  -3.4782595624591295  110.86104907696627  41.4241834882901  22.195414749524076  68.02930931633047  0.0  92.49864984549265  65.75214691362577  27.29813579686727  22.482371464502563  84.55757221234383  73.25654752253914  76.78489976583715  59.51243704380802  51.54810685794439  31.26012820600441  122.01772743539283  -84.96795056342987  69.55385838233626  75.13104123722047  82.35849980323856  16.599033885650414  58.23657108984294  -15.438043977236163  -99.51133997970246  55.722109195749596  127.06752368492792  70.39330845493221  -7.909510786141482  44.50774502661963  95.714268125264  98.62332264603123  106.2255066802727  108.08212839650307  30.087807527525115  -48.6464993420644  -81.87007434205148  -32.22325903087369  107.66062485344543  -53.964470589954686  1.9853009005431375  -67.61625869495239  -280.64172393094583  12.507537282399056  -273.75422796301734  -31.73148770358796  -12.159470035150775  34.409123886011244  94.81949193410796  -55.60671679263376  8.687354922385538  90.04206049039306  23.31168959083189  -17.419635388935518  121.08757949648628  -4.167299470256438  90.95738220944497  50.07054026520326  -100.33277707402337  -18.10063027959248  44.59591347946838  86.37869821667411  84.07930675478677  51.10751710364117  -47.591762308562096  22.195414749524076  -28.454606524141212  74.05712061485752  94.38694153017912  86.6761727034287  -41.492565635707166  41.161177437249506  
-155.68614500801453  -23.271785358618047  -100.07438260547872  -20.64873261759827  -95.97690940795178  18.362399231473617  -51.07446635720255  -70.30323509596857  -24.46934052916218  -92.49864984549265  0.0  -26.746502931866885  -65.20051404862538  -70.01627838099009  -7.941077633148822  -19.242102322953514  -15.713750079655497  -32.98621280168463  -40.95054298754826  -61.23852163948824  29.519077589900174  -177.46660040892252  -22.944791463156392  -17.367608608272178  -10.140150042254092  -75.89961595984224  -34.26207875564971  -107.93669382272881  -192.0099898251951  -36.776540649743055  34.56887383943528  -22.10534139056044  -100.40816063163413  -47.99090481887302  3.2156182797713413  6.124672800538569  13.726856834780051  15.583478551010408  -62.410842317967536  -141.14514918755705  -174.36872418754413  -124.72190887636634  15.161975007952769  -146.46312043544734  -90.51334894494951  -160.11490854044504  -373.1403737764385  -79.9911125630936  -366.25287780851  -124.23013754908061  -104.65811988064343  -58.089525959481406  2.320842088615308  -148.1053666381264  -83.81129492310711  -2.4565893550996023  -69.18696025466076  -109.91828523442817  28.588929650993638  -96.66594931574909  -1.541267636047671  -42.42810958028939  -192.83142691951602  -110.59928012508513  -47.90273636602427  -6.119951628818534  -8.41934309070588  -41.39113274185148  -140.09041215405475  -70.30323509596857  -120.95325636963386  -18.441529230635126  1.8882916846864646  -5.822477142063953  -133.99121548119982  -51.337472408243144  
-128.93964207614766  3.4747175732488387  -73.32787967361183  6.097770314268615  -69.2304064760849  45.1089021633405  -24.327963425335668  -43.55673216410169  2.277162402704704  -65.75214691362577  26.746502931866885  0.0  -38.454011116758494  -43.2697754491232  18.805425298718063  7.504400608913372  11.032752852211388  -6.2397098698177444  -14.204040055681375  -34.492018707621355  56.26558052176706  -150.72009747705562  3.8017114687104936  9.378894323594707  16.606352889612793  -49.15311302797535  -7.515575823782825  -81.19019089086193  -165.2634868933282  -10.03003771787617  61.31537677130216  4.641161541306445  -73.66165769976725  -21.244401887006134  29.962121211638227  32.871175732405455  40.47335976664694  42.329981482877294  -35.66433938610065  -114.39864625569017  -147.62222125567723  -97.97540594449946  41.908477939819655  -119.71661750358045  -63.76684601308263  -133.36840560857814  -346.3938708445716  -53.24460963122671  -339.5063748766431  -97.48363461721372  -77.91161694877654  -31.34302302761452  29.067345020482193  -121.35886370625953  -57.06479199124023  24.289913576767283  -42.440457322793876  -83.17178230256128  55.33543258286052  -69.9194463838822  25.205235295819215  -15.681606648422502  -166.08492398764912  -83.85277719321824  -21.156233434157386  20.626551303048352  18.327159841161006  -14.644629809984593  -113.34390922218786  -43.55673216410169  -94.20675343776698  8.30497370123176  28.63479461655335  20.924025789802933  -107.24471254933293  -24.59096947637626  
-90.48563095938916  41.92872869000733  -34.87386855685334  44.55178143102711  -30.7763953593264  83.562913280099  14.126047691422826  -5.102721047343195  40.7311735194632  -27.29813579686727  65.20051404862538  38.454011116758494  0.0  -4.815764332364708  57.25943641547656  45.958411725671866  49.48676396896988  32.21430124694075  24.24997106107712  3.961992409137139  94.71959163852556  -112.26608636029714  42.25572258546899  47.8329054403532  55.06036400637129  -10.699101911216857  30.93843529297567  -42.736179774103434  -126.80947577656973  28.423973398882325  99.76938788806066  43.09517265806494  -35.20764658300875  17.20960922975236  68.41613232839671  71.32518684916394  78.92737088340543  80.78399259963578  2.789671730657844  -75.94463513893167  -109.16821013891875  -59.52139482774096  80.36248905657814  -81.26260638682196  -25.312834896324134  -94.91439449181966  -307.9398597278131  -14.790598514468215  -301.0523637598846  -59.02962350045523  -39.45760583201805  7.110988089143973  67.52135613724069  -82.90485258950103  -18.610780874481733  62.74392469352578  -3.9864462060353816  -44.71777118580279  93.78944369961901  -31.46543526712371  63.65924641257771  22.772404468335992  -127.63091287089064  -45.39876607645975  17.297777682601108  59.080562419806846  56.7811709579195  23.8093813067739  -74.88989810542937  -5.102721047343195  -55.75274232100848  46.75898481799025  67.08880573331184  59.37803690656143  -68.79070143257444  13.863041640382235  
-85.66986662702445  46.74449302237204  -30.05810422448863  49.36754576339182  -25.960631026961693  88.3786776124637  18.941812023787534  -0.28695671497848707  45.546937851827906  -22.482371464502563  70.01627838099009  43.2697754491232  4.815764332364708  0.0  62.075200747841265  50.77417605803657  54.30252830133459  37.03006557930546  29.065735393441827  8.777756741501847  99.53535597089027  -107.45032202793243  47.071486917833695  52.64866977271791  59.876128338735995  -5.883337578852149  35.75419962534038  -37.920415441738726  -121.99371144420502  33.23973773124703  104.58515222042536  47.91093699042965  -30.391882250644045  22.025373562117068  73.23189666076144  76.14095118152866  83.74313521577014  85.5997569320005  7.605436063022552  -71.12887080656697  -104.35244580655404  -54.705630495376255  85.17825338894286  -76.44684205445725  -20.497070563959426  -90.09863015945496  -303.1240953954484  -9.974834182103507  -296.2365994275199  -54.21385916809052  -34.64184149965334  11.92675242150868  72.3371204696054  -78.08908825713632  -13.795016542117025  67.55968902589049  0.8293181263293263  -39.90200685343808  98.60520803198372  -26.649670934759  68.47501074494241  27.5881688007007  -122.81514853852593  -40.58300174409504  22.113542014965816  63.896326752171554  61.59693529028421  28.62514563913861  -70.07413377306466  -0.28695671497848707  -50.936977988643775  51.57474915035496  71.90457006567655  64.19380123892614  -63.97493710020973  18.678805972746943  
-147.7450673748657  -15.330707725469225  -92.1333049723299  -12.707654984449448  -88.03583177480296  26.30347686462244  -43.13338872405373  -62.36215746281975  -16.52826289601336  -84.55757221234383  7.941077633148822  -18.805425298718063  -57.25943641547656  -62.075200747841265  0.0  -11.301024689804692  -7.772672446506675  -25.045135168535808  -33.00946535439944  -53.29744400633942  37.460155223049  -169.5255227757737  -15.00371383000757  -9.426530975123356  -2.19907240910527  -67.95853832669341  -26.32100112250089  -99.99561618957999  -184.0689121920463  -28.835463016594232  42.5099514725841  -14.164263757411618  -92.46708299848531  -40.0498271857242  11.156695912920163  14.065750433687391  21.667934467928873  23.52455618415923  -54.46976468481871  -133.20407155440824  -166.42764655439532  -116.78083124321752  23.10305264110159  -138.52204280229853  -82.57227131180069  -152.17383090729624  -365.19929614328964  -72.05003492994477  -358.31180017536116  -116.28905991593179  -96.7170422474946  -50.148448326332584  10.26191972176413  -140.1642890049776  -75.87021728995829  5.48448827804922  -61.24588262151194  -101.97720760127935  36.53000728414246  -88.72487168260027  6.399809997101151  -34.487031947140565  -184.8903492863672  -102.65820249193631  -39.96165873287545  1.8211260043302886  -0.4782654575570575  -33.45005510870266  -132.14933452090594  -62.36215746281975  -113.01217873648504  -10.500451597486304  9.829369317835287  2.1186004910848695  -126.050137848051  -43.39639477509432  
-136.44404268506102  -4.029683035664533  -80.8322802825252  -1.4066302946447564  -76.73480708499827  37.60450155442713  -31.83236403424904  -51.06113277301506  -5.227238206208668  -73.25654752253914  19.242102322953514  -7.504400608913372  -45.958411725671866  -50.77417605803657  11.301024689804692  0.0  3.5283522432980163  -13.744110478731116  -21.708440664594747  -41.99641931653473  48.76117991285369  -158.224498085969  -3.702689140202878  1.8744937146813356  9.101952280699422  -56.65751363688872  -15.019976432696197  -88.6945914997753  -172.7678875022416  -17.53443832678954  53.81097616238879  -2.8632390676069264  -81.16605830868062  -28.748802495919506  22.457720602724855  25.366775123492083  32.968959157733565  34.82558087396392  -43.16873999501402  -121.90304686460354  -155.12662186459062  -105.47980655341283  34.40407733090628  -127.22101811249382  -71.271246621996  -140.87280621749153  -353.898271453485  -60.74901024014008  -347.01077548555645  -104.9880352261271  -85.41601755768991  -38.84742363652789  21.56294441156882  -128.8632643151729  -64.5691926001536  16.78551296785391  -49.94485793170725  -90.67618291147465  47.83103197394715  -77.42384699279557  17.700834686905843  -23.186007257335874  -173.5893245965625  -91.35717780213162  -28.660634043070758  13.12215069413498  10.822759232247634  -22.149030418897965  -120.84830983110123  -51.06113277301506  -101.71115404668035  0.8005730923183876  21.13039400763998  13.419625180889561  -114.7491131582463  -32.09537008528963  
-139.97239492835905  -7.558035278962549  -84.36063252582322  -4.934982537942773  -80.26315932829628  34.076149311129114  -35.360716277547056  -54.58948501631308  -8.755590449506684  -76.78489976583715  15.713750079655497  -11.032752852211388  -49.48676396896988  -54.30252830133459  7.772672446506675  -3.5283522432980163  0.0  -17.272462722029132  -25.236792907892763  -45.52477155983274  45.232827669555675  -161.752850329267  -7.231041383500894  -1.6538585286166807  5.573600037401405  -60.18586588018674  -18.548328675994213  -92.22294374307332  -176.2962397455396  -21.062790570087557  50.282623919090774  -6.391591310904943  -84.69441055197863  -32.27715473921752  18.92936835942684  21.838422880194067  29.44060691443555  31.297228630665906  -46.69709223831204  -125.43139910790156  -158.65497410788862  -109.00815879671084  30.875725087608267  -130.74937035579183  -74.79959886529402  -144.40115846078953  -357.426623696783  -64.2773624834381  -350.5391277288545  -108.51638746942511  -88.94436980098793  -42.37577587982591  18.034592168270805  -132.3916165584709  -68.09754484345162  13.257160724555895  -53.47321017500526  -94.20453515477267  44.30267973064913  -80.95219923609359  14.172482443607826  -26.71435950063389  -177.1176768398605  -94.88553004542963  -32.188986286368774  9.593798450836964  7.294406988949618  -25.67738266219598  -124.37666207439925  -54.58948501631308  -105.23950628997837  -2.7277791509796288  17.602041764341962  9.891272937591545  -118.27746540154432  -35.62372232858765  
-122.6999322063299  9.714427443066583  -67.08816980379409  12.33748018408636  -62.99069660626715  51.34861203315825  -18.088253555517923  -37.317022294283944  8.516872272522448  -59.51243704380802  32.98621280168463  6.2397098698177444  -32.21430124694075  -37.03006557930546  25.045135168535808  13.744110478731116  17.272462722029132  0.0  -7.964330185863631  -28.25230883780361  62.50529039158481  -144.4803876072379  10.041421338528238  15.618604193412452  22.846062759430538  -42.91340315815761  -1.2758659539650807  -74.95048102104418  -159.0237770235105  -3.790327848058425  67.55508664111991  10.88087141112419  -67.4219478299495  -15.00469201718839  36.20183108145597  39.1108856022232  46.71306963646468  48.56969135269504  -29.424629516282906  -108.15893638587242  -141.38251138585952  -91.73569607468171  48.1481878096374  -113.4769076337627  -57.52713614326488  -127.12869573876041  -340.15416097475384  -47.004899761408964  -333.26666500682535  -91.24392474739598  -71.6719070789588  -25.103313157796777  35.30705489029994  -115.11915383644178  -50.82508212142248  30.529623446585028  -36.20074745297613  -76.93207243274354  61.575142452678264  -63.67973651406446  31.44494516563696  -9.441896778604757  -159.8452141178314  -77.6130673234005  -14.916523564339641  26.866261172866096  24.56686971097875  -8.404919940166849  -107.10419935237012  -37.317022294283944  -87.96704356794923  14.544683571049504  34.874504486371094  27.163735659620677  -101.00500267951519  -18.351259606558514  
-114.73560202046627  17.678757628930214  -59.12383961793046  20.30181036994999  -55.02636642040352  59.31294221902188  -10.123923369654293  -29.352692108420314  16.48120245838608  -51.54810685794439  40.95054298754826  14.204040055681375  -24.24997106107712  -29.065735393441827  33.00946535439944  21.708440664594747  25.236792907892763  7.964330185863631  0.0  -20.28797865193998  70.46962057744844  -136.51605742137426  18.00575152439187  23.582934379276082  30.81039294529417  -34.949072972293976  6.68846423189855  -66.98615083518055  -151.05944683764685  4.174002337805206  75.51941682698353  18.84520159698782  -59.45761764408587  -7.040361831324759  44.1661612673196  47.07521578808683  54.67739982232831  56.53402153855867  -21.460299330419275  -100.19460620000879  -133.41818119999587  -83.77136588881808  56.11251799550103  -105.51257744789908  -49.56280595740125  -119.16436555289678  -332.1898307888902  -39.040569575545334  -325.30233482096173  -83.27959456153235  -63.707576893095165  -17.138982971933146  43.27138507616357  -107.15482365057815  -42.86075193555885  38.49395363244866  -28.2364172671125  -68.96774224687991  69.5394726385419  -55.71540632820083  39.40927535150059  -1.4775665927411268  -151.88088393196776  -69.64873713753687  -6.952193378476011  34.83059135872973  32.53119989684238  -0.44058975430321823  -99.13986916650649  -29.352692108420314  -80.0027133820856  22.509013756913134  42.838834672234725  35.12806584548431  -93.04067249365156  -10.386929420694884  
-94.4476233685263  37.966736280870194  -38.83586096599048  40.58978902188997  -34.73838776846354  79.60092087096186  10.164055282285688  -9.064713456480334  36.76918111032606  -31.26012820600441  61.23852163948824  34.492018707621355  -3.961992409137139  -8.777756741501847  53.29744400633942  41.99641931653473  45.52477155983274  28.25230883780361  20.28797865193998  0.0  90.75759922938842  -116.22807876943428  38.29373017633185  43.87091303121606  51.09837159723415  -14.661094320353996  26.97644288383853  -46.69817218324057  -130.77146818570685  24.461980989745186  95.80739547892352  39.1331802489278  -39.16963899214589  13.247616820615221  64.45413991925957  67.3631944400268  74.96537847426829  76.82200019049864  -1.172320678479295  -79.90662754806881  -113.13020254805589  -63.4833872368781  76.400496647441  -85.2245987959591  -29.274827305461272  -98.8763869009568  -311.90185213695025  -18.752590923605354  -305.01435616902177  -62.99161590959237  -43.419598241155185  3.148995680006834  63.55936372810355  -86.86684499863817  -22.572773283618872  58.78193228438864  -7.94843861517252  -48.67976359493993  89.82745129048187  -35.42742767626085  59.69725400344057  18.810412059198853  -131.59290528002776  -49.36075848559689  13.33578527346397  55.11857001066971  52.81917854878236  19.847388897636762  -78.8518905145665  -9.064713456480334  -59.71473473014562  42.796992408853114  63.126813324174705  55.41604449742429  -72.75269384171158  9.901049231245096  
-185.2052225979147  -52.790862948518225  -129.5934601953789  -50.16781020749845  -125.49598699785196  -11.156678358426557  -80.59354394710273  -99.82231268586875  -53.98841811906236  -122.01772743539283  -29.519077589900174  -56.26558052176706  -94.71959163852556  -99.53535597089027  -37.460155223049  -48.76117991285369  -45.232827669555675  -62.50529039158481  -70.46962057744844  -90.75759922938842  0.0  -206.9856779988227  -52.46386905305657  -46.886686198172356  -39.65922763215427  -105.41869354974241  -63.78115634554989  -137.455771412629  -221.52906741509528  -66.29561823964323  5.0497962495351025  -51.62441898046062  -129.9272382215343  -77.5099824087732  -26.303459310128833  -23.394404789361605  -15.792220755120123  -13.935599038889766  -91.92991990786771  -170.66422677745723  -203.8878017774443  -154.24098646626652  -14.357102581947405  -175.98219802534751  -120.03242653484969  -189.63398613034522  -402.65945136633866  -109.51019015299377  -395.77195539841017  -153.7492151389808  -134.1771974705436  -87.60860354938158  -27.198235501284866  -177.6244442280266  -113.33037251300729  -31.975666944999777  -98.70603784456094  -139.43736282432835  -0.9301479389065364  -126.18502690564927  -31.060345225947845  -71.94718717018957  -222.3505045094162  -140.1183577149853  -77.42181395592445  -35.639029218718704  -37.93842068060606  -70.91021033175166  -169.60948974395492  -99.82231268586875  -150.47233395953404  -47.960606820535304  -27.63078590521371  -35.34155473196412  -163.5102930711  -80.85654999814332  
21.780455400907982  154.19481505030447  77.3922178034438  156.81786779132426  81.48969100097074  195.82899964039615  126.39213405171996  107.16336531295394  152.99725987976035  84.96795056342987  177.46660040892252  150.72009747705562  112.26608636029714  107.45032202793243  169.5255227757737  158.224498085969  161.752850329267  144.4803876072379  136.51605742137426  116.22807876943428  206.9856779988227  0.0  154.5218089457661  160.09899180065034  167.32645036666844  101.56698444908028  143.20452165327282  69.5299065861937  -14.54338941627259  140.69005975917946  212.0354742483578  155.3612590183621  77.05843977728838  129.4756955900495  180.68221868869387  183.5912732094611  191.19345724370257  193.05007895993293  115.05575809095498  36.321451221365464  3.0978762213783853  52.744691532556175  192.6285754168753  31.00347997347518  86.953251463973  17.351691868477474  -195.67377336751596  97.47548784582892  -188.78627739958748  53.23646285984191  72.80848052827909  119.37707444944111  179.78744249753782  29.361233770796105  93.6553054858154  175.01001105382292  108.27964015426176  67.54831517449435  206.05553005991615  80.80065109317343  175.92533277287484  135.03849082863314  -15.364826510593502  66.86732028383739  129.56386404289825  171.34664878010398  169.04725731821662  136.07546766707105  37.37618825486777  107.16336531295394  56.513344039288654  159.0250711782874  179.35489209360898  171.64412326685857  43.4753849277227  126.12912800067937  
-132.74135354485816  -0.3269938954616549  -77.12959114232233  2.2960588455581217  -73.03211794479539  41.30719069463001  -28.12967489404616  -47.35844363281218  -1.5245490660057897  -69.55385838233626  22.944791463156392  -3.8017114687104936  -42.25572258546899  -47.071486917833695  15.00371383000757  3.702689140202878  7.231041383500894  -10.041421338528238  -18.00575152439187  -38.29373017633185  52.46386905305657  -154.5218089457661  0.0  5.577182854884214  12.8046414209023  -52.954824496685845  -11.317287292493319  -84.99190235957242  -169.0651983620387  -13.831749186586663  57.51366530259167  0.8394500725959517  -77.46336916847774  -25.046113355716628  26.160409742927733  29.06946426369496  36.67164829793644  38.5282700141668  -39.466050854811144  -118.20035772440066  -151.42393272438773  -101.77711741320995  38.10676647110916  -123.51832897229094  -67.56855748179312  -137.17011707728864  -350.1955823132821  -57.0463210999372  -343.3080863453536  -101.28534608592422  -81.71332841748703  -35.144734496325015  25.2656335517717  -125.16057517497002  -60.86650345995072  20.48820210805679  -46.24216879150437  -86.97349377127178  51.533721114150026  -73.7211578525927  21.40352382710872  -19.483318117132995  -169.8866354563596  -87.65448866192874  -24.95794490286788  16.82483983433786  14.525448372450512  -18.446341278695087  -117.14562069089835  -47.35844363281218  -98.00846490647747  4.503262232521266  24.833083147842856  17.12231432109244  -111.04642401804342  -28.392680945086752  
-138.31853639974236  -5.904176750345869  -82.70677399720654  -3.281124009326092  -78.6093007996796  35.730007839745795  -33.706857748930375  -52.935626487696396  -7.101731920890003  -75.13104123722047  17.367608608272178  -9.378894323594707  -47.8329054403532  -52.64866977271791  9.426530975123356  -1.8744937146813356  1.6538585286166807  -15.618604193412452  -23.582934379276082  -43.87091303121606  46.886686198172356  -160.09899180065034  -5.577182854884214  0.0  7.227458566018086  -58.53200735157006  -16.894470147377532  -90.56908521445663  -174.64238121692293  -19.408932041470877  51.936482447707455  -4.737732782288262  -83.04055202336195  -30.62329621060084  20.58322688804352  23.492281408810747  31.09446544305223  32.95108715928259  -45.04323370969536  -123.77754057928487  -157.00111557927195  -107.35430026809416  32.52958361622495  -129.09551182717516  -73.14574033667733  -142.74729993217287  -355.7727651681663  -62.623503954821416  -348.8852692002378  -106.86252894080843  -87.29051127237125  -40.72191735120923  19.688450696887486  -130.73775802985423  -66.44368631483493  14.911019253172576  -51.81935164638858  -92.55067662615599  45.95653825926581  -79.29834070747691  15.826340972224507  -25.06050097201721  -175.46381831124384  -93.23167151681295  -30.535127757752093  11.247656979453645  8.948265517566298  -24.0235241335793  -122.72280354578257  -52.935626487696396  -103.58564776136168  -1.073920622362948  19.255900292958643  11.545131466208225  -116.62360687292764  -33.969863799970966  
-145.54599496576043  -13.131635316363955  -89.93423256322463  -10.508582575344178  -85.83675936569769  28.50254927372771  -40.93431631494846  -60.16308505371448  -14.32919048690809  -82.35849980323856  10.140150042254092  -16.606352889612793  -55.06036400637129  -59.876128338735995  2.19907240910527  -9.101952280699422  -5.573600037401405  -22.846062759430538  -30.81039294529417  -51.09837159723415  39.65922763215427  -167.32645036666844  -12.8046414209023  -7.227458566018086  0.0  -65.75946591758814  -24.12192871339562  -97.79654378047472  -181.86983978294103  -26.636390607488963  44.70902388168937  -11.965191348306348  -90.26801058938004  -37.85075477661893  13.355768322025433  16.26482284279266  23.867006877034143  25.7236285932645  -52.270692275713444  -131.00499914530297  -164.22857414529005  -114.58175883411225  25.30212505020686  -136.32297039319326  -80.37319890269542  -149.97475849819097  -363.0002237341844  -69.8509625208395  -356.1127277662559  -114.08998750682652  -94.51796983838933  -47.949375917227314  12.4609921308694  -137.96521659587233  -73.67114488085302  7.68356068715449  -59.04681021240667  -99.77813519217408  38.729079693247726  -86.525799273495  8.598882406206421  -32.287959538035295  -182.69127687726194  -100.45913008283104  -37.76258632377018  4.020198413435558  1.7208069515482123  -31.250982699597387  -129.95026211180067  -60.16308505371448  -110.81310632737977  -8.301379188381034  12.028441726940557  4.317672900190139  -123.85106543894572  -41.19732236598905  
