Height_Data

node	height
0	113.4452420320754
1	46.10499577024403
2	63.70638620094118
3	224.3836777298146
4	300.26588989140055
5	163.96352953864582
6	111.38351169621377
7	205.21278605387675
8	85.50956890461408
9	100.49040977723837
10	249.71674897604254
11	234.40146479223537
12	115.49176111135031
13	78.43591126772
14	133.86160611585737
15	83.72166784619874
16	91.63420951121468
17	179.72276739797277
18	87.76644440620721
19	107.24836377261705
20	164.42045987082136
21	72.55019301461626
22	67.24771211905427
23	37.3774010495589
24	161.70931117519302
25	32.81118535329093
26	47.14787403432819
27	67.0727684544848
28	227.97794881839448
29	106.44502398314465
30	188.45857229084797
31	89.3899461013951
32	54.15336164228732
33	105.05481610144835
34	110.57624305805294
35	150.41680794701037
36	88.62658735907004
37	34.17396931342585
38	177.00168286702004
39	256.6092206851293
40	202.65814814620717
41	114.83766597641643
42	90.86239806776334
43	91.10006472676221
44	61.00831482342247
45	117.58144788697096
46	79.62418149536354
47	253.97798047990975
48	45.043904557712246
49	116.88133266048865
50	91.19924813271481
51	55.333962726630055
52	33.49614162249449
53	186.85911462662017
54	95.86373566629644
55	120.05701872277501
56	83.36495214427582
57	47.388515648566816
58	285.49893279864034
59	19.219423548697346
60	243.9130487696357
61	94.16847365012828
62	86.48721433594285
63	104.56587848737259
64	134.47496141997735
65	86.60493587127628
66	116.1558595128441
67	36.21142770017855
68	135.84888866158428
69	172.52819887418767
70	40.42196398529324
71	55.31428811238103
72	88.21559795017896
73	88.18211486615021
74	99.38241479511642
75	93.89489403456543



height_matrix
0.0  235.6908619164098  174.08599540896978  -388.2845249420872  -653.8722675076381  -176.81400627299644  7.216056175515689  -321.18640407630477  97.7748559461146  45.34191289192961  -476.950274303885  -423.3467796605599  -7.162816777462183  122.53265767524391  -71.45727429323688  104.03250965056833  76.33861382301251  -231.9713387806408  89.87579169053868  21.689073908104206  -178.41326243561087  143.132671561107  161.69135469557395  266.23744343880776  -168.92424200091165  282.21919837574563  232.04078799211524  162.3036575215671  -400.8644737521168  24.50076317125763  -262.546655905704  84.19353575738108  207.52158136425828  29.36649075719464  10.041496409078604  -129.40048070227243  86.86529135551876  277.44945451527343  -222.44754292230624  -501.07392528568863  -312.2451713994612  -4.873483805193587  79.03995387509224  78.20812056859614  183.52924523028526  -14.476720492134461  118.37371187849152  -491.8645845674202  239.40468116027105  -12.026317199446396  77.86097864776207  203.3894775690587  279.8218514335332  -256.9485540809067  61.535272280226366  -23.14121841744867  105.28101460729852  231.19854234228004  -602.1879176829773  329.7903646918232  -456.6373235814611  67.46868933681492  94.35309693646394  31.07777240645987  -73.6040178576568  93.94107156279694  -9.487161182690443  270.318350161639  -78.41276320328109  -206.79034894739294  255.58147316373757  203.4583387189303  88.30375428663757  88.42094508073814  49.21989532935646  68.42621799128489  
-235.6908619164098  0.0  -61.60486650744002  -623.975386858497  -889.5631294240478  -412.50486818940624  -228.4748057408941  -556.8772659927146  -137.9160059702952  -190.3489490244802  -712.6411362202948  -659.0376415769697  -242.85367869387198  -113.15820424116589  -307.1481362096467  -131.65835226584147  -159.3522480933973  -467.6622006970506  -145.81507022587112  -214.0017880083056  -414.1041243520207  -92.5581903553028  -73.99950722083585  30.546581522397958  -404.61510391732145  46.52833645933585  -3.65007392429456  -73.38720439484271  -636.5553356685266  -211.19009874515217  -498.2375178221138  -151.49732615902872  -28.16928055215152  -206.32437115921516  -225.6493655073312  -365.09134261868223  -148.82557056089104  41.75859259886363  -458.13840483871604  -736.7647872020984  -547.936033315871  -240.5643457216034  -156.65090804131756  -157.48274134781366  -52.161616686124546  -250.16758240854426  -117.31715003791828  -727.55544648383  3.713819243861252  -247.7171791158562  -157.82988326864773  -32.3013843473511  44.13098951712338  -492.6394159973165  -174.15558963618344  -258.83208033385847  -130.40984730911129  -4.492319574129766  -837.878779599387  94.09950277541338  -692.3281854978709  -168.22217257959488  -141.33776497994586  -204.61308950994993  -309.2948797740666  -141.74979035361287  -245.17802309910024  34.62748824522919  -314.1036251196909  -442.48121086380274  19.89061124732777  -32.23252319747951  -147.38710762977223  -147.26991683567167  -186.47096658705334  -167.26464392512491  
-174.08599540896978  61.60486650744002  0.0  -562.3705203510569  -827.9582629166077  -350.9000016819662  -166.8699392334541  -495.27239948527455  -76.31113946285518  -128.74408251704017  -651.0362697128548  -597.4327750695297  -181.24881218643196  -51.55333773372587  -245.54326970220666  -70.05348575840145  -97.74738158595727  -406.0573341896106  -84.2102037184311  -152.39692150086557  -352.49925784458065  -30.953323847862777  -12.39464071339583  92.15144802983798  -343.0102374098814  108.13320296677587  57.95479258314546  -11.78233788740269  -574.9504691610866  -149.58523223771215  -436.63265131467375  -89.8924596515887  33.4355859552885  -144.71950465177514  -164.04449899989118  -303.4864761112422  -87.22070405345102  103.36345910630365  -396.533538331276  -675.1599206946585  -486.33116680843096  -178.95947921416337  -95.04604153387754  -95.87787484037364  9.443249821315476  -188.56271590110424  -55.71228353047826  -665.9505799763899  65.31868575130127  -186.11231260841618  -96.22501676120771  29.30348216008892  105.7358560245634  -431.0345494898765  -112.55072312874341  -197.22721382641845  -68.80498080167126  57.112546933310256  -776.273913091947  155.7043692828534  -630.7233189904309  -106.61730607215486  -79.73289847250584  -143.0082230025099  -247.69001326662658  -80.14492384617284  -183.57315659166022  96.23235475266921  -252.49875861225087  -380.8763443563627  81.49547775476779  29.372343309960513  -85.78224112233221  -85.66505032823164  -124.86610007961332  -105.6597774176849  
388.2845249420872  623.975386858497  562.3705203510569  0.0  -265.5877425655508  211.47051866909078  395.5005811176029  67.09812086578245  486.0593808882018  433.6264378340168  -88.6657493617978  -35.06225471847267  381.12170816462503  510.8171826173311  316.82725064885034  492.31703459265555  464.6231387650997  156.31318616144642  478.1603166326259  409.9735988501914  209.87126250647634  531.4171965031942  549.9758796376611  654.521968380895  219.36028294117557  670.5037233178329  620.3253129342024  550.5881824636543  -12.579948810029578  412.78528811334485  125.73786903638324  472.4780606994683  595.8061063063456  417.65101569928186  398.3260213511658  258.8840442398148  475.149816297606  665.7339794573606  165.83698201978098  -112.78940034360141  76.03935354262603  383.41104113689363  467.32447881717945  466.49264551068336  571.8137701723724  373.80780444995276  506.65823682057874  -103.58005962533298  627.6892061023583  376.2582077426408  466.1455035898493  591.6740025111459  668.1063763756204  131.3359708611805  449.8197972223136  365.14330652463855  493.56553954938573  619.4830672843673  -213.90339274089  718.0748896339104  -68.35279863937387  455.75321427890213  482.63762187855116  419.3622973485471  314.6805070844304  482.22559650488415  378.7973637593968  658.6028751037262  309.87176173880613  181.49417599469427  643.8659981058248  591.7428636610175  476.5882792287248  476.70547002282535  437.5044202714437  456.7107429333721  
653.8722675076381  889.5631294240478  827.9582629166077  265.5877425655508  0.0  477.0582612346416  661.0883236831537  332.68586343133325  751.6471234537526  699.2141803995676  176.921993203753  230.52548784707813  646.7094507301758  776.4049251828819  582.4149932144012  757.9047771582063  730.2108813306505  421.9009287269972  743.7480591981766  675.5613414157422  475.45900507202714  797.004939068745  815.5636222032119  920.1097109464458  484.94802550672637  936.0914658833836  885.9130554997532  816.1759250292051  253.00779375552122  678.3730306788957  391.32561160193404  738.0658032650191  861.3938488718964  683.2387582648327  663.9137639167166  524.4717868053656  740.7375588631568  931.3217220229114  431.4247245853318  152.79834222194938  341.62709610817683  648.9987837024444  732.9122213827302  732.0803880762342  837.4015127379232  639.3955470155036  772.2459793861295  162.00768294021782  893.2769486679091  641.8459503081916  731.7332461554001  857.2617450766967  933.6941189411712  396.9237134267313  715.4075397878644  630.7310490901893  759.1532821149365  885.0708098499181  51.684349824660785  983.6626321994612  197.23494392617692  721.3409568444529  748.225364444102  684.9500399140979  580.2682496499813  747.813339070435  644.3851063249476  924.190617669277  575.4595043043569  447.0819185602451  909.4537406713756  857.3306062265683  742.1760217942756  742.2932125883762  703.0921628369945  722.2984854989229  
176.81400627299644  412.50486818940624  350.9000016819662  -211.47051866909078  -477.0582612346416  0.0  184.03006244851213  -144.37239780330833  274.58886221911104  222.15591916492605  -300.1362680308886  -246.53277338756345  169.65118949553425  299.34666394824035  105.35673197975956  280.84651592356477  253.15262009600895  -55.157332507644355  266.6897979635351  198.50308018110064  -1.599256162614438  319.9466778341034  338.50536096857036  443.0514497118042  7.88976427208479  459.03320464874207  408.85479426511165  339.11766379456355  -224.05046747912036  201.31476944425407  -85.73264963270753  261.0075420303775  384.3355876372547  206.18049703019108  186.85550268207504  47.413525570724005  263.6792976285152  454.26346078826987  -45.633536649309804  -324.2599190126922  -135.43116512646475  171.94052246780285  255.85396014808867  255.02212684159258  360.3432515032817  162.33728578086198  295.18771815148796  -315.05057829442376  416.2186874332675  164.78768907355004  254.6749849207585  380.2034838420551  456.63585770652963  -80.13454780791028  238.3492785532228  153.67278785554777  282.09502088029495  408.0125486152765  -425.3739114099808  506.6043709648196  -279.82331730846465  244.28269560981136  271.1671032094604  207.8917786794563  103.20998841533964  270.7550778357934  167.326845090306  447.1323564346354  98.40124306971535  -29.976342674396506  432.39547943673404  380.27234499192673  265.117760559634  265.2349513537346  226.0339016023529  245.24022426428132  
-7.216056175515689  228.4748057408941  166.8699392334541  -395.5005811176029  -661.0883236831537  -184.03006244851213  0.0  -328.40246025182046  90.55879977059891  38.12585671641392  -484.1663304794007  -430.5628358360756  -14.378872952977872  115.31660149972822  -78.67333046875257  96.81645347505264  69.12255764749682  -239.18739495615648  82.65973551502299  14.473017732588517  -185.62931861112656  135.9166153855913  154.47529852005826  259.02138726329207  -176.14029817642734  275.00314220022995  224.82473181659955  155.0876013460514  -408.0805299276325  17.284706995741942  -269.76271208121966  76.9774795818654  200.3055251887426  22.15043458167895  2.825440233562915  -136.61653687778812  79.64923518000307  270.23339833975774  -229.66359909782193  -508.2899814612043  -319.4612275749769  -12.089539980709276  71.82389769957655  70.99206439308045  176.31318905476957  -21.69277666765015  111.15765570297583  -499.0806407429359  232.18862498475536  -19.242373374962085  70.64492247224638  196.173421393543  272.6057952580175  -264.1646102564224  54.31921610471068  -30.35727459296436  98.06495843178283  223.98248616676435  -609.4039738584929  322.5743085163075  -463.8533797569768  60.25263316129923  87.13704076094825  23.861716230944182  -80.82007403317249  86.72501538728125  -16.703217358206132  263.1022939861233  -85.62881937879678  -214.00640512290863  248.36541698822188  196.2422825434146  81.08769811112188  81.20488890522245  42.00383915384077  61.2101618157692  
321.18640407630477  556.8772659927146  495.27239948527455  -67.09812086578245  -332.68586343133325  144.37239780330833  328.40246025182046  0.0  418.96126002241937  366.5283169682344  -155.76387022758024  -102.16037558425512  314.0235872988426  443.7190617515487  249.7291297830679  425.2189137268731  397.5250178993173  89.21506529566398  411.06219576684344  342.875477984409  142.7731416406939  464.31907563741174  482.8777587718787  587.4238475151126  152.26216207539312  603.4056024520504  553.22719206842  483.4900615978719  -79.67806967581203  345.6871672475624  58.6397481706008  405.37993983368585  528.7079854405631  350.5528948334994  331.2279004853834  191.78592337403234  408.05169543182353  598.6358585915782  98.73886115399853  -179.88752120938386  8.941232676843583  316.3129202711112  400.226357951397  399.3945246449009  504.71564930659  306.7096835841703  439.5601159547963  -170.67818049111543  560.5910852365759  309.1600868768584  399.04738272406684  524.5758816453634  601.0082555098379  64.23784999539805  382.72167635653113  298.0451856588561  426.4674186836033  552.3849464185848  -281.00151360667246  650.976768768128  -135.45091950515632  388.6550934131197  415.5395010127687  352.26417648276464  247.58238621864797  415.1274756391017  311.6992428936143  591.5047542379438  242.77364087302368  114.39605512891183  576.7678772400424  524.6447427952351  409.49015836294234  409.6073491570429  370.40629940566123  389.61262206758965  
-97.7748559461146  137.9160059702952  76.31113946285518  -486.0593808882018  -751.6471234537526  -274.58886221911104  -90.55879977059891  -418.96126002241937  0.0  -52.43294305418499  -574.7251302499997  -521.1216356066745  -104.93767272357678  24.757801729129312  -169.23213023935148  6.25765370445373  -21.43624212310209  -329.7461947267554  -7.899064255575922  -76.0857820380104  -276.1881183817255  45.357815614992404  63.91649874945935  168.46258749269316  -266.69909794702625  184.44434242963104  134.26593204600064  64.52880157545249  -498.6393296982314  -73.27409277485697  -360.32151185181857  -13.581320188733514  109.74672541814368  -68.40836518891996  -87.733359537036  -227.17533664838703  -10.909564590595835  179.67459856915883  -320.22239886842084  -598.8487812318033  -410.0200273455758  -102.64833975130819  -18.73490207102236  -19.566735377518455  85.75438928417066  -112.25157643824906  20.59885593237692  -589.6394405135347  141.62982521415645  -109.801173145561  -19.91387729835253  105.6146216229441  182.0469954874186  -354.7234100270213  -36.23958366588823  -120.91607436356327  7.5061586611839175  133.42368639616544  -699.9627736290918  232.0155087457086  -554.4121795275757  -30.30616660929968  -3.421759009650657  -66.69708353965473  -171.3788738037714  -3.8337843833176635  -107.26201712880504  172.5434942155244  -176.1876191493957  -304.56520489350754  157.80661721762297  105.6834827728157  -9.471101659477029  -9.353910865376463  -48.55496061675814  -29.348637954829712  
-45.34191289192961  190.3489490244802  128.74408251704017  -433.6264378340168  -699.2141803995676  -222.15591916492605  -38.12585671641392  -366.5283169682344  52.43294305418499  0.0  -522.2921871958147  -468.6886925524895  -52.50472966939179  77.1907447833143  -116.79918718516649  58.69059675863872  30.9967009310829  -277.3132516725704  44.53387879860907  -23.652838983825404  -223.75517532754048  97.7907586691774  116.34944180364434  220.89553054687815  -214.26615489284126  236.87728548381602  186.69887510018563  116.96174462963748  -446.2063866440464  -20.84114972067198  -307.8885687976336  38.851622865451475  162.17966847232867  -15.97542213473497  -35.300416482851006  -174.74239359420204  41.523378463589154  232.10754162334382  -267.78945581423585  -546.4158381776183  -357.5870842913908  -50.2153966971232  33.69804098316263  32.866207676666534  138.18733233835565  -59.81863338406407  73.03179898656191  -537.2064974593497  194.06276826834144  -57.368230091376006  32.51906575583246  158.0475646771291  234.4799385416036  -302.2904669728363  16.193359388296756  -68.48313130937828  59.939101715368906  185.85662945035043  -647.5298305749068  284.4484517998936  -501.9792364733907  22.12677644488531  49.01118404453433  -14.264140485469738  -118.94593074958641  48.599158670867325  -54.82907407462005  224.97643726970938  -123.7546760952107  -252.13226183932255  210.23956027180796  158.11642582700068  42.96184139470796  43.079032188808526  3.8779824374268514  23.084305099355277  
476.950274303885  712.6411362202948  651.0362697128548  88.6657493617978  -176.921993203753  300.1362680308886  484.1663304794007  155.76387022758024  574.7251302499997  522.2921871958147  0.0  53.60349464332512  469.7874575264228  599.4829319791289  405.49300001064813  580.9827839544533  553.2888881268975  244.97893552324422  566.8260659944237  498.6393482119892  298.53701186827413  620.082945864992  638.6416289994589  743.1877177426927  308.02603230297336  759.1694726796306  708.9910622960002  639.2539318254521  76.08580055176822  501.45103747514264  214.40361839818104  561.1438100612661  684.4718556681432  506.31676506107965  486.9917707129636  347.5497936016126  563.8155656594038  754.3997288191584  254.50273138157877  -24.12365098180362  164.70510290442382  472.0767904986914  555.9902281789773  555.1583948724812  660.4795195341703  462.47355381175055  595.3239861823765  -14.914310263535185  716.3549554641561  464.9239571044386  554.811252951647  680.3397518729437  756.7721257374182  220.0017202229783  538.4855465841114  453.80905588643634  582.2312889111836  708.1488166461651  -125.23764337909222  806.7406389957082  20.31295072242392  544.4189636407  571.303371240349  508.0280467103449  403.3462564462282  570.891345866682  467.46311312119457  747.268624465524  398.5375111006039  270.15992535649207  732.5317474676226  680.4086130228153  565.2540285905226  565.3712193846231  526.1701696332415  545.3764922951699  
423.3467796605599  659.0376415769697  597.4327750695297  35.06225471847267  -230.52548784707813  246.53277338756345  430.5628358360756  102.16037558425512  521.1216356066745  468.6886925524895  -53.60349464332512  0.0  416.1839628830977  545.8794373358038  351.889505367323  527.3792893111282  499.6853934835724  191.3754408799191  513.2225713510986  445.0358535686641  244.93351722494901  566.4794512216669  585.0381343561338  689.5842230993676  254.42253765964824  705.5659780363055  655.3875676526751  585.650437182127  22.482305908443095  447.8475428318175  160.80012375485592  507.540315417941  630.8683610248181  452.71327041775453  433.3882760696385  293.94629895828746  510.21207101607865  700.7962341758333  200.89923673825365  -77.72714562512874  111.1016082610987  418.4732958553663  502.3867335356521  501.55490022915603  606.8760248908452  408.8700591684254  541.7204915390514  -68.5178049068603  662.751460820831  411.3204624611135  501.20775830832196  626.7362572296186  703.168631094093  166.39822557965317  484.88205194078625  400.2055612431112  528.6277942678585  654.54532200284  -178.84113802241734  753.1371443523831  -33.2905439209012  490.8154689973748  517.6998765970238  454.42455206701976  349.7427618029031  517.2878512233568  413.85961847786945  693.6651298221989  344.9340164572788  216.55643071316695  678.9282528242975  626.8051183794902  511.65053394719746  511.767724741298  472.56667498991635  491.7729976518448  
7.162816777462183  242.85367869387198  181.24881218643196  -381.12170816462503  -646.7094507301758  -169.65118949553425  14.378872952977872  -314.0235872988426  104.93767272357678  52.50472966939179  -469.7874575264228  -416.1839628830977  0.0  129.6954744527061  -64.2944575157747  111.19532642803051  83.50143060047469  -224.8085220031786  97.03860846800086  28.85189068556639  -171.2504456581487  150.29548833856919  168.85417147303613  273.40026021626994  -161.76142522344946  289.3820151532078  239.20360476957742  169.46647429902927  -393.7016569746546  31.663579948719814  -255.3838391282418  91.35635253484327  214.68439814172046  36.52930753465682  17.204313186540787  -122.23766392481025  94.02810813298095  284.6122712927356  -215.28472614484406  -493.91110850822645  -305.082354621999  2.2893329722685962  86.20277065255442  85.37093734605833  190.69206200774744  -7.3139037146722785  125.5365286559537  -484.701767789958  246.56749793773324  -4.863500421984213  85.02379542522425  210.55229434652088  286.9846682109954  -249.78573730344453  68.69808905768855  -15.978401639986487  112.4438313847607  238.36135911974222  -595.025100905515  336.95318146928537  -449.4745068039989  74.6315061142771  101.51591371392612  38.240589183922054  -66.44120108019462  101.10388834025912  -2.32434440522826  277.4811669391012  -71.2499464258189  -199.62753216993076  262.7442899411998  210.62115549639248  95.46657106409975  95.58376185820032  56.382712106818644  75.58903476874707  
-122.53265767524391  113.15820424116589  51.55333773372587  -510.8171826173311  -776.4049251828819  -299.34666394824035  -115.31660149972822  -443.7190617515487  -24.757801729129312  -77.1907447833143  -599.4829319791289  -545.8794373358038  -129.6954744527061  0.0  -193.9899319684808  -18.500148024675582  -46.1940438522314  -354.5039964558847  -32.656865984705234  -100.8435837671397  -300.9459201108548  20.600013885863092  39.15869702033004  143.70478576356385  -291.45689967615556  159.68654070050172  109.50813031687133  39.77099984632318  -523.3971314273607  -98.03189450398628  -385.0793135809479  -38.339121917862826  84.98892368901437  -93.16616691804927  -112.4911612661653  -251.93313837751634  -35.66736631972515  154.91679684002952  -344.98020059755015  -623.6065829609325  -434.7778290747051  -127.4061414804375  -43.49270380015167  -44.32453710664777  60.996587555041344  -137.00937816737837  -4.158945796752391  -614.3972422426641  116.87202348502714  -134.5589748746903  -44.671679027481844  80.85681989381479  157.2891937582893  -379.4812117561506  -60.997385395017545  -145.67387609269258  -17.251643067945395  108.66588466703612  -724.7205753582211  207.25770701657927  -579.169981256705  -55.06396833842899  -28.17956073877997  -91.45488526878404  -196.1366755329007  -28.591586112446976  -132.01981885793435  147.78569248639508  -200.945420878525  -329.32300662263685  133.04881548849366  80.92568104368638  -34.22890338860634  -34.111712594505775  -73.31276234588745  -54.106439683959024  
71.45727429323688  307.1481362096467  245.54326970220666  -316.82725064885034  -582.4149932144012  -105.35673197975956  78.67333046875257  -249.7291297830679  169.23213023935148  116.79918718516649  -405.49300001064813  -351.889505367323  64.2944575157747  193.9899319684808  0.0  175.4897839438052  147.7958881162494  -160.5140644874039  161.33306598377555  93.14634820134108  -106.955988142374  214.58994585434388  233.14862898881083  337.69471773204464  -97.46696770767477  353.6764726689825  303.49806228535215  233.76093181480397  -329.4071994588799  95.95803746449451  -191.0893816124671  155.65081005061796  278.97885565749516  100.82376505043152  81.49877070231548  -57.943206409035554  158.32256564875564  348.9067288085103  -150.99026862906936  -429.61665099245175  -240.7878971062243  66.58379048804329  150.49722816832912  149.66539486183302  254.98651952352213  56.98055380110242  189.8309861717284  -420.4073102741833  310.8619554535079  59.43095709379048  149.31825294099895  274.8467518622956  351.2791257267701  -185.49127978766984  132.99254657346324  48.31605587578821  176.7382889005354  302.6558166355169  -530.7306433897404  401.24763898506006  -385.1800492882242  138.9259636300518  165.81037122970082  102.53504669969675  -2.1467435644199213  165.3983458560338  61.970113110546436  341.77562445487587  -6.95548891004421  -135.33307465415606  327.0387474569744  274.91561301216717  159.76102857987445  159.878219373975  120.67716962259334  139.88349228452176  
-104.03250965056833  131.65835226584147  70.05348575840145  -492.31703459265555  -757.9047771582063  -280.84651592356477  -96.81645347505264  -425.2189137268731  -6.25765370445373  -58.69059675863872  -580.9827839544533  -527.3792893111282  -111.19532642803051  18.500148024675582  -175.4897839438052  0.0  -27.69389582755582  -336.0038484312091  -14.156717960029653  -82.34343574246412  -282.4457720861792  39.100161910538674  57.65884504500562  162.20493378823943  -272.95675165148  178.1866887251773  128.0082783415469  58.27114787099876  -504.8969834026851  -79.5317464793107  -366.5791655562723  -19.838973893187244  103.48907171368995  -74.66601889337369  -93.99101324148972  -233.43299035284076  -17.167218295049565  173.4169448647051  -326.48005257287457  -605.106434936257  -416.2776810500295  -108.90599345576192  -24.99255577547609  -25.824389081972186  79.49673557971693  -118.50923014270279  14.34120222792319  -595.8970942179885  135.37217150970272  -116.05882685001473  -26.17153100280626  99.35696791849037  175.78934178296487  -360.98106373147505  -42.49723737034196  -127.173728068017  1.2485049567301871  127.1660326917117  -706.2204273335456  225.75785504125486  -560.6698332320294  -36.56382031375341  -9.679412714104387  -72.95473724410846  -177.63652750822513  -10.091438087771394  -113.51967083325877  166.28584051107066  -182.44527285384942  -310.8228585979613  151.54896351316924  99.42582906836196  -15.728755363930759  -15.611564569830193  -54.81261432121187  -35.60629165928344  
-76.33861382301251  159.3522480933973  97.74738158595727  -464.6231387650997  -730.2108813306505  -253.15262009600895  -69.12255764749682  -397.5250178993173  21.43624212310209  -30.9967009310829  -553.2888881268975  -499.6853934835724  -83.50143060047469  46.1940438522314  -147.7958881162494  27.69389582755582  0.0  -308.3099526036533  13.537177867526168  -54.6495399149083  -254.75187625862338  66.7940577380945  85.35274087256144  189.89882961579525  -245.26285582392416  205.88058455273313  155.70217416910273  85.96504369855458  -477.2030875751293  -51.83785065175488  -338.8852697287165  7.854921934368576  131.18296754124577  -46.97212306581787  -66.2971174139339  -205.73909452528494  10.526677532506255  201.11084069226092  -298.78615674531875  -577.4125391087011  -388.5837852224737  -81.2120976282061  2.701340052079729  1.8695067455836352  107.19063140727275  -90.81533431514697  42.03509805547901  -568.2031983904327  163.06606733725854  -88.3649310224589  1.522364824749559  127.05086374604619  203.4832376105207  -333.2871679039192  -14.803341542786143  -99.47983224046118  28.942400784286008  154.85992851926753  -678.5265315059897  253.45175086881068  -532.9759374044736  -8.86992448619759  18.014483113451433  -45.26084141655264  -149.9426316806693  17.602457739784427  -85.82577500570295  193.97973633862648  -154.7513770262936  -283.12896277040545  179.24285934072506  127.11972489591778  11.965140463625062  12.082331257725627  -27.118718493656047  -7.912395831727622  
231.9713387806408  467.6622006970506  406.0573341896106  -156.31318616144642  -421.9009287269972  55.157332507644355  239.18739495615648  -89.21506529566398  329.7461947267554  277.3132516725704  -244.97893552324422  -191.3754408799191  224.8085220031786  354.5039964558847  160.5140644874039  336.0038484312091  308.3099526036533  0.0  321.84713047117947  253.660412688745  53.55807634502992  375.10401034174777  393.6626934762147  498.20878221944855  63.047096779729145  514.1905371563864  464.012126772756  394.2749963022079  -168.893134971476  256.4721019518984  -30.57531712506318  316.1648745380219  439.4929201448991  261.33782953783543  242.0128351897194  102.57085807836836  318.83663013615956  509.4207932959142  9.523795858334552  -269.10258650504784  -80.27383261882039  227.0978549754472  311.01129265573303  310.17945934923694  415.50058401092605  217.49461828850633  350.3450506591323  -259.8932457867794  471.3760199409119  219.9450215811944  309.83231742840286  435.36081634969946  511.793190214174  -24.977215300265925  293.50661106086716  208.83012036319212  337.2523533879393  463.16988112292086  -370.21657890233644  561.761703472464  -224.6659848008203  299.4400281174557  326.32443571710473  263.04911118710066  158.367320922984  325.9124103434377  222.48417759795035  502.2896889422798  153.5585755773597  25.18098983324785  487.5528119443784  435.4296774995711  320.27509306727836  320.3922838613789  281.19123410999725  300.3975567719257  
-89.87579169053868  145.81507022587112  84.2102037184311  -478.1603166326259  -743.7480591981766  -266.6897979635351  -82.65973551502299  -411.06219576684344  7.899064255575922  -44.53387879860907  -566.8260659944237  -513.2225713510986  -97.03860846800086  32.656865984705234  -161.33306598377555  14.156717960029653  -13.537177867526168  -321.84713047117947  0.0  -68.18671778243447  -268.28905412614955  53.256879870568326  71.81556300503527  176.36165174826908  -258.8000336914503  192.34340668520696  142.16499630157656  72.42786583102841  -490.74026544265547  -65.37502851928105  -352.42244759624265  -5.682255933157592  117.6457896737196  -60.509300933344036  -79.83429528146007  -219.2762723928111  -3.0105003350199127  187.57366282473475  -312.3233346128449  -590.9497169762274  -402.12096308999986  -94.74927549573226  -10.835837815446439  -11.667671121942533  93.65345353974658  -104.35251218267314  28.497920187952843  -581.7403762579588  149.52888946973238  -101.90210888998507  -12.014813042776609  113.51368587852002  189.94605974299452  -346.8243457714454  -28.34051941031231  -113.01701010798735  15.40522291675984  141.32275065174136  -692.0637093735158  239.9145730012845  -546.5131152719998  -22.407102353723758  4.477305245925265  -58.798019284078805  -163.47980954819548  4.065279872258259  -99.36295287322912  180.4425584711003  -168.28855489381976  -296.6661406379316  165.7056814731989  113.58254702839162  -1.5720374039011062  -1.4548466098005406  -40.655896361182215  -21.44957369925379  
-21.689073908104206  214.0017880083056  152.39692150086557  -409.9735988501914  -675.5613414157422  -198.50308018110064  -14.473017732588517  -342.875477984409  76.0857820380104  23.652838983825404  -498.6393482119892  -445.0358535686641  -28.85189068556639  100.8435837671397  -93.14634820134108  82.34343574246412  54.6495399149083  -253.660412688745  68.18671778243447  0.0  -200.10233634371508  121.4435976530028  140.00228078746974  244.54836953070355  -190.61331590901585  260.53012446764143  210.35171408401104  140.61458361346288  -422.553547660221  2.8116892631534256  -284.2357298138082  62.50446184927688  185.83250745615408  7.677416849090434  -11.647577499025601  -151.08955461037664  65.17621744741456  255.76038060716922  -244.13661683041045  -522.7629991937929  -333.9342453075654  -26.562557713297792  57.35087996698803  56.51904666049194  161.84017132218105  -36.16579440023867  96.68463797038731  -513.5536584755243  217.71560725216685  -33.7153911075506  56.17190473965786  181.7004036609545  258.132777525429  -278.6376279890109  39.84619837212216  -44.830292325552875  83.59194069919431  209.50946843417583  -623.8769915910814  308.101290783719  -478.3263974895653  45.77961542871071  72.66402302835974  9.388698498355666  -95.293091765761  72.25199765469273  -31.17623509079465  248.62927625353478  -100.1018371113853  -228.47942285549715  233.89239925563336  181.7692648108261  66.61468037853336  66.73187117263393  27.530821421252256  46.73714408318068  
178.41326243561087  414.1041243520207  352.49925784458065  -209.87126250647634  -475.45900507202714  1.599256162614438  185.62931861112656  -142.7731416406939  276.1881183817255  223.75517532754048  -298.53701186827413  -244.93351722494901  171.2504456581487  300.9459201108548  106.955988142374  282.4457720861792  254.75187625862338  -53.55807634502992  268.28905412614955  200.10233634371508  0.0  321.54593399671785  340.1046171311848  444.65070587441863  9.489020434699228  460.6324608113565  410.4540504277261  340.716919957178  -222.45121131650592  202.9140256068685  -84.1333934700931  262.60679819299196  385.93484379986916  207.77975319280552  188.45475884468948  49.01278173333844  265.27855379112964  455.8627169508843  -44.034280486695366  -322.66066285007776  -133.8319089638503  173.5397786304173  257.4532163107031  256.621383004207  361.94250766589613  163.9365419434764  296.7869743141024  -313.4513221318093  417.81794359588196  166.38694523616448  256.27424108337294  381.80274000466954  458.2351138691441  -78.53529164529584  239.94853471583724  155.2720440181622  283.6942770429094  409.61180477789094  -423.77465524736635  508.20362712743406  -278.2240611458502  245.8819517724258  272.7663593720748  209.49103484207075  104.80924457795408  272.3543339984078  168.92610125292043  448.73161259724986  100.00049923232979  -28.377086511782068  433.9947355993485  381.87160115454117  266.71701672224845  266.834207516349  227.63315776496734  246.83948042689576  
-143.132671561107  92.5581903553028  30.953323847862777  -531.4171965031942  -797.004939068745  -319.9466778341034  -135.9166153855913  -464.31907563741174  -45.357815614992404  -97.7907586691774  -620.082945864992  -566.4794512216669  -150.29548833856919  -20.600013885863092  -214.58994585434388  -39.100161910538674  -66.7940577380945  -375.10401034174777  -53.256879870568326  -121.4435976530028  -321.54593399671785  0.0  18.558683134466946  123.10477187770076  -312.0569135620186  139.08652681463866  88.90811643100824  19.170985960460087  -543.9971453132238  -118.63190838984937  -405.67932746681095  -58.93913580372592  64.38890980315128  -113.76618080391236  -133.0911751520284  -272.5331522633794  -56.26738020558824  134.31678295416643  -365.5802144834132  -644.2065968467956  -455.37784296056816  -148.0061553663006  -64.09271768601477  -64.92455099251086  40.39657366917825  -157.60939205324146  -24.758959682615483  -634.9972561285272  96.27200959916405  -155.1589887605534  -65.27169291334494  60.256806007951695  136.68917987242617  -400.0812256420137  -81.59739928088064  -166.27388997855567  -37.85165695380849  88.06587078117303  -745.3205892440842  186.65769313071618  -599.7699951425681  -75.66398222429208  -48.77957462464306  -112.05489915464713  -216.7366894187638  -49.19159999831007  -152.61983274379745  127.18567860053199  -221.5454347643881  -349.9230205084999  112.44880160263057  60.32566715782329  -54.82891727446943  -54.71172648036887  -93.91277623175054  -74.70645356982212  
-161.69135469557395  73.99950722083585  12.39464071339583  -549.9758796376611  -815.5636222032119  -338.50536096857036  -154.47529852005826  -482.8777587718787  -63.91649874945935  -116.34944180364434  -638.6416289994589  -585.0381343561338  -168.85417147303613  -39.15869702033004  -233.14862898881083  -57.65884504500562  -85.35274087256144  -393.6626934762147  -71.81556300503527  -140.00228078746974  -340.1046171311848  -18.558683134466946  0.0  104.54608874323381  -330.61559669648557  120.5278436801717  70.34943329654129  0.6123028259931402  -562.5558284476907  -137.19059152431632  -424.2380106012779  -77.49781893819286  45.83022666868433  -132.3248639383793  -151.64985828649534  -291.09183539784635  -74.82606334005519  115.75809981969948  -384.13889761788016  -662.7652799812626  -473.9365260950351  -166.56483850076754  -82.65140082048171  -83.4832341269778  21.837890534711306  -176.1680751877084  -43.31764281708243  -653.5559392629941  77.7133264646971  -173.71767189502035  -83.83037604781188  41.69812287348475  118.13049673795923  -418.63990877648064  -100.15608241534758  -184.83257311302262  -56.41034008827543  69.50718764670609  -763.8792723785511  168.09900999624924  -618.328678277035  -94.22266535875903  -67.33825775911001  -130.61358228911408  -235.29537255323075  -67.75028313277701  -171.1785158782644  108.62699546606504  -240.10411789885504  -368.48170364296686  93.89011846816362  41.76698402335634  -73.38760040893638  -73.27040961483581  -112.47145936621749  -93.26513670428906  
-266.23744343880776  -30.546581522397958  -92.15144802983798  -654.521968380895  -920.1097109464458  -443.0514497118042  -259.02138726329207  -587.4238475151126  -168.46258749269316  -220.89553054687815  -743.1877177426927  -689.5842230993676  -273.40026021626994  -143.70478576356385  -337.69471773204464  -162.20493378823943  -189.89882961579525  -498.20878221944855  -176.36165174826908  -244.54836953070355  -444.65070587441863  -123.10477187770076  -104.54608874323381  0.0  -435.1616854397194  15.98175493693789  -34.19665544669252  -103.93378591724067  -667.1019171909245  -241.73668026755013  -528.7840993445118  -182.04390768142667  -58.71586207454948  -236.87095268161312  -256.19594702972915  -395.6379241410802  -179.372152083289  11.212011076465672  -488.684986361114  -767.3113687244963  -578.482614838269  -271.11092724400135  -187.19748956371552  -188.02932287021162  -82.7081982085225  -280.7141639309422  -147.86373156031624  -758.102028006228  -26.832762278536705  -278.26376063825415  -188.3764647910457  -62.84796586974906  13.584407994725424  -523.1859975197144  -204.7021711585814  -289.37866185625643  -160.95642883150924  -35.038901096527724  -868.425361121785  63.55292125301543  -722.8747670202688  -198.76875410199284  -171.88434650234382  -235.1596710323479  -339.84146129646456  -172.29637187601082  -275.7246046214982  4.08090672283123  -344.65020664208885  -473.0277923862007  -10.655970275070189  -62.779104719877466  -177.9336891521702  -177.81649835806962  -217.0175481094513  -197.81122544752287  
168.92424200091165  404.61510391732145  343.0102374098814  -219.36028294117557  -484.94802550672637  -7.88976427208479  176.14029817642734  -152.26216207539312  266.69909794702625  214.26615489284126  -308.02603230297336  -254.42253765964824  161.76142522344946  291.45689967615556  97.46696770767477  272.95675165148  245.26285582392416  -63.047096779729145  258.8000336914503  190.61331590901585  -9.489020434699228  312.0569135620186  330.61559669648557  435.1616854397194  0.0  451.1434403766573  400.96502999302686  331.22789952247876  -231.94023175120515  193.42500517216928  -93.62241390479232  253.11777775829273  376.44582336516993  198.2907327581063  178.96573840999025  39.523761298639215  255.7895333564304  446.3736965161851  -53.52330092139459  -332.149683284777  -143.32092939854954  164.05075819571806  247.96419587600388  247.1323625695078  352.4534872311969  154.44752150877719  287.29795387940317  -322.94034256650855  408.32892316118273  156.89792480146525  246.78522064867371  372.3137195699703  448.74609343444484  -88.02431207999507  230.459514281138  145.78302358346298  274.20525660821016  400.1227843431917  -433.2636756820656  498.71460669273483  -287.71308158054944  236.39293133772657  263.2773389373756  200.00201440737152  95.32022414325485  262.8653135637086  159.4370808182212  439.24259216255064  90.51147879763056  -37.866106946481295  424.50571516464925  372.38258071984194  257.2279962875492  257.3451870816498  218.1441373302681  237.35045999219653  
