Height_Data

node	height
0	70.19100165920118
1	63.56746710358634
2	202.59447534027643
3	367.5515313795673
4	81.46466858894499
5	94.6641317702259
6	135.61395063583737
7	325.42068270706926
8	46.723459865243505
9	194.63310971050961
10	186.75855434992565
11	152.7762743414827
12	109.88054213957238
13	165.13613752820223
14	114.18130049342602
15	162.7411990906477
16	184.13345157436413
17	116.39910300979994
18	83.12954905997735
19	74.28244381174534
20	48.23583597605416
21	156.7671152085956
22	73.94226755224047
23	117.24284867031008
24	94.4410072704476
25	200.46128535365074
26	54.41663657425928
27	101.66950302714692
28	20.68171917414329
29	67.70164659816669
30	28.495486976435146
31	173.54002544028498
32	60.383379864951195
33	52.64197175621258
34	163.28585848924948
35	70.88514364926266
36	69.44005502569998
37	64.52424611285328
38	161.70034459557084
39	383.3493439276843
40	42.11645867430862
41	110.15332041315449
42	38.55201431820815
43	225.0803188966747
44	110.95036404824947
45	86.04483298782628
46	90.34413358598161
47	53.123008855164436
48	103.34920656766317
49	49.158854857029816
50	74.42515567316451
51	102.63959770517607
52	166.90862799285418
53	76.88561633463418
54	155.6845268927688
55	63.60518724352552
56	66.33149575212106
57	103.98353939209973
58	91.818051659999
59	27.537684532918398
60	48.150022841615446
61	93.91425684934475
62	71.22550832511023
63	362.6126044840724
64	90.34413358598161
65	61.964751737908315
66	212.64837771837426
67	58.93195526231577
68	62.16142575213512
69	76.5852677126922
70	65.04746396333017
71	361.2875635365704
72	227.0039772901046
73	43.82506180695899
74	131.51303904760329
75	101.03721469992313



height_matrix
0.0  6.623534555614839  -132.40347368107524  -297.3605297203661  -11.273666929743811  -24.473130111024716  -65.42294897663619  -255.2296810478681  23.467541793957672  -124.44210805130844  -116.56755269072447  -82.58527268228151  -39.68954048037121  -94.94513586900105  -43.990298834224845  -92.55019743144653  -113.94244991516295  -46.20810135059877  -12.938547400776173  -4.091442152544161  21.955165683147015  -86.57611354939444  -3.751265893039289  -47.051847011108904  -24.250005611246422  -130.27028369444957  15.774365084941898  -31.47850136794574  49.50928248505789  2.4893550610344874  41.69551468276603  -103.3490237810838  9.807621794249982  17.5490299029886  -93.0948568300483  -0.6941419900614818  0.7509466335012007  5.6667555463479005  -91.50934293636966  -313.1583422684831  28.07454298489256  -39.96231875395331  31.638987340993026  -154.8893172374735  -40.75936238904829  -15.853831328625105  -20.153131926780432  17.06799280403674  -33.158204908462  21.03214680217136  -4.234154013963334  -32.448596045974895  -96.717626333653  -6.694614675433002  -85.49352523356761  6.585814415675657  3.85950590708012  -33.79253773289855  -21.627050000797823  42.65331712628278  22.04097881758573  -23.723255190143576  -1.0345066659090492  -292.42160282487123  -20.153131926780432  8.226249921292862  -142.4573760591731  11.25904639688541  8.029575907066054  -6.394266053491023  5.143537695871004  -291.09656187736925  -156.8129756309034  26.365939852242185  -61.32203738840211  -30.84621304072195  
-6.623534555614839  0.0  -139.0270082366901  -303.9840642759809  -17.89720148535865  -31.096664666639555  -72.04648353225103  -261.8532156034829  16.844007238342833  -131.0656426069233  -123.19108724633931  -89.20880723789635  -46.313075035986046  -101.56867042461589  -50.613833389839684  -99.17373198706137  -120.56598447077779  -52.831635906213606  -19.56208195639101  -10.714976708159  15.331631127532177  -93.19964810500927  -10.374800448654128  -53.67538156672374  -30.87354016686126  -136.89381825006438  9.15083052932706  -38.10203592356058  42.88574792944305  -4.134179494580351  35.07198012715119  -109.97255833669864  3.1840872386351435  10.925495347373761  -99.71839138566314  -7.317676545676321  -5.872587922113638  -0.9567790092669384  -98.1328774919845  -319.78187682409794  21.45100842927772  -46.58585330956815  25.015452785378187  -161.51285179308837  -47.38289694466313  -22.477365884239944  -26.77666648239527  10.444458248421903  -39.781739464076836  14.408612246556523  -10.857688569578173  -39.072130601589734  -103.34116088926784  -13.31814923104784  -92.11705978918245  -0.03772013993918222  -2.764028648534719  -40.41607228851339  -28.25058455641266  36.02978257066794  15.417444261970893  -30.346789745758414  -7.658041221523888  -299.04513738048604  -26.77666648239527  1.6027153656780229  -149.0809106147879  4.635511841270571  1.406041351451215  -13.017800609105862  -1.479996859743835  -297.72009643298406  -163.43651018651826  19.742405296627346  -67.94557194401695  -37.46974759633679  
132.40347368107524  139.0270082366901  0.0  -164.95705603929085  121.12980675133144  107.93034357005054  66.98052470443906  -122.82620736679283  155.87101547503292  7.961365629766817  15.835920990350786  49.81820099879374  92.71393320070405  37.458337812074205  88.41317484685041  39.85327624962872  18.4610237659123  86.19537233047649  119.46492628029908  128.3120315285311  154.35863936422226  45.82736013168082  128.65220778803598  85.35162666996635  108.15346806982883  2.1331899866256947  148.17783876601715  100.92497231312952  181.91275616613314  134.89282874210974  174.09898836384127  29.054449899991454  142.21109547532524  149.95250358406386  39.308616851026954  131.70933169101377  133.15442031457644  138.07022922742317  40.89413074470559  -180.75486858740786  160.4780166659678  92.44115492712194  164.04246102206827  -22.485843556398265  91.64411129202696  116.54964235245015  112.25034175429482  149.471466485112  99.24526877261326  153.43562048324662  128.16931966711192  99.95487763510036  35.68584734742225  125.70885900564225  46.909948447507645  138.9892880967509  136.26297958815536  98.6109359481767  110.77642368027743  175.05679080735803  154.44445249866098  108.68021849093168  131.36896701516622  -160.01812914379596  112.25034175429482  140.62972360236813  -10.053902378097831  143.66252007796066  140.4330495881413  126.00920762758423  137.54701137694627  -158.69308819629398  -24.409501949828154  158.76941353331745  71.08143629267315  101.5572606403533  
297.3605297203661  303.9840642759809  164.95705603929085  0.0  286.08686279062226  272.8873996093414  231.9375807437299  42.13084867249802  320.82807151432377  172.91842166905766  180.79297702964163  214.7752570380846  257.6709892399949  202.41539385136505  253.37023088614126  204.81033228891957  183.41807980520315  251.15242836976734  284.4219823195899  293.26908756782194  319.31569540351313  210.78441617097167  293.6092638273268  250.3086827092572  273.1105241091197  167.09024602591654  313.134894805308  265.8820283524204  346.869812205424  299.8498847814006  339.05604440313215  194.0115059392823  307.16815151461606  314.9095596233547  204.2656728903178  296.6663877303046  298.1114763538673  303.027285266714  205.85118678399644  -15.797812548117008  325.4350727052587  257.39821096641276  328.99951706135914  142.47121248289258  256.6011673313178  281.506698391741  277.20739779358564  314.42852252440287  264.2023248119041  318.39267652253744  293.12637570640277  264.9119336743912  200.6429033867131  290.6659150449331  211.8670044867985  303.9463441360418  301.22003562744624  263.56799198746756  275.73347971956827  340.0138468466489  319.4015085379518  273.6372745302225  296.32602305445704  4.9389268954948875  277.20739779358564  305.58677964165895  154.90315366119302  308.61957611725154  305.39010562743215  290.9662636668751  302.5040674162371  6.263967842996863  140.5475540894627  323.72646957260827  236.038492331964  266.51431667964414  
11.273666929743811  17.89720148535865  -121.12980675133144  -286.08686279062226  0.0  -13.199463181280905  -54.14928204689238  -243.95601411812427  34.74120872370148  -113.16844112156463  -105.29388576098066  -71.3116057525377  -28.415873550627396  -83.67146893925724  -32.716631904481034  -81.27653050170272  -102.66878298541914  -34.934434420854956  -1.6648804710323617  7.18222477719965  33.22883261289083  -75.30244661965062  7.522401036704522  -35.77818008136509  -12.976338681502611  -118.99661676470575  27.04803201468571  -20.204834438201928  60.7829494148017  13.763021990778299  52.96918161250984  -92.07535685133999  21.081288723993794  28.82269683273241  -81.82118990030449  10.57952493968233  12.024613563245012  16.94042247609171  -80.23567600662585  -301.88467533873927  39.34820991463637  -28.6886518242095  42.91265427073684  -143.6156503077297  -29.48569545930448  -4.580164398881294  -8.87946499703662  28.341659733780553  -21.884537978718186  32.30581373191517  7.039512915780477  -21.174929116231084  -85.44395940390919  4.57905225431081  -74.2198583038238  17.859481345419468  15.133172836823931  -22.51887080315474  -10.353383071054012  53.92698405602659  33.31464574732954  -12.449588260399764  10.239160263834762  -281.1479358951274  -8.87946499703662  19.499916851036673  -131.18370912942927  22.53271332662922  19.303242836809865  4.879400876252788  16.417204625614815  -279.8228949476254  -145.5393087011596  37.639606781986  -50.0483704586583  -19.572546110978138  
24.473130111024716  31.096664666639555  -107.93034357005054  -272.8873996093414  13.199463181280905  0.0  -40.949818865611476  -230.75655093684338  47.94067190498239  -99.96897794028372  -92.09442257969975  -58.1121425712568  -15.216410369346491  -70.47200575797633  -19.51716872320013  -68.07706732042182  -89.46931980413824  -21.73497123957405  11.534582710248543  20.381687958480555  46.42829579417173  -62.10298343836972  20.721864217985427  -22.57871690008419  0.22312449977829374  -105.79715358342484  40.247495195966614  -7.005371256921023  73.98241259608261  26.962485172059203  66.16864479379075  -78.87589367005909  34.2807519052747  42.022160014013316  -68.62172671902358  23.778988120963234  25.224076744525917  30.139885657372616  -67.03621282534495  -288.6852121574584  52.547673095917276  -15.489188642928596  56.11211745201774  -130.4161871264488  -16.286232278023576  8.61929878239961  4.319998184244284  41.54112291506146  -8.68507479743728  45.50527691319608  20.238976097061382  -7.975465934950179  -72.24449622262829  17.778515435591714  -61.020395122542894  31.058944526700373  28.332636018104836  -9.319407621873836  2.846080110226893  67.1264472373075  46.51410892861045  0.7498749208811404  23.438623445115667  -267.9484727138465  4.319998184244284  32.69938003231758  -117.98424594814837  35.732176507910125  32.50270601809077  18.078864057533693  29.61666780689572  -266.62343176634454  -132.33984551987868  50.8390699632669  -36.84890727737739  -6.373082929697233  
65.42294897663619  72.04648353225103  -66.98052470443906  -231.9375807437299  54.14928204689238  40.949818865611476  0.0  -189.8067320712319  88.89049077059386  -59.019159074672245  -51.14460371408828  -17.16232370564532  25.733408496264985  -29.522186892364857  21.432650142411347  -27.127248454810342  -48.51950093852676  19.214847626037425  52.48440157586002  61.33150682409203  87.37811465978321  -21.153164572758243  61.6716830835969  18.371101965527288  41.17294336538977  -64.84733471781337  81.19731406157808  33.94444760869045  114.93223146169407  67.91230403767068  107.11846365940222  -37.92607480444761  75.23057077088617  82.9719788796248  -27.671907853412108  64.72880698657471  66.1738956101374  71.08970452298409  -26.08639395973347  -247.73539329184692  93.49749196152875  25.46063022268288  97.06193631762922  -89.46636826083733  24.6635865875879  49.56911764801109  45.26981704985576  82.49094178067293  32.264744068174195  86.45509577880756  61.18879496267286  32.9743529306613  -31.29467735701681  58.72833430120319  -20.070576256931417  72.00876339231185  69.28245488371631  31.63041124373764  43.79589897583837  108.07626610291896  87.46392779422192  41.69969378649262  64.38844231072714  -226.99865384823502  45.26981704985576  73.64919889792905  -77.0344270825369  76.6819953735216  73.45252488370224  59.02868292314517  70.5664866725072  -225.67361290073305  -91.39002665426722  91.78888882887838  4.100911588234084  34.57673593591424  
255.2296810478681  261.8532156034829  122.82620736679283  -42.13084867249802  243.95601411812427  230.75655093684338  189.8067320712319  0.0  278.69722284182575  130.78757299655965  138.66212835714362  172.64440836558657  215.54014056749688  160.28454517886703  211.23938221364324  162.67948361642155  141.28723113270513  209.02157969726932  242.2911336470919  251.13823889532392  277.1848467310151  168.65356749847365  251.47841515482878  208.17783403675918  230.97967543662168  124.95939735341852  271.00404613281  223.75117967992236  304.738963532926  257.71903610890257  296.92519573063413  151.88065726678428  265.03730284211804  272.7787109508567  162.13482421781978  254.5355390578066  255.9806276813693  260.89643659421597  163.72033811149842  -57.92866122061503  283.30422403276066  215.26736229391477  286.8686683888611  100.34036381039456  214.4703186588198  239.37584971924298  235.07654912108765  272.29767385190485  222.0714761394061  276.2618278500394  250.99552703390475  222.7810850018932  158.51205471421508  248.5350663724351  169.73615581430047  261.81549546354375  259.0891869549482  221.43714331496955  233.60263104707025  297.8829981741509  277.2706598654538  231.5064258577245  254.19517438195902  -37.19192177700313  235.07654912108765  263.45593096916093  112.772304988695  266.4887274447535  263.25925695493413  248.83541499437706  260.3732187437391  -35.866880829501156  98.41670541696467  281.59562090011025  193.90764365946598  224.38346800714612  
-23.467541793957672  -16.844007238342833  -155.87101547503292  -320.82807151432377  -34.74120872370148  -47.94067190498239  -88.89049077059386  -278.69722284182575  0.0  -147.9096498452661  -140.03509448468213  -106.05281447623918  -63.15708227432888  -118.41267766295871  -67.45784062818251  -116.0177392254042  -137.40999170912062  -69.67564314455643  -36.406089194733845  -27.558983946501833  -1.5123761108106564  -110.0436553433521  -27.21880768699696  -70.51938880506657  -47.717547405204094  -153.73782548840722  -7.693176709015773  -54.94604316190341  26.041740691100216  -20.978186732923184  18.22797288880836  -126.81656557504147  -13.65991999970769  -5.9185118909690715  -116.56239862400597  -24.161683784019154  -22.71659516045647  -17.80078624760977  -114.97688473032733  -336.6258840624408  4.607001190934888  -63.429860547910984  8.171445547035354  -178.35685903143118  -64.22690418300596  -39.32137312258278  -43.620673720738104  -6.39954898992093  -56.62574670241967  -2.4353949917863105  -27.701695807921006  -55.91613783993257  -120.18516812761067  -30.162156469390673  -108.96106702752527  -16.881727378282015  -19.608035886877552  -57.260079526856224  -45.094591794755495  19.185775332325107  -1.4265629763719403  -47.19079698410125  -24.50204845986672  -315.8891446188289  -43.620673720738104  -15.24129187266481  -165.92491785313075  -12.208495397072262  -15.437965886891618  -29.861807847448695  -18.324004098086668  -314.5641036713269  -180.28051742486107  2.8983980582845135  -84.78957918235977  -54.31375483467962  
124.44210805130844  131.0656426069233  -7.961365629766817  -172.91842166905766  113.16844112156463  99.96897794028372  59.019159074672245  -130.78757299655965  147.9096498452661  0.0  7.874555360583969  41.856835369026925  84.75256757093723  29.49697218230739  80.45180921708359  31.891910619861903  10.499658136145484  78.23400670070967  111.50356065053226  120.35066589876428  146.39727373445544  37.865994501914  120.69084215826915  77.39026104019953  100.19210244006202  -5.8281756431411225  140.21647313625033  92.9636066833627  173.95139053636632  126.93146311234293  166.13762273407445  21.093084270224637  134.24972984555842  141.99113795429705  31.347251221260137  123.74796606124696  125.19305468480964  130.10886359765635  32.932765114938775  -188.71623421717467  152.51665103620098  84.47978929735513  156.08109539230145  -30.447209186165082  83.68274566226015  108.58827672268333  104.288976124528  141.51010085534517  91.28390314284644  145.4742548534798  120.2079540373451  91.99351200533354  27.724481717655436  117.74749337587544  38.94858281774083  131.02792246698408  128.30161395838854  90.64957031840989  102.81505805051061  167.0954251775912  146.48308686889416  100.71885286116486  123.40760138539939  -167.97949477356278  104.288976124528  132.6683579726013  -18.01526800786465  135.70115444819385  132.47168395837448  118.04784199781741  129.58564574717946  -166.6544538260608  -32.37086757959497  150.80804790355063  63.12007066290633  93.59589501058649  
116.56755269072447  123.19108724633931  -15.835920990350786  -180.79297702964163  105.29388576098066  92.09442257969975  51.14460371408828  -138.66212835714362  140.03509448468213  -7.874555360583969  0.0  33.982280008442956  76.87801221035326  21.62241682172342  72.57725385649962  24.017355259277934  2.6251027755615155  70.3594513401257  103.6290052899483  112.47611053818031  138.5227183738715  29.991439141330034  112.81628679768518  69.51570567961556  92.31754707947805  -13.702731003725091  132.34191777566636  85.08905132277873  166.07683517578235  119.05690775175896  158.26306737349051  13.218528909640668  126.37517448497445  134.11658259371308  23.47269586067617  115.87341070066299  117.31849932422567  122.23430823707237  25.058209754354806  -196.59078957775864  144.64209567561704  76.60523393677116  148.2065400317175  -38.32176454674905  75.80819030167618  100.71372136209936  96.41442076394404  133.6355454947612  83.40934778226247  137.59969949289584  112.33339867676113  84.11895664474957  19.849926357071467  109.87293801529147  31.07402745715686  123.15336710640013  120.42705859780459  82.77501495782592  94.94050268992665  159.22086981700724  138.6085315083102  92.8442975005809  115.53304602481542  -175.85405013414675  96.41442076394404  124.79380261201733  -25.889823368448617  127.82659908760988  124.59712859779052  110.17328663723345  121.71109038659547  -174.52900918664477  -40.24542294017894  142.93349254296666  55.24551530232236  85.72133965000252  
82.58527268228151  89.20880723789635  -49.81820099879374  -214.7752570380846  71.3116057525377  58.1121425712568  17.16232370564532  -172.64440836558657  106.05281447623918  -41.856835369026925  -33.982280008442956  0.0  42.895732201910306  -12.359863186719537  38.59497384805667  -9.964924749165021  -31.35717723288144  36.377171331682746  69.64672528150534  78.49383052973735  104.54043836542853  -3.9908408671129223  78.83400678924222  35.53342567117261  58.33526707103509  -47.68501101216805  98.3596377672234  51.106771314335774  132.0945551673394  85.074627743316  124.28078736504754  -20.763751098802288  92.3928944765315  100.13430258527012  -10.509584147766788  81.89113069222003  83.33621931578271  88.25202822862941  -8.92407025408815  -230.5730695862016  110.65981566717407  42.6229539283282  114.22426002327454  -72.30404455519201  41.82591029323322  66.73144135365641  62.43214075550108  99.65326548631825  49.427067773819516  103.61741948445288  78.35111866831818  50.13667663630662  -14.132353651371488  75.89065800684851  -2.908252551286097  89.17108709795717  86.44477858936163  48.79273494938296  60.95822268148369  125.23858980856429  104.62625149986724  58.86201749213794  81.55076601637246  -209.8363301425897  62.43214075550108  90.81152260357437  -59.87210337689157  93.84431907916692  90.61484858934756  76.19100662879049  87.72881037815252  -208.51128919508773  -74.2277029486219  108.9512125345237  21.263235293879404  51.739059641559564  
39.68954048037121  46.313075035986046  -92.71393320070405  -257.6709892399949  28.415873550627396  15.216410369346491  -25.733408496264985  -215.54014056749688  63.15708227432888  -84.75256757093723  -76.87801221035326  -42.895732201910306  0.0  -55.25559538862984  -4.300758353853638  -52.86065695107533  -74.25290943479175  -6.51856087022756  26.750993079595034  35.598098327827046  61.64470616351822  -46.88657306902323  35.93827458733192  -7.362306530737698  15.439534869124785  -90.58074321407835  55.463905565313105  8.211039112425468  89.19882296542909  42.178895541405694  81.38505516313724  -63.659483300712594  49.49716227462119  57.23857038335981  -53.40531634967709  38.995398490309725  40.44048711387241  45.35629602671911  -51.819802455998456  -273.46880178811193  67.76408346526377  -0.27277827358210516  71.32852782136423  -115.19977675710231  -1.0698219086770848  23.8357091517461  19.536408553590775  56.75753328440795  6.53133557190921  60.72168728254257  35.45538646640787  7.240944434396312  -57.028085853281794  32.994925804938205  -45.8039847531964  46.27535489604686  43.54904638745133  5.897002747472655  18.062490479573384  82.34285760665398  61.73051929795694  15.966285290227631  38.65503381446216  -252.7320623445  19.536408553590775  47.91579040166407  -102.76783557880188  50.948586877256616  47.71911638743726  33.295274426880184  44.83307817624221  -251.40702139699803  -117.1234351505322  66.0554803326134  -21.6324969080309  8.843327439649258  
94.94513586900105  101.56867042461589  -37.458337812074205  -202.41539385136505  83.67146893925724  70.47200575797633  29.522186892364857  -160.28454517886703  118.41267766295871  -29.49697218230739  -21.62241682172342  12.359863186719537  55.25559538862984  0.0  50.954837034776205  2.394938437554515  -18.997314046161904  48.73703451840228  82.00658846822488  90.85369371645689  116.90030155214806  8.369022319606614  91.19386997596176  47.893288857892145  70.69513025775463  -35.32514782544851  110.71950095394294  63.46663450105531  144.45441835405893  97.43449093003554  136.64065055176707  -8.403887912082752  104.75275766325103  112.49416577198966  1.850279038952749  94.25099387893957  95.69608250250225  100.61189141534895  3.4357929326313865  -218.21320639948206  123.01967885389361  54.98281711504774  126.58412320999408  -59.94418136847247  54.18577347995276  79.09130454037594  74.79200394222062  112.01312867303778  61.78693096053905  115.97728267117242  90.71098185503772  62.496539823026154  -1.772490464651952  88.25052119356805  9.45161063543344  101.5309502846767  98.80464177608117  61.1525981361025  73.31808586820323  137.59845299528382  116.98611468658677  71.22188067885747  93.910629203092  -197.47646695587017  74.79200394222062  103.17138579029391  -47.51224019017204  106.20418226588646  102.9747117760671  88.55086981551003  100.08867356487205  -196.1514260083682  -61.86783976190236  121.31107572124324  33.62309848059894  64.0989228282791  
43.990298834224845  50.613833389839684  -88.41317484685041  -253.37023088614126  32.716631904481034  19.51716872320013  -21.432650142411347  -211.23938221364324  67.45784062818251  -80.45180921708359  -72.57725385649962  -38.59497384805667  4.300758353853638  -50.954837034776205  0.0  -48.55989859722169  -69.95215108093811  -2.217802516373922  31.051751433448672  39.898856681680684  65.94546451737186  -42.58581471516959  40.239032941185556  -3.0615481768840596  19.740293222978423  -86.27998486022472  59.76466391916674  12.511797466279106  93.49958131928273  46.47965389525933  85.68581351699088  -59.358724946858956  53.79792062847483  61.539328737213445  -49.104557995823455  43.29615684416336  44.741245467726046  49.657054380572745  -47.51904410214482  -269.16804343425827  72.0648418191174  4.027980080271533  75.62928617521787  -110.89901840324868  3.230936445176553  28.13646750559974  23.837166907444413  61.058291638261586  10.832093925762848  65.02244563639621  39.75614482026151  11.54170278824995  -52.727327499428156  37.29568415879184  -41.503226399342765  50.5761132499005  47.849804741304965  10.197761101326293  22.363248833427022  86.64361596050762  66.03127765181057  20.26704364408127  42.955792168315796  -248.43130399064637  23.837166907444413  52.21654875551771  -98.46707722494824  55.249345231110254  52.0198747412909  37.59603278073382  49.13383653009585  -247.1062630431444  -112.82267679667856  70.35623868646704  -17.331738554177264  13.144085793502896  
92.55019743144653  99.17373198706137  -39.85327624962872  -204.81033228891957  81.27653050170272  68.07706732042182  27.127248454810342  -162.67948361642155  116.0177392254042  -31.891910619861903  -24.017355259277934  9.964924749165021  52.86065695107533  -2.394938437554515  48.55989859722169  0.0  -21.39225248371642  46.34209608084777  79.61165003067036  88.45875527890237  114.50536311459355  5.974083882052099  88.79893153840725  45.49835042033763  68.30019182020011  -37.720086263003026  108.32456251638843  61.071696063500795  142.05947991650442  95.03955249248102  134.24571211421255  -10.798826349637267  102.35781922569652  110.09922733443514  -0.544659398601766  91.85605544138505  93.30114406494774  98.21695297779443  1.0408544950768714  -220.60814483703658  120.6247404163391  52.58787867749322  124.18918477243956  -62.339119806026986  51.79083504239824  76.69636610282143  72.3970655046661  109.61819023548327  59.39199252298454  113.5823442336179  88.3160434174832  60.10160138547164  -4.167428902206467  85.85558275601353  7.056672197878925  99.13601184712219  96.40970333852665  58.75765969854798  70.92314743064871  135.2035145577293  114.59117624903226  68.82694224130296  91.51569076553749  -199.87140539342468  72.3970655046661  100.7764473527394  -49.90717862772655  103.80924382833194  100.57977333851258  86.15593137795551  97.69373512731754  -198.5463644459227  -64.26277819945687  118.91613728368873  31.228160043044426  61.703984390724585  
113.94244991516295  120.56598447077779  -18.4610237659123  -183.41807980520315  102.66878298541914  89.46931980413824  48.51950093852676  -141.28723113270513  137.40999170912062  -10.499658136145484  -2.6251027755615155  31.35717723288144  74.25290943479175  18.997314046161904  69.95215108093811  21.39225248371642  0.0  67.73434856456419  101.00390251438678  109.85100776261879  135.89761559830998  27.366336365768518  110.19118402212366  66.89060290405405  89.69244430391653  -16.327833779286607  129.71681500010484  82.46394854721721  163.45173240022083  116.43180497619744  155.637964597929  10.593426134079152  123.75007170941294  131.49147981815156  20.847593085114653  113.24830792510147  114.69339654866415  119.60920546151085  22.43310697879329  -199.21589235332016  142.01699290005553  73.98013116120964  145.581437256156  -40.94686732231057  73.18308752611466  98.08861858653785  93.78931798838252  131.0104427191997  80.78424500670096  134.97459671733432  109.70829590119962  81.49385386918806  17.224823581509952  107.24783523972995  28.448924681595344  120.52826433083861  117.80195582224307  80.1499121822644  92.31539991436513  156.59576704144573  135.98342873274868  90.21919472501938  112.9079432492539  -178.47915290970826  93.78931798838252  122.16869983645581  -28.514926144010133  125.20149631204836  121.972025822229  107.54818386167193  119.08598761103396  -177.1541119622063  -42.870525715740456  140.30838976740515  52.620412526760845  83.096236874441  
46.20810135059877  52.831635906213606  -86.19537233047649  -251.15242836976734  34.934434420854956  21.73497123957405  -19.214847626037425  -209.02157969726932  69.67564314455643  -78.23400670070967  -70.3594513401257  -36.377171331682746  6.51856087022756  -48.73703451840228  2.217802516373922  -46.34209608084777  -67.73434856456419  0.0  33.269553949822594  42.116659198054606  68.16326703374578  -40.36801219879567  42.45683545755948  -0.8437456605101374  21.958095739352345  -84.0621823438508  61.982466435540665  14.729599982653028  95.71738383565665  48.697456411633254  87.9036160333648  -57.140922430485034  56.01572314484875  63.75713125358737  -46.88675547944953  45.513959360537285  46.95904798409997  51.87485689694667  -45.301241585770896  -266.95024091788434  74.28264433549133  6.245782596645455  77.8470886915918  -108.68121588687475  5.448738961550475  30.35427002197366  26.054969423818335  63.27609415463551  13.04989644213677  67.24024815277014  41.97394733663543  13.759505304623872  -50.509524983054234  39.513486675165765  -39.28542388296884  52.793915766274424  50.06760725767889  12.415563617700215  24.581051349800944  88.86141847688154  68.24908016818449  22.48484616045519  45.17359468468972  -246.21350147427245  26.054969423818335  54.43435127189163  -96.24927470857432  57.46714774748418  54.23767725766482  39.813835297107744  51.35163904646977  -244.88846052677047  -110.60487428030464  72.57404120284096  -15.113936037803342  15.361888309876818  
12.938547400776173  19.56208195639101  -119.46492628029908  -284.4219823195899  1.6648804710323617  -11.534582710248543  -52.48440157586002  -242.2911336470919  36.406089194733845  -111.50356065053226  -103.6290052899483  -69.64672528150534  -26.750993079595034  -82.00658846822488  -31.051751433448672  -79.61165003067036  -101.00390251438678  -33.269553949822594  0.0  8.847105248232012  34.89371308392319  -73.63756614861826  9.187281507736884  -34.11329961033273  -11.31145821047025  -117.33173629367339  28.71291248571807  -18.539953967169566  62.44782988583406  15.42790246181066  54.634062083542204  -90.41047638030763  22.746169195026155  30.487577303764773  -80.15630942927213  12.244405410714691  13.689494034277374  18.605302947124073  -78.57079553559349  -300.2197948677069  41.01309038566873  -27.02377135317714  44.5775347417692  -141.95076983669736  -27.82081498827212  -2.9152839278489324  -7.214584526004259  30.006540204812914  -20.219657507685824  33.970694202947534  8.70439338681284  -19.510048645198722  -83.77907893287683  6.243932725343171  -72.55497783279144  19.52436181645183  16.798053307856293  -20.85399033212238  -8.68850260002165  55.59186452705895  34.979526218361904  -10.784707789367403  11.904040734867124  -279.483055424095  -7.214584526004259  21.164797322069035  -129.5188286583969  24.197593797661582  20.968123307842227  6.54428134728515  18.082085096647177  -278.15801447659305  -143.87442823012725  39.30448725301836  -48.383489987625936  -17.907665639945776  
4.091442152544161  10.714976708159  -128.3120315285311  -293.26908756782194  -7.18222477719965  -20.381687958480555  -61.33150682409203  -251.13823889532392  27.558983946501833  -120.35066589876428  -112.47611053818031  -78.49383052973735  -35.598098327827046  -90.85369371645689  -39.898856681680684  -88.45875527890237  -109.85100776261879  -42.116659198054606  -8.847105248232012  0.0  26.046607835691177  -82.48467139685027  0.3401762595048723  -42.96040485856474  -20.15856345870226  -126.1788415419054  19.86580723748606  -27.387059215401578  53.60072463760205  6.5807972135786486  45.78695683531019  -99.25758162853964  13.899063946794143  21.64047205553276  -89.00341467750414  3.3973001624826793  4.842388786045362  9.758197698892062  -87.4179007838255  -309.06690011593895  32.16598513743672  -35.87087660140915  35.73042949353719  -150.79787508492936  -36.66792023650413  -11.762389176080944  -16.06168977423627  21.159434956580903  -29.066762755917836  25.123588954715522  -0.1427118614191727  -28.357153893430734  -92.62618418110884  -2.6031725228888405  -81.40208308102345  10.677256568219818  7.950948059624281  -29.70109558035439  -17.53560784825366  46.74475927882694  26.132420970129893  -19.631813037599414  3.056935486635112  -288.33016067232705  -16.06168977423627  12.317692073837023  -138.36593390662892  15.35048854942957  12.121018059610215  -2.302823900946862  9.234979848415165  -287.0051197248251  -152.72153347835925  30.457382004786346  -57.23059523585795  -26.754770888177788  
-21.955165683147015  -15.331631127532177  -154.35863936422226  -319.31569540351313  -33.22883261289083  -46.42829579417173  -87.37811465978321  -277.1848467310151  1.5123761108106564  -146.39727373445544  -138.5227183738715  -104.54043836542853  -61.64470616351822  -116.90030155214806  -65.94546451737186  -114.50536311459355  -135.89761559830998  -68.16326703374578  -34.89371308392319  -26.046607835691177  0.0  -108.53127923254145  -25.706431576186304  -69.00701269425592  -46.20517129439344  -152.2254493775966  -6.180800598205117  -53.433667051092755  27.554116801910872  -19.465810622112528  19.740348999619016  -125.30418946423082  -12.147543888897033  -4.406135780158415  -115.05002251319532  -22.649307673208497  -21.204219049645815  -16.288410136799115  -113.46450861951668  -335.11350795163014  6.119377301745544  -61.91748443710033  9.68382165784601  -176.84448292062052  -62.71452807219531  -37.80899701177212  -42.10829760992745  -4.887172879110274  -55.11337059160901  -0.9230188809756541  -26.18931969711035  -54.40376172912191  -118.67279201680002  -28.649780358580017  -107.44869091671463  -15.369351267471359  -18.095659776066896  -55.74770341604557  -43.58221568394484  20.698151443135764  0.08581313443871608  -45.67842087329059  -22.989672349056065  -314.37676850801824  -42.10829760992745  -13.728915761854154  -164.41254174232012  -10.696119286261606  -13.925589776080962  -28.34943173663804  -16.81162798727601  -313.05172756051627  -178.7681413140504  4.41077416909517  -83.27720307154912  -52.801378723868964  
86.57611354939444  93.19964810500927  -45.82736013168082  -210.78441617097167  75.30244661965062  62.10298343836972  21.153164572758243  -168.65356749847365  110.0436553433521  -37.865994501914  -29.991439141330034  3.9908408671129223  46.88657306902323  -8.369022319606614  42.58581471516959  -5.974083882052099  -27.366336365768518  40.36801219879567  73.63756614861826  82.48467139685027  108.53127923254145  0.0  82.82484765635515  39.52426653828553  62.32610793814801  -43.694170145055125  102.35047863433633  55.097612181448696  136.08539603445232  89.06546861042892  128.27162823216048  -16.772910231689366  96.38373534364442  104.12514345238304  -6.518743280653865  85.88197155933295  87.32706018289564  92.24286909574234  -4.933229386975228  -226.58222871908868  114.650656534287  46.61379479544112  118.21510089038746  -68.31320368807908  45.81675116034614  70.72228222076933  66.422981622614  103.64410635343117  53.41790864093244  107.6082603515658  82.3419595354311  54.12751750341954  -10.141512784258566  79.88149887396143  1.0825883158268255  93.16192796507009  90.43561945647456  52.78357581649588  64.94906354859661  129.2294306756772  108.61709236698016  62.85285835925086  85.54160688348539  -205.84548927547678  66.422981622614  94.8023634706873  -55.88126250977865  97.83515994627984  94.60568945646048  80.18184749590341  91.71965124526544  -204.5204483279748  -70.23686208150897  112.94205340163663  25.254076160992327  55.729900508672486  
3.751265893039289  10.374800448654128  -128.65220778803598  -293.6092638273268  -7.522401036704522  -20.721864217985427  -61.6716830835969  -251.47841515482878  27.21880768699696  -120.69084215826915  -112.81628679768518  -78.83400678924222  -35.93827458733192  -91.19386997596176  -40.239032941185556  -88.79893153840725  -110.19118402212366  -42.45683545755948  -9.187281507736884  -0.3401762595048723  25.706431576186304  -82.82484765635515  0.0  -43.300581118069616  -20.498739718207133  -126.51901780141027  19.525630977981187  -27.72723547490645  53.26054837809718  6.240620954073776  45.44678057580532  -99.59775788804451  13.558887687289271  21.30029579602789  -89.34359093700901  3.057123902977807  4.5022125265404895  9.41802143938719  -87.75807704333037  -309.4070763754438  31.82580887793185  -36.21105286091402  35.390253234032315  -151.13805134443425  -37.008096496009  -12.102565435585817  -16.401866033741143  20.81925869707603  -29.406939015422708  24.78341269521065  -0.482888120924045  -28.697330152935606  -92.96636044061371  -2.943348782393713  -81.74225934052832  10.337080308714945  7.610771800119409  -30.041271839859263  -17.875784107758534  46.40458301932207  25.79224471062502  -19.971989297104287  2.7167592271302397  -288.6703369318319  -16.401866033741143  11.97751581433215  -138.70611016613378  15.010312289924698  11.780841800105343  -2.6430001604517344  8.894803588910293  -287.34529598432994  -153.06170973786413  30.117205745281474  -57.57077149536282  -27.09494714768266  
47.051847011108904  53.67538156672374  -85.35162666996635  -250.3086827092572  35.77818008136509  22.57871690008419  -18.371101965527288  -208.17783403675918  70.51938880506657  -77.39026104019953  -69.51570567961556  -35.53342567117261  7.362306530737698  -47.893288857892145  3.0615481768840596  -45.49835042033763  -66.89060290405405  0.8437456605101374  34.11329961033273  42.96040485856474  69.00701269425592  -39.52426653828553  43.300581118069616  0.0  22.801841399862482  -83.21843668334066  62.8262120960508  15.573345643163165  96.56112949616679  49.54120207214339  88.74736169387494  -56.2971767699749  56.85946880535889  64.60087691409751  -46.043009818939396  46.35770502104742  47.802793644610105  52.718602557456805  -44.45749592526076  -266.1064952573742  75.12638999600146  7.089528257155592  78.69083435210193  -107.83747022636462  6.292484622060613  31.1980156824838  26.898715084328472  64.11983981514564  13.893642102646908  68.08399381328027  42.81769299714557  14.60325096513401  -49.6657793225441  40.3572323356759  -38.441678222458705  53.63766142678456  50.911352918189024  13.259309278210353  25.42479701031108  89.70516413739168  69.09282582869463  23.32859182096533  46.017340345199855  -245.3697558137623  26.898715084328472  55.278096932401766  -95.40552904806418  58.310893407994314  55.08142291817496  40.65758095761788  52.19538470697991  -244.04471486626034  -109.7611286197945  73.4177868633511  -14.270190377293204  16.205633970386955  
24.250005611246422  30.87354016686126  -108.15346806982883  -273.1105241091197  12.976338681502611  -0.22312449977829374  -41.17294336538977  -230.97967543662168  47.717547405204094  -100.19210244006202  -92.31754707947805  -58.33526707103509  -15.439534869124785  -70.69513025775463  -19.740293222978423  -68.30019182020011  -89.69244430391653  -21.958095739352345  11.31145821047025  20.15856345870226  46.20517129439344  -62.32610793814801  20.498739718207133  -22.801841399862482  0.0  -106.02027808320314  40.02437069618832  -7.228495756699317  73.75928809630432  26.73936067228091  65.94552029401245  -79.09901816983738  34.057627405496405  41.79903551423502  -68.84485121880188  23.55586362118494  25.000952244747623  29.916761157594323  -67.25933732512324  -288.9083366572367  52.32454859613898  -15.71231314270689  55.88899295223945  -130.63931162622708  -16.50935677780187  8.396174282621317  4.09687368446599  41.317998415283164  -8.908199297215575  45.28215241341778  20.01585159728309  -8.198590434728473  -72.46762072240658  17.55539093581342  -61.24351962232119  30.83582002692208  28.109511518326542  -9.54253212165213  2.6229556104485994  66.90332273752921  46.290984428832154  0.5267504211028466  23.215498945337373  -268.1715972136248  4.09687368446599  32.476255532539284  -118.20737044792666  35.50905200813183  32.279581518312476  17.8557395577554  29.393543307117426  -266.84655626612283  -132.56297001965697  50.61594546348861  -37.072031777155686  -6.596207429475527  
