Height_Data

node	height
0	384.7009084486007
1	354.40099491200493
2	307.44244396061197
3	224.66848542483834
4	237.81094738713833
5	245.6298365297622
6	90.70541820241885
7	379.5589690196992
8	318.63258826618636
9	82.06909025976118
10	38.34783105121499
11	126.1975957382116
12	289.18602680894867
13	253.61898262687671
14	327.01172671328067
15	114.2298143761437
16	222.4876160492132
17	250.2268607674281
18	403.46792988620865
19	485.35503094854846
20	297.96226332471656
21	280.9500628211538
22	349.8095651566674
23	264.9539284314451
24	222.20755387918396
25	317.17817063367835
26	31.819112139054763
27	386.7640443426495
28	318.5124344152282
29	82.71030131568024
30	234.46385235332227
31	379.49735819495316
32	189.55472762455992
33	90.7824538188908
34	176.50610906112541
35	131.91042434980537
36	272.1229522773587
37	87.71771586520207
38	167.02687207956856
39	480.0901949169458
40	196.43399203204905
41	344.95964507000843
42	115.15739021477535
43	21.628342098788753
44	409.5471278407552
45	189.96769332553637
46	233.11908142989185
47	463.2409624351307
48	206.96416652157455
49	259.77102160165174
50	319.47381712332503
51	151.90435774887806
52	248.67222908437844
53	168.03016102771537
54	144.3795287684886
55	199.31208902798306
56	409.33760075383265
57	160.3504730844778
58	307.5035387452289
59	201.02538401630827
60	138.0222888411486
61	118.94613155774879
62	52.785485293877805
63	151.56140095064285
64	192.91238749562046
65	218.81574536916906
66	173.7084275176555
67	272.6307396583649
68	310.66295776563874
69	160.11315242609874
70	242.2049799972111
71	379.18203290224767
72	360.7757184670256
73	129.88131669300856
74	230.674324331644
75	187.36035619024148



height_matrix
0.0  30.299913536595795  77.25846448798876  160.0324230237624  146.8899610614624  139.07107191883853  293.9954902461819  5.141939428901537  66.06832018241437  302.63181818883953  346.35307739738573  258.50331271038914  95.51488163965206  131.081925821724  57.68918173532006  270.47109407245705  162.21329239938754  134.47404768117264  -18.767021437607923  -100.65412249994773  86.73864512388417  103.75084562744695  34.89134329193331  119.74698001715564  162.49335456941677  67.52273781492238  352.88179630954596  -2.0631358940487985  66.18847403337253  301.9906071329205  150.23705609527846  5.203550253647563  195.1461808240408  293.9184546297099  208.1947993874753  252.79048409879536  112.57795617124202  296.98319258339865  217.67403636903217  -95.38928646834506  188.26691641655168  39.74126337859229  269.54351823382535  363.07256634981195  -24.846219392154467  194.73321512306435  151.58182701870888  -78.54005398652998  177.73674192702617  124.92988684694899  65.2270913252757  232.79655069972267  136.02867936422228  216.67074742088536  240.32137968011213  185.38881942061766  -24.636692305231918  224.35043536412292  77.1973697033718  183.67552443229246  246.67861960745213  265.75477689085193  331.91542315472293  233.13950749795788  191.78852095298026  165.88516307943166  210.99248093094522  112.07016879023581  74.03795068296199  224.587756022502  142.49592845138963  5.518875546353058  23.9251899815751  254.81959175559217  154.02658411695674  197.34055225835925  
-30.299913536595795  0.0  46.958550951392965  129.7325094871666  116.5900475248666  108.77115838224273  263.6955767095861  -25.15797410769426  35.76840664581857  272.33190465224374  316.05316386078994  228.20339917379334  65.21496810305626  100.78201228512822  27.389268198724267  240.17118053586125  131.91337886279175  104.17413414457684  -49.06693497420372  -130.95403603654353  56.43873158728837  73.45093209085115  4.591429755337515  89.44706648055984  132.19344103282097  37.222824278326584  322.58188277295017  -32.363049430644594  35.88856049677673  271.6906935963247  119.93714255868267  -25.096363282948232  164.84626728744502  263.6185410931141  177.89488585087952  222.49057056219957  82.27804263464623  266.68327904680285  187.37412283243637  -125.68920000494086  157.96700287995588  9.441349841996498  239.24360469722959  332.77265281321615  -55.14613292875026  164.43330158646856  121.28191348211308  -108.83996752312578  147.43682839043038  94.6299733103532  34.9271777886799  202.49663716312688  105.72876582762649  186.37083388428957  210.02146614351634  155.08890588402187  -54.93660584182771  194.05052182752712  46.89745616677601  153.37561089569667  216.37870607085634  235.45486335425613  301.61550961812713  202.83959396136208  161.48860741638447  135.58524954283587  180.69256739434942  81.77025525364002  43.738037146366196  194.2878424859062  112.19601491479384  -24.781037990242737  -6.374723555020694  224.51967821899638  123.72667058036095  167.04063872176346  
-77.25846448798876  -46.958550951392965  0.0  82.77395853577363  69.63149657347364  61.812607430849766  216.7370257581931  -72.11652505908722  -11.190144305574393  225.37335370085077  269.094612909397  181.24484822240038  18.2564171516633  53.82346133373525  -19.5692827526687  193.2126295844683  84.95482791139878  57.215583193183875  -96.02548592559668  -177.9125869879365  9.480180635895408  26.49238113945819  -42.36712119605545  42.488515529166875  85.234890081428  -9.735726673066381  275.6233318215572  -79.32160038203756  -11.069990454616232  224.73214264493174  72.9785916072897  -72.0549142343412  117.88771633605205  216.65999014172115  130.93633489948655  175.5320196108066  35.31949168325326  219.7247280954099  140.4155718810434  -172.64775095633382  111.00845192856292  -37.51720110939647  192.28505374583662  285.8141018618232  -102.10468388014323  117.4747506350756  74.32336253072012  -155.79851847451874  100.47827743903741  47.67142235896023  -12.031373162713066  155.5380862117339  58.770214876233524  139.4122829328966  163.06291519212337  108.1303549326289  -101.89515679322068  147.09197087613416  -0.06109478461695517  106.4170599443037  169.42015511946337  188.49631240286317  254.65695866673417  155.88104300996912  114.5300564649915  88.6266985914429  133.73401644295646  34.81170430224705  -3.220513805026769  147.32929153451323  65.23746396340087  -71.7395889416357  -53.33327450641366  177.5611272676034  76.76811962896798  120.08208777037049  
-160.0324230237624  -129.7325094871666  -82.77395853577363  0.0  -13.14246196229999  -20.961351104923864  133.96306722241948  -154.89048359486085  -93.96410284134802  142.59939516507717  186.32065437362334  98.47088968662673  -64.51754138411033  -28.950497202038378  -102.34324128844233  110.43867104869464  2.18086937562515  -25.558375342589756  -178.7994444613703  -260.68654552371015  -73.29377789987822  -56.28157739631544  -125.14107973182908  -40.285443006606755  2.4609315456543754  -92.50968520884001  192.84937328578357  -162.0955589178112  -93.84394899038986  141.95818410915808  -9.79536692848393  -154.82887277011483  35.11375780027842  133.88603160594755  48.16237636371292  92.75806107503297  -47.45446685252037  136.95076955963629  57.641613345269775  -255.42170949210745  28.23449339278929  -120.2911596451701  109.51109521006299  203.0401433260496  -184.87864241591686  34.700792099301964  -8.450596005053512  -238.57247701029237  17.704318903263783  -35.1025361768134  -94.8053316984867  72.76412767596028  -24.003743659540106  56.63832439712297  80.28895665634974  25.356396396855274  -184.6691153289943  64.31801234036053  -82.83505332039059  23.64310140853007  86.64619658368974  105.72235386708955  171.88300013096054  73.10708447419549  31.756097929217873  5.852740055669273  50.96005790718283  -47.96225423352658  -85.9944723408004  64.5553329987396  -17.53649457237276  -154.51354747740933  -136.1072330421873  94.78716873182978  -6.00583890680565  37.30812923459686  
-146.8899610614624  -116.5900475248666  -69.63149657347364  13.14246196229999  0.0  -7.818889142623874  147.10552918471947  -141.74802163256086  -80.82164087904803  155.74185712737716  199.46311633592333  111.61335164892672  -51.37507942181034  -15.808035239738388  -89.20077932614234  123.58113301099463  15.32333133792514  -12.415913380289766  -165.65698249907032  -247.54408356141013  -60.15131593757823  -43.13911543401545  -111.99861776952909  -27.142981044306765  15.603393507954365  -79.36722324654002  205.99183524808356  -148.9530969555112  -80.70148702808987  155.10064607145807  3.3470950338160605  -141.68641080781484  48.25621976257841  147.02849356824754  61.30483832601291  105.90052303733296  -34.31200489022038  150.09323152193627  70.78407530756976  -242.27924752980746  41.37695535508928  -107.14869768287011  122.65355717236298  216.18260528834958  -171.73618045361687  47.843254061601954  4.691865957246478  -225.43001504799238  30.846780865563773  -21.960074214513412  -81.6628697361867  85.90658963826027  -10.861281697240116  69.78078635942296  93.43141861864973  38.498858359155264  -171.52665336669432  77.46047430266051  -69.6925913580906  36.78556337083006  99.78865854598973  118.86481582938954  185.02546209326053  86.24954643649548  44.89855989151786  18.995202017969262  64.10251986948282  -34.81979227122659  -72.85201037850041  77.69779496103959  -4.39403261007277  -141.37108551510934  -122.9647710798873  107.92963069412977  7.13662305549434  50.45059119689685  
-139.07107191883853  -108.77115838224273  -61.812607430849766  20.961351104923864  7.818889142623874  0.0  154.92441832734335  -133.929132489937  -73.00275173642416  163.560746270001  207.2820054785472  119.4322407915506  -43.55619027918647  -7.989146097114514  -81.38189018351846  131.40002215361852  23.142220480549014  -4.597024237665892  -157.83809335644645  -239.72519441878626  -52.33242679495436  -35.32022629139158  -104.17972862690522  -19.32409190168289  23.42228265057824  -71.54833410391615  213.81072439070743  -141.13420781288733  -72.882597885466  162.91953521408198  11.165984176439935  -133.86752166519096  56.075108905202285  154.8473827108714  69.12372746863679  113.71941217995683  -26.493115747596505  157.91212066456012  78.60296445019364  -234.4603583871836  49.19584449771315  -99.32980854024623  130.47244631498685  224.00149443097345  -163.917291310993  55.66214320422583  12.510755099870352  -217.6111259053685  38.66567000818765  -14.141185071889538  -73.84398059356283  93.72547878088415  -3.0423925546162423  77.59967550204684  101.2503077612736  46.31774750177914  -163.70776422407044  85.27936344528439  -61.87370221546672  44.604452513453936  107.60754768861361  126.68370497201342  192.8443512358844  94.06843557911935  52.71744903414174  26.814091160593136  71.9214090121067  -27.000903128602715  -65.03312123587654  85.51668410366347  3.424856532551104  -133.55219637248547  -115.14588193726343  115.74851983675364  14.955512198118214  58.269480339520726  
-293.9954902461819  -263.6955767095861  -216.7370257581931  -133.96306722241948  -147.10552918471947  -154.92441832734335  0.0  -288.85355081728034  -227.9271700637675  8.636327942657672  52.357587151203866  -35.49217753579275  -198.4806086065298  -162.91356442445786  -236.3063085108618  -23.52439617372484  -131.78219784679433  -159.52144256500924  -312.7625116837898  -394.6496127461296  -207.2568451222977  -190.24464461873492  -259.10414695424856  -174.24851022902624  -131.5021356767651  -226.4727524312595  58.88630606336409  -296.0586261402307  -227.80701621280934  7.995116886738614  -143.7584341509034  -288.7919399925343  -98.84930942214106  -0.0770356164719459  -85.80069085870656  -41.20500614738651  -181.41753407493985  2.9877023372167884  -76.32145387714971  -389.38477671452694  -105.7285738296302  -254.25422686758958  -24.451972012356492  69.0770761036301  -318.84170963833634  -99.26227512311752  -142.413663227473  -372.53554423271186  -116.2587483191557  -169.06560339923288  -228.76839892090618  -61.1989395464592  -157.9668108819596  -77.32474282529651  -53.67411056606974  -108.60667082556421  -318.6321825514138  -69.64505488205896  -216.79812054281007  -110.31996581388941  -47.31687063872974  -28.24071335532993  37.91993290854105  -60.855982748223994  -102.20696929320161  -128.1103271667502  -83.00300931523665  -181.92532145594606  -219.95753956321988  -69.40773422367988  -151.49956179479224  -288.4766146998288  -270.0703002646068  -39.1758984905897  -139.96890612922513  -96.65493798782262  
-5.141939428901537  25.15797410769426  72.11652505908722  154.89048359486085  141.74802163256086  133.929132489937  288.85355081728034  0.0  60.92638075351283  297.489878759938  341.2111379684842  253.3613732814876  90.37294221075052  125.93998639282248  52.547242306418525  265.3291546435555  157.071352970486  129.3321082522711  -23.90896086650946  -105.79606192884927  81.59670569498263  98.60890619854541  29.749403863031773  114.6050405882541  157.35141514051523  62.38079838602084  347.7398568806444  -7.205075322950336  61.04653460447099  296.84866770401896  145.09511666637692  0.06161082474602608  190.00424139513927  288.7765152008084  203.05285995857378  247.64854466989382  107.43601674234048  291.8412531544971  212.53209694013063  -100.5312258972466  183.12497698765014  34.599323949690756  264.4015788049238  357.9306269209104  -29.988158821056004  189.59127569416282  146.43988758980734  -83.68199341543152  172.59480249812464  119.78794741804745  60.08515189637416  227.65461127082114  130.88673993532075  211.52880799198383  235.1794402512106  180.24687999171613  -29.778631734133455  219.20849593522138  72.05543027447027  178.53358500339093  241.5366801785506  260.6128374619504  326.7734837258214  227.99756806905634  186.64658152407873  160.74322365053013  205.85054150204368  106.92822936133427  68.89601125406045  219.44581659360045  137.3539890224881  0.3769361174515211  18.783250552673564  249.67765232669063  148.8846446880552  192.19861282945772  
-66.06832018241437  -35.76840664581857  11.190144305574393  93.96410284134802  80.82164087904803  73.00275173642416  227.9271700637675  -60.92638075351283  0.0  236.56349800642516  280.28475721497136  192.43499252797477  29.446561457237692  65.01360563930965  -8.379138447094306  204.40277389004268  96.14497221697317  68.40572749875827  -84.83534162002229  -166.7224426823621  20.6703249414698  37.68252544503258  -31.176976890481058  53.67865983474127  96.4250343870024  1.4544176325080116  286.8134761271316  -68.13145607646317  0.120153850958161  235.92228695050613  84.1687359128641  -60.864769928766805  129.07786064162644  227.85013444729555  142.12647920506095  186.722163916381  46.509635988827654  230.91487240098428  151.6057161866178  -161.45760665075943  122.19859623413731  -26.327056803822074  203.475198051411  297.0042461673976  -90.91453957456883  128.66489494065  85.51350683629451  -144.60837416894435  111.6684217446118  58.86156666453462  -0.8412288571386739  166.7282305173083  69.96035918180792  150.602427238471  174.25305949769776  119.3204992382033  -90.70501248764629  158.28211518170855  11.129049520957437  117.6072042498781  180.61029942503777  199.68645670843756  265.84710297230856  167.0711873155435  125.7202007705659  99.8168428970173  144.92416074853085  46.001848607821444  7.969630500547623  158.51943584008762  76.42760826897526  -60.54944463606131  -42.143130200839266  188.7512715731778  87.95826393454237  131.27223207594488  
-302.63181818883953  -272.33190465224374  -225.37335370085077  -142.59939516507717  -155.74185712737716  -163.560746270001  -8.636327942657672  -297.489878759938  -236.56349800642516  0.0  43.72125920854619  -44.12850547845042  -207.11693654918747  -171.54989236711555  -244.94263645351947  -32.16072411638251  -140.41852578945202  -168.1577705076669  -321.39883962644745  -403.28594068878726  -215.89317306495536  -198.88097256139258  -267.7404748969062  -182.8848381716839  -140.1384636194228  -235.10908037391715  50.249978120706416  -304.69495408288833  -236.443344155467  -0.641211055919058  -152.3947620935611  -297.42826793519197  -107.48563736479873  -8.713363559129618  -94.43701880136423  -49.841334090044185  -190.0538620175975  -5.648625605440884  -84.95778181980738  -398.0211046571846  -114.36490177228787  -262.89055481024724  -33.088299955014165  60.44074816097243  -327.478037580994  -107.89860306577519  -151.04999117013068  -381.1718721753695  -124.89507626181337  -177.70193134189054  -237.40472686356384  -69.83526748911687  -166.60313882461725  -85.96107076795418  -62.310438508727415  -117.24299876822188  -327.26851049407145  -78.28138282471663  -225.43444848546773  -118.95629375654708  -55.95319858138741  -36.8770412979876  29.283604965883377  -69.49231069088167  -110.84329723585928  -136.74665510940787  -91.63933725789433  -190.56164939860372  -228.59386750587754  -78.04406216633755  -160.13588973744993  -297.1129426424865  -278.70662820726443  -47.812226433247375  -148.60523407188282  -105.2912659304803  
-346.35307739738573  -316.05316386078994  -269.094612909397  -186.32065437362334  -199.46311633592333  -207.2820054785472  -52.357587151203866  -341.2111379684842  -280.28475721497136  -43.72125920854619  0.0  -87.84976468699662  -250.83819575773367  -215.27115157566172  -288.66389566206567  -75.88198332492871  -184.1397849979982  -211.8790297162131  -365.12009883499366  -447.00719989733346  -259.61443227350156  -242.60223176993878  -311.4617341054524  -226.6060973802301  -183.85972282796897  -278.83033958246335  6.528718912160226  -348.41621329143453  -280.1646033640132  -44.36247026446525  -196.11602130210727  -341.14952714373817  -151.20689657334492  -52.43462276767581  -138.15827800991042  -93.56259329859037  -233.7751212261437  -49.36988481398708  -128.67904102835357  -441.7423638657308  -158.08616098083405  -306.61181401879344  -76.80955916356035  16.719488952426236  -371.1992967895402  -151.61986227432138  -194.77125037867685  -424.8931313839157  -168.61633547035956  -221.42319055043674  -281.12598607211004  -113.55652669766306  -210.32439803316345  -129.68232997650037  -106.0316977172736  -160.96425797676807  -370.98976970261765  -122.00264203326282  -269.1557076940139  -162.67755296509327  -99.6744577899336  -80.5983005065338  -14.437654242662816  -113.21356989942785  -154.56455644440547  -180.46791431795407  -135.3605964664405  -234.28290860714992  -272.31512671442374  -121.76532137488374  -203.8571489459961  -340.8342018510327  -322.42788741581063  -91.53348564179356  -192.326493280429  -149.01252513902648  
-258.50331271038914  -228.20339917379334  -181.24484822240038  -98.47088968662673  -111.61335164892672  -119.4322407915506  35.49217753579275  -253.3613732814876  -192.43499252797477  44.12850547845042  87.84976468699662  0.0  -162.98843107073708  -127.42138688866511  -200.81413097506908  11.96778136206791  -96.29002031100158  -124.02926502921649  -277.27033414799706  -359.15743521033687  -171.76466758650497  -154.7524670829422  -223.61196941845583  -138.7563326932335  -96.00995814097236  -190.98057489546676  94.37848359915684  -260.56644860443794  -192.3148386770166  43.48729442253136  -108.26625661511066  -253.29976245674158  -63.35713188634831  35.4151419193208  -50.30851332291381  -5.712828611593764  -145.92535653914712  38.47987987300954  -40.82927634135696  -353.8925991787342  -70.23639629383744  -218.76204933179685  11.040205523436256  104.56925363942285  -283.3495321025436  -63.77009758732477  -106.92148569168025  -337.0433666969191  -80.76657078336295  -133.57342586344015  -193.27622138511344  -25.706762010666452  -122.47463334616684  -41.83256528950376  -18.181933030276994  -73.11449328977146  -283.14000501562106  -34.15287734626621  -181.30594300701733  -74.82778827809666  -11.82469310293699  7.251464180462818  73.41211044433379  -25.363805212431245  -66.71479175740886  -92.61814963095746  -47.510831779443905  -146.43314392015333  -184.46536202742715  -33.91555668788713  -116.0073842589995  -252.98443716403608  -234.57812272881404  -3.6837209547969536  -104.47672859343238  -61.16276045202987  
-95.51488163965206  -65.21496810305626  -18.2564171516633  64.51754138411033  51.37507942181034  43.55619027918647  198.4806086065298  -90.37294221075052  -29.446561457237692  207.11693654918747  250.83819575773367  162.98843107073708  0.0  35.56704418207195  -37.825699904332  174.956212432805  66.69841075973548  38.959166041520575  -114.28190307725998  -196.1690041395998  -8.776236515767891  8.23596398779489  -60.62353834771875  24.232098377503576  66.9784729297647  -27.99214382472968  257.3669146698939  -97.57801753370086  -29.32640760627953  206.47572549326844  54.7221744556264  -90.3113313860045  99.63129918438875  198.40357299005785  112.67991774782325  157.2756024591433  17.06307453158996  201.4683109437466  122.1591547293801  -190.90416810799712  92.75203477689962  -55.77361826105977  174.02863659417332  267.5576847101599  -120.36110103180653  99.2183334834123  56.06694537905682  -174.05493562618204  82.22186028737411  29.41500520729693  -30.287790314376366  137.2816690600706  40.513797724570225  121.1558657812333  144.80649804046007  89.8739377809656  -120.15157394488398  128.83555372447086  -18.317511936280255  88.1606427926404  151.16373796780007  170.23989525119987  236.40054151507087  137.62462585830582  96.2736393133282  70.3702814397796  115.47759929129316  16.55528715058375  -21.47693095669007  129.07287438284993  46.98104681173757  -89.996006093299  -71.58969165807696  159.3047101159401  58.51170247730468  101.82567061870719  
-131.081925821724  -100.78201228512822  -53.82346133373525  28.950497202038378  15.808035239738388  7.989146097114514  162.91356442445786  -125.93998639282248  -65.01360563930965  171.54989236711555  215.27115157566172  127.42138688866511  -35.56704418207195  0.0  -73.39274408640395  139.389168250733  31.131366577663528  3.392121859448622  -149.84894725933194  -231.73604832167175  -44.343280697839845  -27.331080194277064  -96.1905825297907  -11.334945804568378  31.411428747692753  -63.559188006801634  221.79987048782195  -133.1450617157728  -64.89345178835148  170.90868131119646  19.155130273554448  -125.87837556807645  64.0642550023168  162.83652880798593  77.1128735657513  121.70855827707135  -18.50396965048199  165.90126676167466  86.59211054730815  -226.47121229006908  57.18499059482767  -91.34066244313172  138.46159241210137  231.99064052808797  -155.92814521387848  63.65128930134034  20.499901196984865  -209.621979808254  46.65481610530216  -6.152038974775024  -65.85483449644832  101.71462487799866  4.946753542498271  85.58882159916135  109.23945385838812  54.30689359889365  -155.71861812695593  93.2685095423989  -53.88455611835221  52.59359861056845  115.59669378572812  134.67285106912794  200.83349733299892  102.05758167623387  60.70659513125625  34.80323725770765  79.9105551092212  -19.0117570314882  -57.04397513876202  93.50583020077798  11.414002629665617  -125.56305027537095  -107.15673584014891  123.73766593386816  22.944658295232728  66.25862643663524  
-57.68918173532006  -27.389268198724267  19.5692827526687  102.34324128844233  89.20077932614234  81.38189018351846  236.3063085108618  -52.547242306418525  8.379138447094306  244.94263645351947  288.66389566206567  200.81413097506908  37.825699904332  73.39274408640395  0.0  212.781912337137  104.52411066406748  76.78486594585257  -76.45620317292799  -158.3433042352678  29.049463388564106  46.06166389212689  -22.797838443386752  62.057798281835574  104.8041728340967  9.833556079602317  295.1926145742259  -59.75231762936886  8.499292298052467  244.30142539760044  92.5478743599584  -52.4856314816725  137.45699908872075  236.22927289438985  150.50561765215525  195.1013023634753  54.88877443592196  239.29401084807859  159.9848546337121  -153.07846820366512  130.57773468123162  -17.94791835672777  211.85433649850532  305.3833846144919  -82.53540112747453  137.0440333877443  93.89264528338882  -136.22923572185005  120.04756019170611  67.24070511162893  7.537909589955632  175.1073689644026  78.33949762890222  158.9815656855653  182.63219794479207  127.6996376852976  -82.32587404055198  166.66125362880285  19.508187968051743  125.9863426969724  188.98943787213207  208.06559515553187  274.22624141940287  175.45032576263782  134.0993392176602  108.1959813441116  153.30329919562516  54.38098705491575  16.34876894764193  166.89857428718193  84.80674671606957  -52.170306188967004  -33.76399175374496  197.1304100202721  96.33740238163668  139.6513705230392  
-270.47109407245705  -240.17118053586125  -193.2126295844683  -110.43867104869464  -123.58113301099463  -131.40002215361852  23.52439617372484  -265.3291546435555  -204.40277389004268  32.16072411638251  75.88198332492871  -11.96778136206791  -174.956212432805  -139.389168250733  -212.781912337137  0.0  -108.2578016730695  -135.9970463912844  -289.238115510065  -371.1252165724048  -183.73244894857288  -166.7202484450101  -235.57975078052374  -150.7241140553014  -107.97773950304027  -202.94835625753467  82.41070223708893  -272.53422996650585  -204.28262003908452  31.519513060463453  -120.23403797717857  -265.2675438188095  -75.32491324841622  23.447360557252892  -62.27629468498172  -17.680609973661674  -157.89313790121503  26.512098510941627  -52.79705770342487  -365.8603805408021  -82.20417765590535  -230.72983069386476  -0.9275758386316539  92.60147227735494  -295.3173134646115  -75.73787894939268  -118.88926705374816  -349.01114805898703  -92.73435214543086  -145.54120722550806  -205.24400274718136  -37.67454337273436  -134.44241470823476  -53.80034665157167  -30.149714392344904  -85.08227465183937  -295.10778637768897  -46.12065870833412  -193.27372436908524  -86.79556964016457  -23.7924744650049  -4.716317181605092  61.44432908226589  -37.331586574499156  -78.68257311947677  -104.58593099302537  -59.478613141511815  -158.40092528222124  -196.43314338949506  -45.88333804995504  -127.9751656210674  -264.952218526104  -246.54590409088195  -15.651502316864864  -116.4445099555003  -73.13054181409778  
-162.21329239938754  -131.91337886279175  -84.95482791139878  -2.18086937562515  -15.32333133792514  -23.142220480549014  131.78219784679433  -157.071352970486  -96.14497221697317  140.41852578945202  184.1397849979982  96.29002031100158  -66.69841075973548  -31.131366577663528  -104.52411066406748  108.2578016730695  0.0  -27.739244718214906  -180.98031383699546  -262.86741489933524  -75.47464727550337  -58.46244677194059  -127.32194910745423  -42.466312382231905  0.2800621700292254  -94.69055458446516  190.66850391015842  -164.27642829343634  -96.02481836601501  139.77731473353293  -11.97623630410908  -157.00974214573998  32.93288842465327  131.7051622303224  45.98150698808777  90.57719169940782  -49.63533622814552  134.76990018401114  55.460743969644625  -257.60257886773263  26.05362401716414  -122.47202902079525  107.33022583443784  200.85927395042444  -187.059511791542  32.519922723676814  -10.631465380678662  -240.75334638591752  15.523449527638633  -37.28340555243855  -96.98620107411185  70.58325830033513  -26.184613035165256  54.45745502149782  78.10808728072459  23.175527021230124  -186.84998470461946  62.137142964735375  -85.01592269601574  21.46223203290492  84.4653272080646  103.5414844914644  169.7021307553354  70.92621509857034  29.575228553592723  3.6718706800441225  48.77918853155768  -50.14312360915173  -88.17534171642555  62.37446362311445  -19.71736394799791  -156.69441685303448  -138.28810241781244  92.60629935620463  -8.1867082824308  35.12725985897171  
-134.47404768117264  -104.17413414457684  -57.215583193183875  25.558375342589756  12.415913380289766  4.597024237665892  159.52144256500924  -129.3321082522711  -68.40572749875827  168.1577705076669  211.8790297162131  124.02926502921649  -38.959166041520575  -3.392121859448622  -76.78486594585257  135.9970463912844  27.739244718214906  0.0  -153.24106911878056  -235.12817018112037  -47.73540255728847  -30.723202053725686  -99.58270438923932  -14.727067664017  28.01930688824413  -66.95130986625026  218.40774862837333  -136.53718357522143  -68.2855736478001  167.51655945174787  15.763008414105826  -129.27049742752507  60.67213314286818  159.44440694853728  73.72075170630268  118.31643641762273  -21.896091509930613  162.509144902226  83.19998868785953  -229.8633341495177  53.792868735379045  -94.73278430258034  135.06947055265275  228.59851866863934  -159.3202670733271  60.25916744189172  17.107779337536243  -213.01410166770262  43.26269424585354  -9.544160834223646  -69.24695635589694  98.32250301855004  1.5546316830496494  82.19669973971273  105.8473319989395  50.91477173944503  -159.11073998640455  89.87638768295028  -57.27667797780083  49.20147675111983  112.2045719262795  131.2807292096793  197.4413754735503  98.66545981678524  57.31447327180763  31.411115398259028  76.51843324977258  -22.403878890936824  -60.436096998210644  90.11370834132936  8.021880770216995  -128.95517213481958  -110.54885769959753  120.34554407441954  19.552536435784106  62.86650457718662  
18.767021437607923  49.06693497420372  96.02548592559668  178.7994444613703  165.65698249907032  157.83809335644645  312.7625116837898  23.90896086650946  84.83534162002229  321.39883962644745  365.12009883499366  277.27033414799706  114.28190307725998  149.84894725933194  76.45620317292799  289.238115510065  180.98031383699546  153.24106911878056  0.0  -81.88710106233981  105.50566656149209  122.51786706505487  53.65836472954123  138.51400145476356  181.2603760070247  86.2897592525303  371.6488177471539  16.703885543559124  84.95549547098045  320.7576285705284  169.00407753288638  23.970571691255486  213.91320226164873  312.68547606731784  226.96182082508324  271.55750553640326  131.34497760884994  315.75021402100657  236.4410578066401  -76.62226503073714  207.0339378541596  58.50828481620022  288.3105396714333  381.8395877874199  -6.079197954546544  213.50023656067228  170.3488484563168  -59.77303254892206  196.5037633646341  143.6969082845569  83.99411276288362  251.5635721373306  154.7957008018302  235.43776885849329  259.0884011177201  204.1558408582256  -5.869670867623995  243.11745680173084  95.96439114097973  202.44254586990039  265.44564104506003  284.52179832845985  350.68244459233085  251.9065289355658  210.5555423905882  184.6521845170396  229.75950236855314  130.83719022784373  92.80497212056991  243.35477746010991  161.26294988899755  24.28589698396098  42.692211419183025  273.5866131932001  172.79360555456466  216.10757369596718  
100.65412249994773  130.95403603654353  177.9125869879365  260.68654552371015  247.54408356141013  239.72519441878626  394.6496127461296  105.79606192884927  166.7224426823621  403.28594068878726  447.00719989733346  359.15743521033687  196.1690041395998  231.73604832167175  158.3433042352678  371.1252165724048  262.86741489933524  235.12817018112037  81.88710106233981  0.0  187.3927676238319  204.40496812739468  135.54546579188104  220.40110251710337  263.1474770693645  168.1768603148701  453.5359188094937  98.59098660589893  166.84259653332026  402.64472963286823  250.8911785952262  105.8576727535953  295.80030332398854  394.57257712965765  308.84892188742305  353.4446065987431  213.23207867118975  397.6373150833464  318.3281588689799  5.26483603160267  288.9210389164994  140.39538587854003  370.19764073377314  463.7266888497597  75.80790310779327  295.38733762301206  252.2359495186566  22.11406851341775  278.3908644269739  225.58400934689672  165.88121382522343  333.4506731996704  236.68280186417002  317.32486992083307  340.97550218005983  286.0429419205654  76.01743019471581  325.00455786407065  177.85149220331954  284.32964693224017  347.3327421073999  366.40889939079966  432.56954565467066  333.7936299979056  292.442643452928  266.5392855793794  311.6466034308929  212.72429129018354  174.69207318290972  325.2418785224497  243.15005095133736  106.17299804630079  124.57931248152283  355.4737142555399  254.68070661690447  297.994674758307  
-86.73864512388417  -56.43873158728837  -9.480180635895408  73.29377789987822  60.15131593757823  52.33242679495436  207.2568451222977  -81.59670569498263  -20.6703249414698  215.89317306495536  259.61443227350156  171.76466758650497  8.776236515767891  44.343280697839845  -29.049463388564106  183.73244894857288  75.47464727550337  47.73540255728847  -105.50566656149209  -187.3927676238319  0.0  17.01220050356278  -51.84730183195086  33.00833489327147  75.7547094455326  -19.21590730896179  266.1431511856618  -88.80178101793297  -20.55017109051164  215.25196200903633  63.49841097139429  -81.5350948702366  108.40753570015664  207.17980950582574  121.45615426359115  166.0518389749112  25.839311047357853  210.24454745951448  130.935391245148  -182.12793159222923  101.52827129266751  -46.997381745291875  182.8048731099412  276.3339212259278  -111.58486451603864  107.99456999918019  64.84318189482471  -165.27869911041415  90.998096803142  38.19124172306482  -21.511553798608475  146.0579055758385  49.290034240338116  129.9321022970012  153.58273455622796  98.6501742967335  -111.37533742911609  137.61179024023875  -9.541275420512363  96.9368793084083  159.93997448356797  179.01613176696776  245.17677803083876  146.4008623740737  105.0498758290961  79.1465179555475  124.25383580706105  25.331523666351643  -12.700694440922177  137.84911089861782  55.75728332750546  -81.21976957753111  -62.81345514230907  168.080946631708  67.28793899307257  110.60190713447508  
-103.75084562744695  -73.45093209085115  -26.49238113945819  56.28157739631544  43.13911543401545  35.32022629139158  190.24464461873492  -98.60890619854541  -37.68252544503258  198.88097256139258  242.60223176993878  154.7524670829422  -8.23596398779489  27.331080194277064  -46.06166389212689  166.7202484450101  58.46244677194059  30.723202053725686  -122.51786706505487  -204.40496812739468  -17.01220050356278  0.0  -68.85950233551364  15.996134389708686  58.74250894196982  -36.22810781252457  249.130950682099  -105.81398152149575  -37.56237159407442  198.23976150547355  46.48621046783151  -98.54729537379939  91.39533519659386  190.16760900226296  104.44395376002836  149.0396384713484  8.827110543795072  193.2323469559517  113.92319074158522  -199.140132095792  84.51607078910473  -64.00958224885466  165.79267260637843  259.321720722365  -128.59706501960142  90.9823694956174  47.83098139126193  -182.29089961397693  73.98589629957922  21.17904121950204  -38.523754302171255  129.04570507227572  32.277833736775335  112.91990179343841  136.57053405266518  81.63797379317072  -128.38753793267887  120.59958973667597  -26.553475924075144  79.92467880484551  142.92777398000518  162.00393126340498  228.16457752727598  129.38866187051093  88.03767532553331  62.134317451984714  107.24163530349827  8.319323162788862  -29.712894944484958  120.83691039505504  38.74508282394268  -98.23197008109389  -79.82565564587185  151.06874612814522  50.27573848950979  93.5897066309123  
-34.89134329193331  -4.591429755337515  42.36712119605545  125.14107973182908  111.99861776952909  104.17972862690522  259.10414695424856  -29.749403863031773  31.176976890481058  267.7404748969062  311.4617341054524  223.61196941845583  60.62353834771875  96.1905825297907  22.797838443386752  235.57975078052374  127.32194910745423  99.58270438923932  -53.65836472954123  -135.54546579188104  51.84730183195086  68.85950233551364  0.0  84.85563672522233  127.60201127748346  32.63139452298907  317.99045301761265  -36.95447918598211  31.29713074143922  267.0992638409872  115.34571280334515  -29.687793038285747  160.2548375321075  259.0271113377766  173.303456095542  217.89914080686205  77.68661287930871  262.09184929146534  182.78269307709886  -130.28062976027837  153.37557312461837  4.849920086658983  234.65217494189207  328.18122305787864  -59.73756268408778  159.84187183113104  116.69048372677557  -113.4313972784633  142.84539863509286  90.03854355501568  30.335748033342384  197.90520740778936  101.13733607228897  181.77940412895205  205.43003638817882  150.49747612868435  -59.52803559716523  189.4590920721896  42.306026411438495  148.78418114035915  211.78727631551882  230.86343359891862  297.0240798627896  198.24816420602457  156.89717766104695  130.99381978749835  176.1011376390119  77.1788254983025  39.14660739102868  189.69641273056868  107.60458515945632  -29.372467745580252  -10.966153310358209  219.92824846365886  119.13524082502343  162.44920896642594  
-119.74698001715564  -89.44706648055984  -42.488515529166875  40.285443006606755  27.142981044306765  19.32409190168289  174.24851022902624  -114.6050405882541  -53.67865983474127  182.8848381716839  226.6060973802301  138.7563326932335  -24.232098377503576  11.334945804568378  -62.057798281835574  150.7241140553014  42.466312382231905  14.727067664017  -138.51400145476356  -220.40110251710337  -33.00833489327147  -15.996134389708686  -84.85563672522233  0.0  42.74637455226113  -52.224242202233256  233.13481629239033  -121.81011591120443  -53.55850598378311  182.24362711576487  30.490076078122826  -114.54342976350807  75.39920080688518  174.17147461255428  88.44781937031968  133.04350408163972  -7.169023845913614  177.236212566243  97.92705635187653  -215.1362664855007  68.51993639939604  -80.00571663856334  149.79653821666975  243.32558633265634  -144.5931994093101  74.98623510590872  31.834847001553243  -198.28703400368562  57.98976190987054  5.182906829793353  -54.51988869187994  113.04957068256704  16.28169934706665  96.92376740372973  120.5743996629565  65.64183940346203  -144.38367232238755  104.60345534696728  -42.54961031378383  63.92854441513683  126.9316395902965  146.0077968736963  212.1684431375673  113.39252748080224  72.04154093582463  46.13818306227603  91.24550091378958  -7.676811226919824  -45.709029334193644  104.84077600534636  22.748948434233995  -114.22810447080258  -95.82179003558053  135.07261173843654  34.279604099801105  77.59357224120362  
-162.49335456941677  -132.19344103282097  -85.234890081428  -2.4609315456543754  -15.603393507954365  -23.42228265057824  131.5021356767651  -157.35141514051523  -96.4250343870024  140.1384636194228  183.85972282796897  96.00995814097236  -66.9784729297647  -31.411428747692753  -104.8041728340967  107.97773950304027  -0.2800621700292254  -28.01930688824413  -181.2603760070247  -263.1474770693645  -75.7547094455326  -58.74250894196982  -127.60201127748346  -42.74637455226113  0.0  -94.97061675449439  190.3884417401292  -164.55649046346556  -96.30488053604424  139.4972525635037  -12.256298474138305  -157.2898043157692  32.652826254624046  131.42510006029318  45.70144481805855  90.2971295293786  -49.915398398174744  134.4898380139819  55.1806817996154  -257.8826410377618  25.773561847134914  -122.75209119082447  107.05016366440861  200.5792117803952  -187.33957396157123  32.23986055364759  -10.911527550707888  -241.03340855594675  15.243387357609407  -37.56346772246778  -97.26626324414107  70.3031961303059  -26.46467520519448  54.177392851468596  77.82802511069536  22.8954648512009  -187.13004687464868  61.85708079470615  -85.29598486604496  21.182169862875696  84.18526503803537  103.26142232143518  169.42206858530616  70.64615292854111  29.295166383563497  3.391808510014897  48.499126361528454  -50.423185779180955  -88.45540388645477  62.094401453085226  -19.997426118027136  -156.9744790230637  -138.56816458784166  92.3262371861754  -8.466770452460025  34.84719768894249  
