Height_Data

node	height
0	88.79192245666702
1	466.06656529522854
2	170.79370684909782
3	70.72354511798298
4	104.01121806569012
5	371.0000126001523
6	256.73386540599876
7	224.06952863241636
8	28.313237120870017
9	477.2178754425954
10	35.09835904981927
11	106.95487204309565
12	439.44840412368393
13	628.580825201067
14	100.53364924293294
15	381.77651868466387
16	290.7857927500119
17	495.2147603481022
18	199.95511228490162
19	486.56856537635673
20	392.51604874591504
21	188.1083951838123
22	406.57694627677824
23	602.4889005898558
24	843.0312684107626
25	428.70531895671934
26	163.8213777828118
27	699.8539302707196
28	280.710305626674
29	459.7886415245422
30	458.4824035973909
31	263.25524592910267
32	800.7329004498787
33	36.527643054553636
34	50.531468793210806
35	205.268471204146
36	396.37305299482875
37	260.39332336270314
38	370.85643918595173
39	97.26172992433229
40	110.45968789579027
41	266.43948917827043
42	562.9712881656458
43	357.0182973662526
44	399.7246504179912
45	46.738200418104626
46	234.07190585674752
47	28.431761299740785
48	42.67306471800071
49	19.796801096831366
50	199.34171869005593
51	167.87431952739445
52	83.03347325804712
53	372.65557044392546
54	221.32402697609896
55	122.45258658670122
56	517.5373314199967
57	137.96383839776772
58	170.30374016835748
59	576.7046031119746
60	258.85606872161947
61	112.94041533908211
62	264.00788227893605
63	503.6977500850949
64	320.6748765747246
65	1038.3261433627488
66	355.53467575612234
67	251.26108037172193
68	263.14429259108306
69	415.70479363861375
70	1120.7902237419826
71	357.9896845088625
72	345.21368108928266
73	416.15829616494784
74	220.63017767391338
75	439.5849343833178
76	571.7476889518692
77	473.27235855974766
78	79.75875099737226
79	353.2759942336067
80	85.01494561563997
81	69.94440456451561
82	209.5090420726074
83	471.26638055001797
84	496.6061458030687
85	206.64712198239502
86	527.0932920115868
87	79.14739878823627
88	79.28035091994859
89	406.53991505716226
90	256.3573277422382
91	67.3772477046949
92	191.4831835049903
93	300.94675406242635
94	56.85612451150655
95	405.49288160543944
96	545.869538216403
97	470.88863703423567
98	61.66148887056484
99	123.32710362661103
100	467.45426982225837



height_matrix
0.0  -314.39553569880127  -68.33482032702565  15.05698111557004  -12.682746340852574  -235.1734084529044  -139.9516191244431  -112.7313384797911  50.39890444649751  -323.6882941549403  44.744636172373134  -15.135791322023849  -292.2137347225141  -449.82408562033334  -9.784772321888255  -244.15383018999736  -168.32822524445407  -338.6856982428626  -92.63599152352882  -331.48053576640814  -253.10343857437337  -82.76372727262105  -264.82085318342604  -428.08081511099067  -628.5327882950796  -283.2611637500436  -62.524546105120635  -509.21833984504383  -159.93198597500583  -309.1639325565626  -308.07540095060324  -145.38610289369637  -593.2841483276765  43.55356616842783  31.88371138621352  -97.06379062289915  -256.3176087818015  -143.00116742169678  -235.05376394107057  -7.05817288972105  -18.056471199269367  -148.0396389346695  -395.14947142414894  -223.52197909132136  -259.11060663443686  35.04476836546867  -121.06665283340041  50.30013429743854  38.4323814488886  57.49593446652972  -92.12483019449076  -65.90199755893951  4.798707665516588  -236.55303998938203  -110.44342043285994  -28.050553441695158  -357.2878408027748  -40.97659661758391  -67.92651475974205  -406.5939005460897  -141.72012188746038  -20.12374406867923  -146.01329985189085  -345.7548563570233  -193.23579509838132  -791.2785174217348  -222.28562774954608  -135.39096492921243  -145.29364177868004  -272.4273926516223  -859.9985844044297  -224.33146837682958  -213.68479886051304  -272.80531142356733  -109.86521268103863  -292.32750993887566  -402.46313874600185  -320.4003634192338  7.5276428827456385  -220.40339314744975  3.14748070085588  15.706264910126187  -100.59759967995032  -318.72871507779246  -339.84518612200145  -98.21266627143999  -365.2511412957665  8.037103057025632  7.926309613932034  -264.78999383374605  -139.637837737976  17.84556229331011  -85.57605087360272  -176.79569300479943  26.6131649543004  -263.91746595731036  -380.8980131331134  -318.4139288146406  22.60869465508516  -28.77931764162001  -315.55195613799276  
314.39553569880127  0.0  246.06071537177564  329.45251681437134  301.71278935794874  79.2221272458969  174.44391657435818  201.6641972190102  364.79444014529884  -9.29275845613904  359.1401718711744  299.25974437677746  22.181800976287207  -135.428549921532  304.61076337691304  70.24170550880393  146.06731045434722  -24.29016254406133  221.75954417527248  -17.085000067606813  61.292097124427926  231.63180842618024  49.57468251537529  -113.68527941218935  -314.1372525962783  31.13437194875769  251.87098959368066  -194.8228041462425  154.46354972379547  5.231603142238669  6.320134748198086  169.00943280510492  -278.88861262887514  357.9491018672291  346.27924708501484  217.33174507590215  58.07792691699984  171.39436827710452  79.34177175773073  307.3373628090802  296.3390644995319  166.35589676413178  -80.75393572534767  90.87355660747994  55.28492906436446  349.44030406427  193.32888286540089  364.6956699962398  352.8279171476899  371.89147016533104  222.27070550431054  248.49353813986178  319.1942433643179  77.84249570941927  203.95211526594136  286.34498225710615  -42.892305103973456  273.4189390812174  246.46902093905925  -92.19836484728836  172.67541381134092  294.27179163012204  168.38223584691045  -31.359320658221975  121.15974060041998  -476.8829817229335  92.10990794925522  179.00457076958887  169.10189392012126  41.96814304717901  -545.6030487056285  90.06406732197172  100.71073683828826  41.590224275233936  204.53032301776267  22.06802575992566  -88.06760304720058  -6.004827720432559  321.92317858154695  93.99214255135155  317.5430163996572  330.1018006089275  213.79793601885098  -4.33317937899119  -25.449650423200126  216.1828694273613  -50.85560559696518  322.43263875582693  322.32184531273333  49.60554186505527  174.75769796082528  332.2410979921114  228.81948482519857  137.59984269400186  341.0087006531017  50.47806974149097  -66.50247743431208  -4.018393115839274  337.00423035388644  285.6162180571813  -1.1564204391914927  
68.33482032702565  -246.06071537177564  0.0  83.39180144259569  55.65207398617308  -166.83858812587874  -71.61679879741746  -44.39651815276545  118.73372477352316  -255.35347382791468  113.07945649939879  53.199029005001805  -223.87891439548844  -381.48926529330765  58.5500480051374  -175.8190098629717  -99.99340491742842  -270.350877915837  -24.301171196503162  -263.14571543938246  -184.76861824734772  -14.4289069455954  -196.48603285640036  -359.745994783965  -560.197967968054  -214.92634342301795  5.8102742219050185  -440.88351951801815  -91.59716564798018  -240.82911222953697  -239.74058062357756  -77.05128256667072  -524.9493280006508  111.88838649545349  100.21853171323917  -28.728970295873495  -187.9827884547758  -74.66634709467112  -166.71894361404492  61.276647437304604  50.278349127756286  -79.70481860764386  -326.8146510971233  -155.1871587642957  -190.77578630741118  103.37958869249432  -52.73183250637476  118.6349546244642  106.76720177591426  125.83075479355537  -23.790009867465102  2.4328227680861403  73.13352799254224  -168.21821966235638  -42.108600105834284  40.284266885330496  -288.9530204757491  27.358223709441745  0.40830556728360534  -338.259080219064  -73.38530156043473  48.211076258346424  -77.6784795248652  -277.4200360299976  -124.90097477135566  -722.9436970947091  -153.95080742252043  -67.05614460218678  -76.95882145165439  -204.09257232459663  -791.663764077404  -155.99664804980392  -145.3499785334874  -204.4704910965417  -41.530392354012974  -223.99268961184998  -334.1283184189762  -252.0655430922082  75.86246320977129  -152.0685728204241  71.48230102788153  84.04108523715183  -32.26277935292467  -250.39389475076683  -271.51036579497577  -29.877845944414332  -296.9163209687408  76.37192338405129  76.26112994095769  -196.45517350672037  -71.30301741095036  86.18038262033576  -17.24123054657707  -108.46087267777378  94.94798528132605  -195.58264563028467  -312.5631928060877  -250.07910848761492  90.94351498211081  39.55550268540564  -247.21713581096714  
-15.05698111557004  -329.45251681437134  -83.39180144259569  0.0  -27.739727456422614  -250.23038956847444  -155.00860024001315  -127.78831959536114  35.34192333092747  -338.7452752705104  29.68765505680309  -30.192772437593888  -307.27071583808413  -464.88106673590335  -24.841753437458294  -259.2108113055674  -183.3852063600241  -353.74267935843267  -107.69297263909885  -346.53751688197815  -268.1604196899434  -97.8207083881911  -279.87783429899605  -443.1377962265607  -643.5897694106496  -298.31814486561365  -77.58152722069067  -524.2753209606138  -174.98896709057587  -324.22091367213267  -323.13238206617325  -160.4430840092664  -608.3411294432465  28.49658505285779  16.82673027064348  -112.12077173846919  -271.3745898973715  -158.05814853726682  -250.1107450566406  -22.11515400529109  -33.11345231483941  -163.09662005023955  -410.206452539719  -238.5789602068914  -274.1675877500069  19.98778724989863  -136.12363394897045  35.2431531818685  23.37540033331856  42.43895335095968  -107.1818113100608  -80.95897867450955  -10.258273450053451  -251.61002110495207  -125.50040154842998  -43.1075345572652  -372.3448219183448  -56.03357773315395  -82.98349587531209  -421.6508816616597  -156.77710300303042  -35.18072518424927  -161.0702809674609  -360.8118374725933  -208.29277621395136  -806.3354985373048  -237.34260886511612  -150.44794604478247  -160.35062289425008  -287.4843737671923  -875.0555655199997  -239.38844949239962  -228.74177997608308  -287.8622925391374  -124.92219379660867  -307.3844910544457  -417.5201198615719  -335.4573445348039  -7.529338232824401  -235.4603742630198  -11.90950041471416  0.6492837945561476  -115.65458079552036  -333.7856961933625  -354.90216723757146  -113.26964738701002  -380.3081224113365  -7.019878058544407  -7.130671501638005  -279.84697494931606  -154.69481885354605  2.7885811777400704  -100.63303198917276  -191.85267412036947  11.556183838730362  -278.97444707288037  -395.9549942486834  -333.4709099302106  7.55171353951512  -43.83629875719005  -330.60893725356283  
12.682746340852574  -301.71278935794874  -55.65207398617308  27.739727456422614  0.0  -222.49066211205184  -127.26887278359054  -100.04859213893853  63.081650787350085  -311.0055478140878  57.42738251322571  -2.4530449811712742  -279.53098838166153  -437.14133927948075  2.8979740189643195  -231.4710838491448  -155.6454789036015  -326.00295190201007  -79.95324518267624  -318.79778942555555  -240.4206922335208  -70.08098093176848  -252.13810684257345  -415.3980687701381  -615.850041954227  -270.57841740919105  -49.84179976426806  -496.53559350419124  -147.24923963415324  -296.48118621571007  -295.39265460975065  -132.7033565528438  -580.6014019868238  56.2363125092804  44.566457727066094  -84.38104428204657  -243.6348624409489  -130.3184210808442  -222.371017600218  5.624573451131525  -5.373724858416793  -135.35689259381695  -382.4667250832964  -210.8392327504688  -246.42786029358427  47.727514706321244  -108.38390649254784  62.982880638291114  51.11512778974117  70.17868080738229  -79.44208385363818  -53.21925121808694  17.481454006369162  -223.87029364852947  -97.76067409200736  -15.367807100842583  -344.6050944619222  -28.293850276731334  -55.24376841888947  -393.9111542052371  -129.0373755466078  -7.440997727826655  -133.33055351103826  -333.0721100161707  -180.55304875752876  -778.5957710808822  -209.60288140869352  -122.70821858835986  -132.61089543782748  -259.7446463107697  -847.3158380635771  -211.64872203597702  -201.00205251966048  -260.1225650827148  -97.18246634018605  -279.6447635980231  -389.7803924051493  -307.7176170783813  20.210389223598213  -207.7206468065972  15.830227041708454  28.38901125097876  -87.91485333909775  -306.0459687369399  -327.16243978114886  -85.52991993058741  -352.5683949549139  20.719849397878207  20.60905595478461  -252.10724749289346  -126.95509139712344  30.528308634162684  -72.89330453275015  -164.11294666394684  39.295911295152976  -251.23471961645777  -368.2152667922608  -305.731182473788  35.291440995937734  -16.096571300767437  -302.86920979714023  
235.1734084529044  -79.2221272458969  166.83858812587874  250.23038956847444  222.49066211205184  0.0  95.22178932846128  122.44206997311329  285.57231289940194  -88.51488570203594  279.9180446252775  220.03761713088056  -57.04032626960969  -214.6506771674289  225.38863613101614  -8.980421737092968  66.84518320845032  -103.51228978995823  142.53741692937558  -96.30712731350371  -17.930030121468974  152.40968118028334  -29.647444730521613  -192.90740665808624  -393.3593798421752  -48.08775529713921  172.64886234778376  -274.0449313921394  75.24142247789857  -73.99052410365823  -72.90199249769881  89.78730555920802  -358.11073987477204  278.7269746213322  267.05711983911795  138.10961783000525  -21.144200328897057  92.17224103120762  0.11964451183382607  228.11523556318335  217.11693725363503  87.13376951823489  -159.97606297124457  11.651429361583041  -23.937198181532438  270.2181768183731  114.10675561950399  285.4735427503429  273.605789901793  292.66934291943414  143.04857825841364  169.27141089396488  239.97211611842098  -1.379631536477632  124.72998802004446  207.12285501120925  -122.11443234987036  194.1968118353205  167.24689369316235  -171.42049209318526  93.45328656544402  215.04966438422517  89.16010860101355  -110.58144790411887  41.93761335452308  -556.1051089688303  12.887780703358317  99.78244352369197  89.87976667422436  -37.25398419871789  -624.8251759515254  10.84194007607482  21.488609592391356  -37.63190297066296  125.30819577186577  -57.15410148597124  -167.28973029309748  -85.22695496632946  242.70105133565005  14.770015305454649  238.32088915376028  250.87967336303058  134.57580877295408  -83.55530662488809  -104.67177766909703  136.9607421814644  -130.07773284286208  243.21051150993003  243.09971806683643  -29.616585380841627  95.53557071492838  253.0189707462145  149.59735757930167  58.377715448104965  261.7865734072048  -28.74405750440593  -145.72460468020898  -83.24052036173617  257.78210310798954  206.3940908112844  -80.37854768508839  
139.9516191244431  -174.44391657435818  71.61679879741746  155.00860024001315  127.26887278359054  -95.22178932846128  0.0  27.220280644652007  190.35052357094062  -183.73667503049722  184.69625529681625  124.81582780241926  -152.26211559807098  -309.8724664958902  130.16684680255486  -104.20221106555425  -28.376606120010962  -198.73407911841952  47.3156276009143  -191.528916641965  -113.15181944993026  57.18789185182206  -124.8692340589829  -288.12919598654753  -488.5811691706365  -143.3095446256005  77.42707301932248  -369.2667207206007  -19.980366850562717  -169.21231343211952  -168.1237818261601  -5.434483769253262  -453.3325292032333  183.50518529287095  171.83533051065663  42.887828501543964  -116.36598965735834  -3.049548297253665  -95.10214481662746  132.89344623472206  121.89514792517375  -8.088019810226399  -255.19785229970586  -83.57035996687824  -119.15898750999372  174.9963874899118  18.8849662910427  190.25175342188166  178.38400057333172  197.44755359097283  47.82678892995236  74.0496215655036  144.7503267899597  -96.60142086493892  29.508198691583175  111.90106568274796  -217.33622167833164  98.9750225068592  72.02510436470106  -266.64228142164654  -1.768502763017267  119.82787505576388  -6.061680727447737  -205.80323723258016  -53.284175973938204  -651.3268982972917  -82.33400862510297  4.560654195230683  -5.342022654236928  -132.47577352717917  -720.0469652799866  -84.37984925238646  -73.73317973606993  -132.85369229912425  30.086406443404485  -152.37589081443252  -262.51151962155876  -180.44874429479074  147.47926200718877  -80.45177402300664  143.099099825299  155.6578840345693  39.35401944449279  -178.77709595334937  -199.8935669975583  41.73895285300313  -225.29952217132336  147.98872218146875  147.87792873837515  -124.83837470930291  0.31378138646709886  157.79718141775322  54.37556825084039  -36.84407388035632  166.56478407874351  -123.96584683286721  -240.94639400867027  -178.46230969019746  162.56031377952826  111.1723014828231  -175.60033701354968  
112.7313384797911  -201.6641972190102  44.39651815276545  127.78831959536114  100.04859213893853  -122.44206997311329  -27.220280644652007  0.0  163.13024292628862  -210.95695567514923  157.47597465216424  97.59554715776726  -179.48239624272298  -337.0927471405422  102.94656615790285  -131.42249171020626  -55.59688676466297  -225.95435976307152  20.09534695626229  -218.749197286617  -140.37210009458227  29.96761120717005  -152.0895147036349  -315.34947663119954  -515.8014498152885  -170.5298252702525  50.20679237467047  -396.4870013652527  -47.200647495214724  -196.43259407677152  -195.3440624708121  -32.65476441390527  -480.5528098478853  156.28490464821894  144.61504986600463  15.667547856891957  -143.58627030201035  -30.269828941905672  -122.32242546127947  105.67316559007006  94.67486728052174  -35.308300454878406  -282.41813294435786  -110.79064061153025  -146.37926815464573  147.7761068452598  -8.335314353609306  163.03147277722965  151.1637199286797  170.22727294632082  20.60650828530035  46.82934092085159  117.5300461453077  -123.82170150959092  2.2879180469311677  84.68078503809595  -244.55650232298365  71.7547418622072  44.80482372004906  -293.86256206629855  -28.988783407669274  92.60759441111188  -33.281961372099744  -233.02351787723217  -80.50445661859021  -678.5471789419437  -109.55428926975497  -22.659626449421324  -32.562303298888935  -159.69605417183118  -747.2672459246386  -111.60012989703847  -100.95346038072194  -160.07397294377625  2.8661257987524777  -179.59617145908453  -289.73180026621077  -207.66902493944275  120.25898136253674  -107.67205466765864  115.87881918064699  128.43760338991729  12.133738799840785  -205.99737659800138  -227.11384764221032  14.51867220835112  -252.51980281597537  120.76844153681674  120.65764809372314  -152.05865535395492  -26.90649925818491  130.57690077310122  27.15528760618838  -64.06435452500833  139.3445034340915  -151.18612747751922  -268.1666746533223  -205.68259033484946  135.34003313487625  83.9520208381711  -202.82061765820168  
-50.39890444649751  -364.79444014529884  -118.73372477352316  -35.34192333092747  -63.081650787350085  -285.57231289940194  -190.35052357094062  -163.13024292628862  0.0  -374.0871986014379  -5.65426827412438  -65.53469576852136  -342.6126391690116  -500.2229900668308  -60.183676768385766  -294.55273463649485  -218.72712969095159  -389.08460268936017  -143.03489597002633  -381.8794402129056  -303.50234302087085  -133.16263171911856  -315.2197576299235  -478.4797195574881  -678.9316927415771  -333.66006819654115  -112.92345055161815  -559.6172442915413  -210.33089042150334  -359.56283700306017  -358.4743053971007  -195.78500734019389  -643.6830527741739  -6.845338278069683  -18.51519306028399  -147.46269506939666  -306.71651322829894  -193.4000718681943  -285.4526683875681  -57.45707733621856  -68.45537564576688  -198.43854338116702  -445.5483758706465  -273.9208835378189  -309.5095110809343  -15.354136081028841  -171.46555727989792  -0.09877014905897141  -11.966522997608912  7.097030020032211  -142.52373464098827  -116.30090200543702  -45.60019678098092  -286.95194443587957  -160.84232487935745  -78.44945788819267  -407.68674524927224  -91.37550106408142  -118.32541920623956  -456.99280499258714  -192.1190263339579  -70.52264851517674  -196.41220429838836  -396.15376080352075  -243.63469954487883  -841.6774218682323  -272.6845321960436  -185.78986937570994  -195.69254622517755  -322.82629709811977  -910.3974888509272  -274.7303728233271  -264.0837033070105  -323.2042158700649  -160.26411712753614  -342.7264143853731  -452.8620431924994  -370.7992678657314  -42.87126156375187  -270.8022975939473  -47.25142374564163  -34.692639536371324  -150.99650412644783  -369.12761952429  -390.2440905684989  -148.6115707179375  -415.65004574226396  -42.36180138947188  -42.47259483256548  -315.1888982802435  -190.03674218447352  -32.5533421531874  -135.97495532010024  -227.19459745129694  -23.78573949219711  -314.3163704038078  -431.29691757961086  -368.81283326113805  -27.79020979141235  -79.17822208811752  -365.95086058449033  
323.6882941549403  9.29275845613904  255.35347382791468  338.7452752705104  311.0055478140878  88.51488570203594  183.73667503049722  210.95695567514923  374.0871986014379  0.0  368.43293032731344  308.5525028329165  31.474559432426247  -126.13579146539297  313.9035218330521  79.53446396494297  155.36006891048626  -14.997404087922291  231.05230263141152  -7.792241611467773  70.58485558056697  240.92456688231928  58.86744097151433  -104.3925209560503  -304.84449414013926  40.42713040489673  261.1637480498197  -185.53004569010346  163.7563081799345  14.524361598377709  15.612893204337126  178.30219126124396  -269.5958541727361  367.24186032336814  355.5720055411539  226.6245035320412  67.37068537313888  180.68712673324356  88.63453021386977  316.63012126521926  305.63182295567094  175.64865522027083  -71.46117726920863  100.16631506361898  64.5776875205035  358.733062520409  202.62164132153993  373.98842845237886  362.12067560382894  381.1842286214701  231.56346396044958  257.78629659600085  328.48700182045695  87.13525416555831  213.2448737220804  295.6377407132452  -33.599546647834416  282.71169753735643  255.7617793951983  -82.90560639114932  181.96817226747996  303.5645500862611  177.6749943030495  -22.066562202082935  130.45249905655902  -467.59022326679445  101.40266640539426  188.2973292257279  178.3946523762603  51.26090150331805  -536.3102902494893  99.35682577811076  110.0034952944273  50.88298273137298  213.8230814739017  31.3607842160647  -78.77484459106154  3.2879307357064818  331.215937037686  103.28490100749059  326.8357748557962  339.3945590650665  223.09069447499002  4.9595790771478505  -16.156891967061085  225.47562788350035  -41.562847140826136  331.72539721196597  331.61460376887237  58.89830032119431  184.05045641696432  341.53385644825045  238.1122432813376  146.8926011501409  350.30145910924074  59.77082819763001  -57.20971897817304  5.274365340299767  346.2969888100255  294.90897651332034  8.136338016947548  
-44.744636172373134  -359.1401718711744  -113.07945649939879  -29.68765505680309  -57.42738251322571  -279.9180446252775  -184.69625529681625  -157.47597465216424  5.65426827412438  -368.43293032731344  0.0  -59.88042749439698  -336.9583708948872  -494.5687217927064  -54.52940849426139  -288.89846636237047  -213.0728614168272  -383.43033441523573  -137.38062769590195  -376.2251719387812  -297.8480747467465  -127.50836344499419  -309.5654893557991  -472.82545128336375  -673.2774244674528  -328.0057999224167  -107.26918227749377  -553.962976017417  -204.67662214737896  -353.90856872893573  -352.8200371229763  -190.1307390660695  -638.0287845000496  -1.1910700039453026  -12.860924786159611  -141.80842679527228  -301.06224495417456  -187.7458035940699  -279.7984001134437  -51.802809062094184  -62.8011073716425  -192.78427510704265  -439.8941075965221  -268.26661526369446  -303.85524280680994  -9.69986780690446  -165.81128900577355  5.555498125065409  -6.312254723484532  12.75129829415659  -136.8694663668639  -110.64663373131265  -39.945928506856546  -281.29767616175513  -155.18805660523307  -72.79518961406829  -402.03247697514786  -85.72123278995704  -112.67115093211518  -451.33853671846276  -186.4647580598335  -64.86838024105236  -190.75793602426398  -390.4994925293964  -237.98043127075445  -836.023153594108  -267.0302639219192  -180.13560110158556  -190.03827795105317  -317.1720288239954  -904.7432205768029  -269.0761045492027  -258.42943503288615  -317.54994759594047  -154.60984885341176  -337.07214611124874  -447.207774918375  -365.14499959160696  -37.216993289627496  -265.14802931982285  -41.597155471517254  -29.038371262246944  -145.34223585232345  -363.4733512501656  -384.5898222943745  -142.95730244381312  -409.9957774681396  -36.7075331153475  -36.8183265584411  -309.53463000611913  -184.38247391034915  -26.89907387906302  -130.32068704597586  -221.54032917717257  -18.13147121807273  -308.66210212968343  -425.6426493054865  -363.1585649870137  -22.13594151728797  -73.52395381399315  -360.2965923103659  
15.135791322023849  -299.25974437677746  -53.199029005001805  30.192772437593888  2.4530449811712742  -220.03761713088056  -124.81582780241926  -97.59554715776726  65.53469576852136  -308.5525028329165  59.88042749439698  0.0  -277.07794340049026  -434.6882942983095  5.351019000135594  -229.01803886797353  -153.1924339224302  -323.5499069208388  -77.50020020150497  -316.3447444443843  -237.96764725234954  -67.6279359505972  -249.68506186140218  -412.9450237889668  -613.3969969730557  -268.1253724280198  -47.388754783096786  -494.08254852301997  -144.79619465298197  -294.0281412345388  -292.9396096285794  -130.2503115716725  -578.1483570056525  58.68935749045168  47.01950270823737  -81.9279993008753  -241.18181745977762  -127.86537609967293  -219.91797261904674  8.077618432302799  -2.9206798772455187  -132.90384761264568  -380.01368010212514  -208.38618776929752  -243.974815312413  50.18055968749252  -105.93086151137656  65.43592561946238  53.56817277091245  72.63172578855357  -76.9890388724669  -50.766206236915664  19.934498987540437  -221.4172486673582  -95.30762911083609  -12.914762119671309  -342.1520494807509  -25.84080529556006  -52.7907234377182  -391.4581092240658  -126.58433056543653  -4.987952746655381  -130.877508529867  -330.61906503499944  -178.10000377635748  -776.1427260997109  -207.14983642752225  -120.25517360718858  -130.1578504566562  -257.29160132959845  -844.8627930824058  -209.19567705480574  -198.5490075384892  -257.6695201015435  -94.72942135901478  -277.1917186168518  -387.32734742397804  -305.26457209721  22.663434204769487  -205.2676018254259  18.28327202287973  30.842056232150036  -85.46180835792647  -303.59292375576865  -324.7093947999776  -83.07687494941614  -350.11534997374264  23.17289437904948  23.062100935955883  -249.6542025117222  -124.50204641595217  32.98135361533396  -70.44025955157888  -161.65990168277557  41.74895627632425  -248.7816746352865  -365.76222181108955  -303.27813749261674  37.74448597710901  -13.643526319596162  -300.41616481596895  
292.2137347225141  -22.181800976287207  223.87891439548844  307.27071583808413  279.53098838166153  57.04032626960969  152.26211559807098  179.48239624272298  342.6126391690116  -31.474559432426247  336.9583708948872  277.07794340049026  0.0  -157.61035089781922  282.42896240062584  48.059904532516725  123.88550947806002  -46.47196352034854  199.57774319898527  -39.26680104389402  39.11029614814072  209.45000744989304  27.39288153908808  -135.86708038847655  -336.3190535725655  8.952570972470483  229.68918861739346  -217.0046051225297  132.28174874750826  -16.950197834048538  -15.86166622808912  146.82763182881772  -301.07041360516234  335.7673008909419  324.0974461087276  195.14994409961494  35.896125940712636  149.2125673008173  57.15997078144352  285.15556183279307  274.15726352324475  144.17409578784458  -102.93573670163488  68.69175563119273  33.103128088077256  327.2585030879828  171.14708188911368  342.5138690199526  330.6461161714027  349.70966918904384  200.08890452802333  226.31173716357458  297.01244238803065  55.66069473313206  181.77031428965415  264.16318128081895  -65.07410608026066  251.23713810493018  224.28721996277204  -114.38016582357557  150.4936128350537  272.0899906538349  146.20043487062324  -53.54112163450918  98.97793962413277  -499.0647826992207  69.92810697296801  156.82276979330166  146.92009294383405  19.786342070891806  -567.7848496819156  67.88226634568451  78.52893586200105  19.40842329894673  182.34852204147546  -0.11377521636154597  -110.24940402348778  -28.186628696719765  299.74137760525974  71.81034157506434  295.36121542336997  307.91999963264027  191.61613504256377  -26.514980355278396  -47.63145139948733  194.0010684510741  -73.03740657325238  300.2508377795397  300.1400443364461  27.423740888768066  152.57589698453808  310.0592970158242  206.63768384891137  115.41804171771466  318.8268996768145  28.296268765203763  -88.68427841059929  -26.20019409212648  314.82242937759924  263.4344170808941  -23.3382214154787  
449.82408562033334  135.428549921532  381.48926529330765  464.88106673590335  437.14133927948075  214.6506771674289  309.8724664958902  337.0927471405422  500.2229900668308  126.13579146539297  494.5687217927064  434.6882942983095  157.61035089781922  0.0  440.03931329844505  205.67025543033594  281.49586037587926  111.13838737747068  357.1880940968045  118.3435498539252  196.72064704595994  367.0603583477123  185.0032324369073  21.743270509342665  -178.7087026747463  166.5629218702897  387.2995395152127  -59.394254224710494  289.89209964532745  140.66015306377068  141.7486846697301  304.43798272663696  -143.46006270734313  493.3776517887611  481.7077970065468  352.76029499743413  193.50647683853185  306.82291819863656  214.77032167926274  442.7659127306123  431.76761442106397  301.7844466856638  54.674614196184336  226.30210652901195  190.71347898589647  484.868853985802  328.7574327869329  500.1242199177718  488.2564670692219  507.32002008686305  357.6992554258426  383.92208806139377  454.62279328584987  213.27104563095128  339.38066518747337  421.77353217863816  92.53624481755855  408.8474890027494  381.89757086059126  43.23018507424365  308.1039637328729  429.7003415516541  303.81078576844243  104.06922926331004  256.588290521952  -341.4544318014015  227.53845787078723  314.43312069112085  304.53044384165327  177.39669296871102  -410.1744987840964  225.49261724350373  236.13928675982027  177.01877419676595  339.9588729392947  157.49657568145767  47.36094687433143  129.42372220109945  457.35172850307896  229.42069247288356  452.9715663211892  465.5303505304595  349.226485940383  131.09537054254082  109.97889949833188  351.6114193488933  84.57294432456683  457.86118867735894  457.75039523426534  185.03409178658728  310.1862478823573  467.6696479136434  364.2480347467306  273.0283926155339  476.4372505746337  185.90661966302298  68.92607248721993  131.41015680569274  472.43278027541845  421.0447679787133  134.27212948234052  
9.784772321888255  -304.61076337691304  -58.5500480051374  24.841753437458294  -2.8979740189643195  -225.38863613101614  -130.16684680255486  -102.94656615790285  60.183676768385766  -313.9035218330521  54.52940849426139  -5.351019000135594  -282.42896240062584  -440.03931329844505  0.0  -234.3690578681091  -158.54345292256582  -328.9009259209744  -82.85121920164056  -321.69576344451986  -243.31866625248512  -72.9789549507328  -255.03608086153776  -418.2960427891024  -618.7480159731913  -273.47639142815535  -52.73977378323238  -499.43356752315555  -150.14721365311757  -299.3791602346744  -298.29062862871496  -135.60133057180812  -583.4993760057882  53.33833849031608  41.668483708101775  -87.2790183010109  -246.5328364599132  -133.21639509980852  -225.26899161918232  2.7265994321672054  -8.271698877381112  -138.25486661278126  -385.3646991022607  -213.7372067694331  -249.32583431254858  44.829540687356925  -111.28188051151216  60.084906619326794  48.217153770776854  67.28070678841797  -82.3400578726025  -56.11722523705126  14.583479987404843  -226.76826766749377  -100.65864811097168  -18.265781119806903  -347.5030684808865  -31.191824295695653  -58.14174243785379  -396.8091282242014  -131.93534956557212  -10.338971746790975  -136.2285275300026  -335.970084035135  -183.45102277649306  -781.4937450998466  -212.50085542765783  -125.60619260732418  -135.50886945679179  -262.64262032973403  -850.2138120825414  -214.54669605494132  -203.9000265386248  -263.0205391016791  -100.08044035915037  -282.5427376169874  -392.6783664241136  -310.6155910973456  17.312415204633893  -210.6186208255615  12.932253022744135  25.491037232014442  -90.81282735806207  -308.94394275590423  -330.06041380011317  -88.42789394955173  -355.4663689738782  17.821875378913887  17.71108193582029  -255.00522151185777  -129.85306541608776  27.630334615198365  -75.79127855171447  -167.01092068291118  36.39793727618866  -254.13269363542207  -371.1132408112251  -308.6291564927523  32.393466976973414  -18.994545319731756  -305.76718381610453  
244.15383018999736  -70.24170550880393  175.8190098629717  259.2108113055674  231.4710838491448  8.980421737092968  104.20221106555425  131.42249171020626  294.55273463649485  -79.53446396494297  288.89846636237047  229.01803886797353  -48.059904532516725  -205.67025543033594  234.3690578681091  0.0  75.82560494554329  -94.53186805286526  151.51783866646855  -87.32670557641075  -8.949608384376006  161.3901029173763  -20.667022993428645  -183.92698492099328  -384.37895810508223  -39.10733356004624  181.62928408487673  -265.06450965504644  84.22184421499153  -65.01010236656526  -63.921570760605846  98.76772729630099  -349.13031813767907  287.70739635842517  276.03754157621086  147.09003956709822  -12.163778591804089  101.15266276830059  9.100066248926794  237.09565730027632  226.097358990728  96.11419125532785  -150.9956412341516  20.63185109867601  -14.95677644443947  279.19859855546605  123.08717735659695  294.4539644874359  282.58621163888597  301.6497646565271  152.0289999955066  178.25183263105785  248.95253785551395  7.600790200615336  133.71040975713743  216.10327674830222  -113.13401061277739  203.17723357241346  176.22731543025532  -162.4400703560923  102.43370830253699  224.03008612131813  98.14053033810652  -101.6010261670259  50.91803509161605  -547.1246872317374  21.868202440451284  108.76286526078493  98.86018841131732  -28.27356246162492  -615.8447542144323  19.822361813167788  30.469031329484324  -28.651481233569996  134.28861750895874  -48.17367974887827  -158.3093085560045  -76.24653322923649  251.68147307274302  23.750437042547617  247.30131089085324  259.86009510012354  143.55623051004704  -74.57488488779512  -95.69135593200406  145.94116391855738  -121.09731110576911  252.190933247023  252.0801398039294  -20.63616364374866  104.51599245202135  261.9993924833075  158.57777931639464  67.35813718519793  270.76699514429777  -19.763635767312962  -136.74418294311602  -74.2600986246432  266.7625248450825  215.37451254837737  -71.39812594799542  
168.32822524445407  -146.06731045434722  99.99340491742842  183.3852063600241  155.6454789036015  -66.84518320845032  28.376606120010962  55.59688676466297  218.72712969095159  -155.36006891048626  213.0728614168272  153.1924339224302  -123.88550947806002  -281.49586037587926  158.54345292256582  -75.82560494554329  0.0  -170.35747299840855  75.69223372092526  -163.15231052195404  -84.7752133299193  85.56449797183302  -96.49262793897194  -259.7525898665366  -460.20456305062555  -114.93293850558953  105.80367913933344  -340.89011460058975  8.396239269448245  -140.83570731210855  -139.74717570614914  22.9421223507577  -424.9559230832224  211.8817914128819  200.2119366306676  71.26443462155493  -87.98938353734738  25.327057822757297  -66.7255386966165  161.27005235473302  150.2717540451847  20.288586309784563  -226.8212461796949  -55.19375384686728  -90.78238138998276  203.37299360992273  47.26157241105366  218.62835954189262  206.76060669334268  225.8241597109838  76.20339504996332  102.42622768551456  173.12693290997066  -68.22481474492795  57.88480481159414  140.2776718027589  -188.95961555832068  127.35162862687017  100.40171048471203  -238.26567530163558  26.608103356993695  148.20448117577484  22.314925392563225  -177.4266311125692  -24.907569853927242  -622.9502921772807  -53.957402505092006  32.937260315241645  23.034583465774034  -104.09916740716821  -691.6703591599756  -56.0032431323755  -45.35657361605897  -104.47708617911329  58.46301256341545  -123.99928469442156  -234.1349135015478  -152.07213817477978  175.8558681271997  -52.07516790299567  171.47570594530995  184.03449015458025  67.73062556450375  -150.4004898333384  -171.51696087754735  70.11555897301409  -196.9229160513124  176.3653283014797  176.2545348583861  -96.46176858929195  28.69038750647806  186.17378753776418  82.75217437085135  -8.467467760345357  194.94139019875448  -95.58924071285625  -212.5697878886593  -150.0857035701865  190.93691989953925  139.54890760283405  -147.22373089353871  
338.6856982428626  24.29016254406133  270.350877915837  353.74267935843267  326.00295190201007  103.51228978995823  198.73407911841952  225.95435976307152  389.08460268936017  14.997404087922291  383.43033441523573  323.5499069208388  46.47196352034854  -111.13838737747068  328.9009259209744  94.53186805286526  170.35747299840855  0.0  246.0497067193338  7.205162476454518  85.58225966848926  255.92197097024157  73.86484505943662  -89.39511686812801  -289.84709005221697  55.42453449281902  276.16115213774196  -170.53264160218117  178.7537122678568  29.5217656863  30.610297292259418  193.29959534916625  -254.5984500848138  382.23926441129043  370.5694096290762  241.62190761996348  82.36808946106117  195.68453082116585  103.63193430179206  331.62752535314155  320.62922704359323  190.64605930819312  -56.46377318128634  115.16371915154127  79.5750916084258  373.7304666083313  217.61904540946222  388.98583254030115  377.11807969175123  396.1816327093924  246.56086804837187  272.78370068392314  343.48440590837924  102.1326582534806  228.2422778100027  310.6351448011675  -18.602142559912124  297.7091016252787  270.7591834831206  -67.90820230322703  196.96557635540225  318.56195417418337  192.67239839097178  -7.069158114160643  145.4499031444813  -452.59281917887216  116.40007049331655  203.2947333136502  193.3920564641826  66.25830559124034  -521.3128861615671  114.35422986603305  125.00089938234959  65.88038681929527  228.820485561824  46.35818830398699  -63.777440503139246  18.285334823628773  346.2133411256083  118.28230509541288  341.8331789437185  354.3919631529888  238.0880985629123  19.95698316507014  -1.1594878791387941  240.47303197142264  -26.565443052903845  346.72280129988826  346.61200785679466  73.8957044091166  199.04786050488661  356.53126053617274  253.1096473692599  161.8900052380632  365.29886319716303  74.7682322855523  -42.21231489025075  20.271769428222058  361.2943928979478  309.90638060124263  23.13374210486984  
