Height_Data

node	height
0	322.635914909357
1	89.75074189740441
2	316.543144280851
3	263.30169537889003
4	294.11551848216146
5	155.08743655402378
6	246.71357044337077
7	187.1970114617265
8	154.57445948072885
9	164.90141388427756
10	237.8640981753082
11	152.71770656151256
12	233.4236304501485
13	113.37094667919575
14	47.8618072557051
15	301.6546616031029
16	120.55044820989643
17	346.48386354591526
18	210.50875008664656
19	123.67836286817274
20	210.78037796187866
21	253.16809947150165
22	166.63456466279195
23	154.41005956573193
24	189.089149224412
25	138.2993740124211
26	104.68871499661441
27	40.20868832917157
28	276.2902810811629
29	202.4840630154284
30	323.26660588482605
31	322.0412789720227
32	368.74947531090356
33	518.2301393518902
34	244.8965113174572
35	150.75812465337626
36	140.64440731552907
37	247.9307866071158
38	262.31041781955315
39	164.50899163746047
40	149.31222684012397
41	129.61625705316666
42	117.48988458702385
43	173.00739800563923
44	820.7347760504299
45	143.5151083122033
46	172.24549845105474
47	251.04155934670158
48	289.8002402290368
49	209.98155551999577
50	616.8367192337702
51	278.9354959477251
52	297.0978112049303
53	182.97402273360274
54	314.3380361773333
55	123.17043667717483
56	227.07893496192054
57	185.62116950674925
58	85.29943798651883
59	294.75554088886986
60	53.12378597231203
61	254.0429590090703
62	193.47425931510537
63	365.93209239638395
64	173.96759778000896
65	185.3158852581387
66	158.165246680028
67	224.50488523751446
68	167.34306410421448
69	246.1578588539179
70	236.10204885784333
71	67.1668470082054
72	63.36231505906464
73	269.97185237447565
74	219.08909135591472
75	814.4575479502563
76	531.1478267865069
77	96.33975405142299
78	208.76539364111127
79	624.7666129121619
80	140.12306655220652
81	38.806908713919476
82	136.40553623864585
83	196.94319846692113
84	219.89902830082252
85	233.67689247265722
86	379.94395481323886
87	33.36653774114269
88	128.0087711448429
89	242.33775383749366
90	285.215692060647
91	172.19724653056315
92	206.73396833274182
93	669.1588652198574
94	214.91802830176076
95	188.25255990004203
96	370.25568039298383
97	137.6722359838188
98	173.04758310229536
99	114.52447228521568
100	46.53025354501949



height_matrix
0.0  129.38065167330697  3.384872571392208  32.96345529470386  15.84466468177527  93.0824879751851  42.179080258881214  75.2438352486836  93.36747523812673  87.63027834726634  47.095453741138215  94.39900463769133  49.56238025511581  116.2583156834229  152.6522820298066  11.656251836807826  112.26970372192253  -13.248860353643494  62.29286934595024  110.53197335621346  62.14196497082129  38.59323079880852  86.66741680364724  93.45880852423613  74.1926476027472  102.40918938718659  121.08177772930142  156.90401476676965  25.747574348996693  66.75102882996032  -0.3503838752606043  0.3303532985190145  -25.61864466752587  -108.6634580236296  43.188557551055425  95.48766125332261  101.10639310768217  41.50284905680064  33.514165049891005  87.84829070660916  96.29093781624056  107.23314325343905  113.97001684574062  83.12695383539875  -276.72158952281825  99.51155922064093  83.55023136572346  39.774641979253005  18.242041489066764  62.58575521631178  -163.44489129134067  24.27801053423994  14.187835391348159  77.58994009764125  4.6099326289020155  110.81415457343452  53.08721108190913  76.11930300144873  131.85359829046564  15.489096678048384  149.72896052058053  38.10719772238147  71.75647533013978  -24.053431937237207  82.59350951630445  76.28890536178793  91.37259346073832  54.51723870657918  86.27380600285694  42.487808919688376  48.07437002861869  141.92725994508422  144.04088880571797  29.25781251937852  57.526013085245694  -273.2342405782774  -115.83995104286109  125.72008936551887  63.26140070458095  -167.8503877793361  101.39602686508358  157.68278121968748  103.4613214837284  69.82928691246435  57.07604811585247  49.42167913149987  -31.837799946601052  160.70520953789682  108.12619098028559  44.6100894843685  20.789012693727784  83.57703798821879  64.38997032034175  -192.51275017250023  59.84327033755345  74.65741944961941  -26.45542526868158  102.75759940307675  83.1046287817009  115.61746812452293  153.3920340912986  
-129.38065167330697  0.0  -125.99577910191476  -96.41719637860311  -113.5359869915317  -36.298163698121876  -87.20157141442576  -54.13681642462338  -36.01317643518025  -41.75037332604064  -82.28519793216876  -34.981647035615644  -79.81827141819116  -13.122335989884078  23.271630356499614  -117.72439983649915  -17.110947951384453  -142.62951202695047  -67.08778232735673  -18.848678317093523  -67.2386867024857  -90.78742087449845  -42.713234869659736  -35.921843149070845  -55.18800407055978  -26.971462286120392  -8.298873944005557  27.523363093462685  -103.63307732431028  -62.62962284334666  -129.73103554856758  -129.05029837478796  -154.99929634083284  -238.04410969693657  -86.19209412225155  -33.892990419984365  -28.274258565624812  -87.87780261650633  -95.86648662341597  -41.532360966697816  -33.08971385706642  -22.147508419867926  -15.410634827566362  -46.25369783790823  -406.10224119612525  -29.869092452666045  -45.830420307583516  -89.60600969405397  -111.1386101842402  -66.79489645699519  -292.82554296464764  -105.10264113906703  -115.19281628195881  -51.79071157566573  -124.77071904440496  -18.566497099872457  -76.29344059139785  -53.26134867185825  2.472946617158655  -113.89155499525859  20.348308847273543  -91.2734539509255  -57.6241763431672  -153.43408361054418  -46.78714215700253  -53.09174631151905  -38.00805821256866  -74.8634129667278  -43.106845670450035  -86.8928427536186  -81.30628164468828  12.546608271777231  14.660237132410984  -100.12283915392845  -71.85463858806128  -402.61489225158437  -245.22060271616806  -3.6605623077880978  -66.11925096872602  -297.2310394526431  -27.984624808223394  28.302129546380517  -25.91933018957858  -59.551364760842624  -72.3046035574545  -79.9589725418071  -161.21845161990802  31.324557864589842  -21.254460693021393  -84.77056218893847  -108.59163897957919  -45.80361368508819  -64.99068135296523  -321.8934018458072  -69.53738133575354  -54.72323222368757  -155.83607694198855  -26.623052270230225  -46.27602289160608  -13.763183548784042  24.01138241799162  
-3.384872571392208  125.99577910191476  0.0  29.578582723311655  12.459792110383063  89.6976154037929  38.794207687489006  71.85896267729139  89.98260266673452  84.24540577587413  43.71058116974601  91.01413206629913  46.177507683723604  112.87344311203069  149.2674094584144  8.271379265415618  108.88483115053032  -16.6337329250357  58.90799677455803  107.14710078482125  58.757092399429084  35.20835822741631  83.28254423225503  90.07393595284393  70.80777503135499  99.02431681579438  117.69690515790921  153.51914219537747  22.362701777604485  63.36615625856811  -3.735256446652812  -3.0545192728731934  -29.00351723891808  -112.04833059502181  39.80368497966322  92.1027886819304  97.72152053628996  38.117976485408434  30.129292478498797  84.46341813521695  92.90606524484835  103.84827068204685  110.58514427434841  79.74208126400654  -280.1064620942105  96.12668664924873  80.16535879433125  36.3897694078608  14.857168917674556  59.200882644919574  -166.82976386273288  20.89313796284773  10.802962819955951  74.20506752624904  1.2250600575098076  107.42928200204231  49.702338510516924  72.73443043005652  128.46872571907343  12.104224106656176  146.34408794918832  34.72232515098926  68.37160275874757  -27.438304508629415  79.20863694491224  72.90403279039572  87.98772088934611  51.13236613518697  82.88893343146474  39.10293634829617  44.68949745722648  138.542387373692  140.65601623432576  25.87293994798631  54.141140513853486  -276.6191131496696  -119.2248236142533  122.33521679412667  59.87652813318874  -171.2352603507283  98.01115429369138  154.29790864829528  100.07644891233619  66.44441434107215  53.691175544460265  46.036806560107664  -35.22267251799326  157.3203369665046  104.74131840889338  41.22521691297629  17.404140122335576  80.19216541682658  61.00509774894954  -195.89762274389244  56.45839776616124  71.2725468782272  -29.840297840073788  99.37272683168455  79.71975621030869  112.23259555313072  150.0071615199064  
-32.96345529470386  96.41719637860311  -29.578582723311655  0.0  -17.118790612928592  60.11903268048124  9.215624964177351  42.28037995397973  60.40401994342287  54.66682305256248  14.131998446434352  61.43554934298747  16.59892496041195  83.29486038871903  119.68882673510274  -21.307203457896037  79.30624842721866  -46.21231564834736  29.329414051246374  77.5685180615096  29.17850967611743  5.629775504104657  53.70396150894338  60.49535322953227  41.22919230804334  69.44573409248272  88.11832243459756  123.9405594720658  -7.21588094570717  33.787573535256456  -33.31383916996447  -32.63310199618485  -58.582099962229734  -141.62691331833346  10.225102256351562  62.52420595861875  68.1429378129783  8.539393762096779  0.5507097551871425  54.8848354119053  63.327482521536695  74.26968795873519  81.00656155103675  50.16349854069489  -309.6850448175221  66.54810392593707  50.5867760710196  6.811186684549142  -14.721413805637098  29.62229992160792  -196.40834658604453  -8.685444760463923  -18.775619903355704  44.626484802937384  -28.353522665801847  77.85069927873066  20.12375578720527  43.155847706744865  98.89014299576178  -17.47435861665548  116.76550522587667  5.1437424276776085  38.793020035435916  -57.01688723194107  49.63005422160059  43.32545006708406  58.40913816603445  21.553783411875315  53.31035070815308  9.524353624984514  15.110914733914825  108.96380465038035  111.0774335110141  -3.7056427753253445  24.56255779054183  -306.1976958729813  -148.80340633756495  92.75663407081501  30.297945409877087  -200.81384307403997  68.43257157037972  124.71932592498364  70.49786618902453  36.86583161776049  24.11259282114861  16.45822383679601  -64.80125524130491  127.74175424319296  75.16273568558172  11.646634189664638  -12.174442600976079  50.61358269351493  31.426515025637883  -225.4762054672041  26.879815042849586  41.69396415491555  -59.41888056338544  69.79414410837289  50.14117348699703  82.65401282981907  120.42857879659473  
-15.84466468177527  113.5359869915317  -12.459792110383063  17.118790612928592  0.0  77.23782329340983  26.334415577105943  59.399170566908325  77.52281055635146  71.78561366549107  31.250789059362944  78.55433995591606  33.71771557334054  100.41365100164762  136.80761734803133  -4.188412844967445  96.42503904014725  -29.093525035418764  46.448204664174966  94.68730867443819  46.29730028904602  22.74856611703325  70.82275212187197  77.61414384246086  58.34798292097193  86.56452470541132  105.23711304752615  141.05935008499438  9.902909667221422  50.90636414818505  -16.195048557035875  -15.514311383256256  -41.46330934930114  -124.50812270540487  27.343892869280154  79.64299657154734  85.2617284259069  25.65818437502537  17.669500368115735  72.00362602483389  80.44627313446529  91.38847857166378  98.12535216396535  67.28228915362348  -292.5662542045935  83.66689453886566  67.70556668394819  23.929977297477734  2.3973768072914936  46.74109053453651  -179.28955597311594  8.433345852464669  -1.6568292904271118  61.745275415865976  -11.234732052873255  94.96948989165925  37.24254640013386  60.27463831967346  116.00893360869037  -0.3555680037268871  133.88429583880526  22.2625330406062  55.91181064836451  -39.89809661901248  66.74884483452918  60.444240680012655  75.52792877896304  38.67257402480391  70.42914132108167  26.643144237913106  32.22970534684342  126.08259526330895  128.1962241239427  13.413147837603248  41.68134840347042  -289.0789052600527  -131.68461572463636  109.8754246837436  47.41673602280568  -183.69505246111137  85.55136218330831  141.8381165379122  87.61665680195313  53.984622230689084  41.2313834340772  33.5770144497246  -47.68246462837632  144.86054485612155  92.28152629851031  28.76542480259323  4.944348011952513  67.73237330644352  48.545305638566475  -208.3574148542755  43.99860565577818  58.81275476784414  -42.30008995045685  86.91293472130148  67.25996409992563  99.77280344274766  137.54736940952333  
-93.0824879751851  36.298163698121876  -89.6976154037929  -60.11903268048124  -77.23782329340983  0.0  -50.90340771630389  -17.838652726501508  0.2849872629416268  -5.452209627918762  -45.98703423404689  1.3165166625062312  -43.52010772006929  23.175827708237797  59.56979405462149  -81.42623613837728  19.187215746737422  -106.3313483288286  -30.789618629234866  17.449485381028353  -30.94052300436381  -54.48925717637658  -6.4150711715378606  0.3763205490510302  -18.889840372437902  9.326701412001484  27.99928975411632  63.82152679158456  -67.33491362618841  -26.331459145224784  -93.43287185044571  -92.75213467666609  -118.70113264271097  -201.7459459988147  -49.89393042412968  2.405173278137511  8.023905132497063  -51.57963891838446  -59.5683229252941  -5.23419726857594  3.2084498410554545  14.15065527825395  20.887528870555514  -9.955534139786351  -369.8040774980034  6.42907124545583  -9.53225660946164  -53.3078459959321  -74.84044648611834  -30.49673275887332  -256.52737926652577  -68.80447744094516  -78.89465258383694  -15.492547877543856  -88.47255534628309  17.73166659824942  -39.99527689327597  -16.963184973736375  38.77111031528053  -77.59339129713672  56.64647254539542  -54.97529025280363  -21.326012645045324  -117.13591991242231  -10.488978458880652  -16.793582613397177  -1.7098945144467876  -38.565249268605925  -6.808681972328159  -50.59467905549673  -45.008117946566415  48.84477196989911  50.95840083053286  -63.824675455806585  -35.55647488993941  -366.3167285534625  -208.9224390180462  32.63760139033378  -29.821087270604153  -260.9328757545212  8.313538889898481  64.6002932445024  10.378833508543295  -23.25320106272075  -36.00643985933263  -43.66080884368523  -124.92028792178616  67.62272156271172  15.043703005100483  -48.4723984908166  -72.29347528145732  -9.505449986966312  -28.692517654843357  -285.59523814768534  -33.239217637631654  -18.425068525565692  -119.53791324386668  9.67511142789165  -9.977859193484207  22.534980149337834  60.309546116113495  
-42.179080258881214  87.20157141442576  -38.794207687489006  -9.215624964177351  -26.334415577105943  50.90340771630389  0.0  33.06475498980238  51.188394979245516  45.45119808838513  4.916373482257001  52.21992437881012  7.383299996234598  74.07923542454168  110.47320177092539  -30.52282842207339  70.09062346304131  -55.42794061252471  20.113789087069023  68.35289309733224  19.962884711940077  -3.5858494600726942  44.48833654476603  51.27972826535492  32.01356734386599  60.23010912830537  78.90269747042021  114.72493450788845  -16.43150590988452  24.571948571079105  -42.52946413414182  -41.8487269603622  -67.79772492640708  -150.84253828251082  1.0094772921742106  53.3085809944414  58.92731284880095  -0.6762312020805723  -8.664915208990209  45.66921044772795  54.11185755735934  65.05406299455784  71.7909365868594  40.94787357651754  -318.9006697816995  57.33247896175972  41.37115110684225  -2.4044382796282093  -23.93703876981445  20.406674957430567  -205.62397155022188  -17.901069724641275  -27.991244867533055  35.41085983876003  -37.5691476299792  68.63507431455331  10.908130823027918  33.940222742567514  89.67451803158443  -26.68998358083283  107.54988026169931  -4.071882536499743  29.577395071258564  -66.23251219611842  40.41442925742324  34.10982510290671  49.1935132018571  12.338158447697964  44.09472574397573  0.3087286608071622  5.895289769737474  99.748179686203  101.86180854683676  -12.921267739502696  15.34693282636448  -315.4133208371586  -158.0190313017423  83.54100910663766  21.082320445699736  -210.02946803821732  59.21694660620237  115.50370096080628  61.28224122484718  27.65020665358314  14.896967856971258  7.242598872618657  -74.01688020548227  118.5261292790156  65.94711072140437  2.431009225487287  -21.39006756515343  41.39795772933758  22.210890061460532  -234.69183043138145  17.664190078672235  32.4783391907382  -68.6345055275628  60.57851914419554  40.92554852281968  73.43838786564172  111.21295383241738  
-75.2438352486836  54.13681642462338  -71.85896267729139  -42.28037995397973  -59.399170566908325  17.838652726501508  -33.06475498980238  0.0  18.123639989443134  12.386443098582745  -28.14838150754538  19.15516938900774  -25.681454993567783  41.014480434739305  77.40844678112299  -63.58758341187577  37.02586847323893  -88.49269560232709  -12.950965902733358  35.28813810752986  -13.101870277862304  -36.650604449875075  11.423581554963647  18.214973275552538  -1.0511876459363947  27.16535413850299  45.837942480617826  81.66017951808607  -49.4962608996869  -8.492806418723276  -75.5942191239442  -74.91348195016458  -100.86247991620947  -183.9072932723132  -32.05527769762817  20.24382600463902  25.86255785899857  -33.74098619188295  -41.72967019879259  12.604455457925567  21.047102567556962  31.989308004755458  38.72618159705702  7.883118586715156  -351.9654247715019  24.267723971957338  8.306396117039867  -35.46919326943059  -57.00179375961683  -12.658080032371814  -238.68872654002428  -50.965824714443656  -61.055999857335436  2.3461048489576513  -70.63390261978158  35.570319324750926  -22.156624166774463  0.8754677527651324  56.60976304178204  -59.75473857063521  74.48512527189692  -37.136637526302124  -3.4873599185438167  -99.2972671859208  7.3496742676208555  1.0450701131043303  16.12875821205472  -20.726596542104417  11.029970754173348  -32.75602632899522  -27.169465220064907  66.6834246964006  68.79705355703436  -45.98602272930508  -17.7178221634379  -348.478075826961  -191.0837862915447  50.476254116835285  -11.982434544102645  -243.0942230280197  26.15219161639999  82.4389459710039  28.217486235044802  -5.414548336219241  -18.167787132831123  -25.822156117183724  -107.08163519528465  85.46137428921323  32.88235573160199  -30.633745764315094  -54.45482255495581  8.333202739535196  -10.85386492834185  -267.75658542118384  -15.400564911130147  -0.5864157990641843  -101.69926051736518  27.513764154393158  7.860793533017301  40.37363287583934  78.148198842615  
-93.36747523812673  36.01317643518025  -89.98260266673452  -60.40401994342287  -77.52281055635146  -0.2849872629416268  -51.188394979245516  -18.123639989443134  0.0  -5.737196890860389  -46.272021496988515  1.0315293995646044  -43.80509498301092  22.89084044529617  59.28480679167986  -81.7112234013189  18.902228483795795  -106.61633559177022  -31.074605892176493  17.164498118086726  -31.225510267305438  -54.77424443931821  -6.700058434479487  0.09133328610940339  -19.17482763537953  9.041714149059857  27.714302491174692  63.53653952864293  -67.61990088913004  -26.61644640816641  -93.71785911338733  -93.03712193960772  -118.9861199056526  -202.03093326175633  -50.178917687071305  2.120186015195884  7.738917869555436  -51.86462618132609  -59.853310188235724  -5.519184531517567  2.9234625781138277  13.865668015312323  20.602541607613887  -10.240521402727978  -370.089064760945  6.1440839825142035  -9.817243872403267  -53.592833258873725  -75.12543374905997  -30.781720021814948  -256.8123665294674  -69.08946470388679  -79.17963984677857  -15.777535140485483  -88.75754260922471  17.446679335307792  -40.2802641562176  -17.248172236678002  38.486123052338904  -77.87837856007835  56.36148528245379  -55.26027751574526  -21.61099990798695  -117.42090717536394  -10.773965721822279  -17.078569876338804  -1.9948817773884144  -38.85023653154755  -7.093669235269786  -50.87966631843835  -45.29310520950804  48.55978470695748  50.67341356759123  -64.10966271874821  -35.841462152881036  -366.6017158164041  -209.20742628098782  32.35261412739215  -30.10607453354578  -261.21786301746283  8.028551626956855  64.31530598156077  10.093846245601668  -23.538188325662375  -36.29142712227426  -43.94579610662686  -125.20527518472778  67.33773429977009  14.758715742158856  -48.75738575375823  -72.57846254439895  -9.790437249907939  -28.977504917784984  -285.88022541062696  -33.52420490057328  -18.71005578850732  -119.82290050680831  9.390124164950024  -10.262846456425834  22.249992886396207  60.02455885317187  
-87.63027834726634  41.75037332604064  -84.24540577587413  -54.66682305256248  -71.78561366549107  5.452209627918762  -45.45119808838513  -12.386443098582745  5.737196890860389  0.0  -40.534824606128126  6.768726290424993  -38.06789809215053  28.62803733615656  65.02200368254026  -75.97402651045851  24.639425374656184  -100.87913870090983  -25.337409001316104  22.901695008947115  -25.48831337644505  -49.03704754845782  -0.9628615436190984  5.828530176969792  -13.43763074451914  14.778911039920246  33.45149938203508  69.27373641950332  -61.88270399826965  -20.87924951730602  -87.98066222252695  -87.29992504874733  -113.24892301479221  -196.29373637089594  -44.441720796210916  7.857382906056273  13.476114760415825  -46.1274292904657  -54.116113297375335  0.21801235934282204  8.660659468974217  19.602864906172712  26.339738498474276  -4.503324511867589  -364.3518678700846  11.881280873374592  -4.080046981542878  -47.855636368013336  -69.38823685819958  -25.04452313095456  -251.075169638607  -63.3522678130264  -73.44244295591818  -10.040338249625094  -83.02034571836433  23.18387622616818  -34.54306726535721  -11.510975345817613  44.22331994319929  -72.14118166921796  62.09868217331418  -49.52308062488487  -15.873803017126562  -111.68371028450355  -5.03676883096189  -11.341372985478415  3.7423151134719745  -33.11303964068716  -1.3564723444093971  -45.142469427577964  -39.55590831864765  54.29698159781787  56.41061045845162  -58.37246582788782  -30.104265262020647  -360.86451892554373  -203.47022939012743  38.08981101825254  -24.36887764268539  -255.48066612660244  13.765748517817244  70.05250287242116  15.831043136462057  -17.800991434801986  -30.554230231413868  -38.20859921576647  -119.46807829386739  73.07493119063048  20.495912633019245  -43.02018886289784  -66.84126565353856  -4.05324035904755  -23.240308026924595  -280.1430285197666  -27.787008009712892  -12.97285889764693  -114.08570361594792  15.127321055810413  -4.525649565565445  27.987189777256596  65.76175574403226  
-47.095453741138215  82.28519793216876  -43.71058116974601  -14.131998446434352  -31.250789059362944  45.98703423404689  -4.916373482257001  28.14838150754538  46.272021496988515  40.534824606128126  0.0  47.30355089655312  2.4669265139775973  69.16286194228468  105.55682828866838  -35.43920190433039  65.17424998078431  -60.34431409478171  15.197415604812022  63.43651961507524  15.046511229683077  -8.502222942329695  39.57196306250903  46.36335478309792  27.097193861608986  55.31373564604837  73.9863239881632  109.80856102563145  -21.34787939214152  19.655575088822104  -47.44583761639882  -46.7651004426192  -72.71409840866409  -155.75891176476782  -3.90689619008279  48.3922075121844  54.01093936654395  -5.592604684337573  -13.58128869124721  40.75283696547095  49.19548407510234  60.13768951230084  66.8745631046024  36.03150009426054  -323.8170432639565  52.41610547950272  36.45477762458525  -7.32081176188521  -28.85341225207145  15.490301475173567  -210.54034503247888  -22.817443206898275  -32.907618349790056  30.49448635650303  -42.4855211122362  63.71870083229631  5.991757340770917  29.023849260310513  84.75814454932743  -31.60635706308983  102.63350677944231  -8.988256018756744  24.661021589001564  -71.14888567837542  35.498055775166236  29.19345162064971  44.2771397196001  7.421784965440963  39.17835226171873  -4.6076448214498384  0.9789162874804731  94.831806203946  96.94543506457975  -17.837641221759696  10.430559344107479  -320.3296943194156  -162.9354047839993  78.62463562438066  16.165946963442735  -214.94584152047432  54.30057312394537  110.58732747854928  56.36586774259018  22.73383317132614  9.980594374714258  2.3262253903616568  -78.93325368773927  113.6097557967586  61.03073723914737  -2.4853642567697136  -26.30644104741043  36.481584247080576  17.29451657920353  -239.60820391363845  12.747816596415234  27.561965708481196  -73.5508790098198  55.66214566193854  36.00917504056268  68.52201438338471  106.29658035016038  
-94.39900463769133  34.981647035615644  -91.01413206629913  -61.43554934298747  -78.55433995591606  -1.3165166625062312  -52.21992437881012  -19.15516938900774  -1.0315293995646044  -6.768726290424993  -47.30355089655312  0.0  -44.83662438257552  21.859311045731566  58.25327739211526  -82.74275280088351  17.87069908423119  -107.64786499133483  -32.1061352917411  16.13296871852212  -32.25703966687004  -55.805773838882814  -7.731587834044092  -0.940196113455201  -20.206357034944133  8.010184749495252  26.682773091610088  62.50501012907833  -68.65143028869464  -27.647975807731015  -94.74938851295194  -94.06865133917232  -120.0176493052172  -203.06246266132092  -51.21044708663591  1.0886566156312796  6.707388469990832  -52.89615558089069  -60.88483958780033  -6.550713931082171  1.8919331785492233  12.834138615747719  19.571012208049282  -11.272050802292583  -371.1205941605096  5.112554582949599  -10.848773271967872  -54.62436265843833  -76.15696314862457  -31.813249421379552  -257.843895929032  -70.1209941034514  -80.21116924634318  -16.809064540050088  -89.78907200878932  16.415149935743187  -41.3117935557822  -18.279701636242606  37.4545936527743  -78.90990795964295  55.32995588288919  -56.29180691530986  -22.642529307551555  -118.45243657492854  -11.805495121386883  -18.11009927590341  -3.026411176953019  -39.881765931112156  -8.12519863483439  -51.91119571800296  -46.324634609072646  47.528255307392875  49.64188416802663  -65.14119211831282  -36.87299155244564  -367.6332452159687  -210.2389556805524  31.321084727827547  -31.137603933110384  -262.2493924170274  6.99702222739225  63.283776581996165  9.062316846037064  -24.56971772522698  -37.32295652183886  -44.97732550619146  -126.23680458429239  66.30620490020549  13.727186342594251  -49.78891515332283  -73.60999194396355  -10.821966649472543  -30.009034317349588  -286.91175481019155  -34.555734300137885  -19.741585188071923  -120.85442990637291  8.35859476538542  -11.294375855990438  21.218463486831602  58.993029453607264  
-49.56238025511581  79.81827141819116  -46.177507683723604  -16.59892496041195  -33.71771557334054  43.52010772006929  -7.383299996234598  25.681454993567783  43.80509498301092  38.06789809215053  -2.4669265139775973  44.83662438257552  0.0  66.69593542830708  103.08990177469079  -37.906128418307986  62.70732346680671  -62.811240608759306  12.730489090834425  60.969593101097644  12.57958471570548  -10.969149456307292  37.10503654853143  43.89642826912032  24.63026734763139  52.846809132070774  71.51939747418561  107.34163451165385  -23.81480590611912  17.188648574844507  -49.91276413037642  -49.2320269565968  -75.18102492264168  -158.2258382787454  -6.373822704060387  45.9252809982068  51.544012852566354  -8.05953119831517  -16.048215205224807  38.28591045149335  46.728557561124745  57.67076299832324  64.4076365906248  33.56457358028294  -326.2839697779341  49.94917896552512  33.98785111060765  -9.787738275862807  -31.320338766049048  13.02337496119597  -213.00727154645648  -25.284369720875873  -35.37454486376765  28.027559842525434  -44.9524476262138  61.25177431831871  3.5248308267933197  26.556922746332916  82.29121803534983  -34.07328357706743  100.16658026546472  -11.45518253273434  22.194095075023967  -73.61581219235302  33.03112926118864  26.726525106672113  41.8102132056225  4.954858451463366  36.71142574774113  -7.074571335427436  -1.4880102264971242  92.3648796899684  94.47850855060216  -20.304567735737294  7.963632830129882  -322.7966208333932  -165.4023312979769  76.15770911040306  13.699020449465138  -217.41276803445191  51.83364660996777  108.12040096457169  53.898941228612586  20.266906657348542  7.5136678607366605  -0.14070112361594056  -81.40018020171686  111.14282928278101  58.56381072516977  -4.952290770747311  -28.773367561388028  34.01465773310298  14.827590065225934  -242.07513042761605  10.280890082437637  25.0950391945036  -76.01780552379739  53.19521914796094  33.542248526585084  66.05508786940712  103.82965383618279  
-116.2583156834229  13.122335989884078  -112.87344311203069  -83.29486038871903  -100.41365100164762  -23.175827708237797  -74.07923542454168  -41.014480434739305  -22.89084044529617  -28.62803733615656  -69.16286194228468  -21.859311045731566  -66.69593542830708  0.0  36.39396634638369  -104.60206384661507  -3.988611961500375  -129.5071760370664  -53.96544633747266  -5.726342327209444  -54.11635071260161  -77.66508488461437  -29.590898879775658  -22.799507159186767  -42.0656680806757  -13.849126296236314  4.823462045878522  40.64569908334676  -90.5107413344262  -49.50728685346258  -116.6086995586835  -115.92796238490388  -141.87696035094876  -224.9217737070525  -73.06975813236747  -20.770654430100286  -15.151922575740734  -74.75546662662225  -82.74415063353189  -28.410024976813737  -19.967377867182343  -9.025172429983847  -2.2882988376822837  -33.13136184802415  -392.9799052062412  -16.746756462781967  -32.70808431769944  -76.48367370416989  -98.01627419435613  -53.67256046711112  -279.7032069747636  -91.98030514918295  -102.07048029207473  -38.668375585781654  -111.64838305452088  -5.444161109988379  -63.17110460151377  -40.13901268197417  15.595282607042734  -100.76921900537451  33.47064483715762  -78.15111796104142  -44.50184035328312  -140.3117476206601  -33.66480616711845  -39.969410321634975  -24.885722222684585  -61.74107697684372  -29.984509680565957  -73.77050676373452  -68.1839456548042  25.66894426166131  27.782573122295062  -87.00050316404437  -58.732302598177206  -389.4925562617003  -232.09826672628398  9.46177368209598  -52.99691497884195  -284.108703462759  -14.862288818339316  41.42446553626459  -12.796994199694502  -46.429028770958546  -59.18226756757043  -66.83663655192302  -148.09611563002395  44.44689385447392  -8.132124703137315  -71.64822619905439  -95.46930298969511  -32.68127769520411  -51.868345363081154  -308.77106585592315  -56.41504534586945  -41.60089623380349  -142.71374095210447  -13.500716280346147  -33.153686901722004  -0.6408475588999636  37.1337184078757  
-152.6522820298066  -23.271630356499614  -149.2674094584144  -119.68882673510274  -136.80761734803133  -59.56979405462149  -110.47320177092539  -77.40844678112299  -59.28480679167986  -65.02200368254026  -105.55682828866838  -58.25327739211526  -103.08990177469079  -36.39396634638369  0.0  -140.99603019299877  -40.38257830788407  -165.9011423834501  -90.35941268385636  -42.12030867359314  -90.5103170589853  -114.05905123099808  -65.98486522615934  -59.19347350557046  -78.4596344270594  -50.243092642620006  -31.57050430050517  4.251732736963071  -126.9047076808099  -85.90125319984628  -153.0026659050672  -152.32192873128758  -178.27092669733247  -261.3157400534362  -109.46372447875117  -57.16462077648398  -51.545888922124426  -111.14943297300596  -119.1381169799156  -64.80399132319744  -56.361344213566035  -45.41913877636754  -38.682265184065976  -69.52532819440785  -429.37387155262485  -53.14072280916566  -69.10205066408312  -112.8776400505536  -134.41024054073984  -90.06652681349482  -316.09717332114724  -128.37427149556666  -138.46444663845844  -75.06234193216534  -148.04234940090458  -41.83812745637207  -99.56507094789745  -76.53297902835786  -20.79868373934096  -137.16318535175822  -2.9233215092260707  -114.54508430742513  -80.89580669966682  -176.7057139670438  -70.05877251350213  -76.36337666801867  -61.27968856906828  -98.13504332322742  -66.37847602694964  -110.16447311011822  -104.57791200118791  -10.725022084722383  -8.61139322408863  -123.39446951042808  -95.1262689445609  -425.88652260808396  -268.49223307266766  -26.93219266428771  -89.39088132522565  -320.5026698091427  -51.25625516472301  5.030499189880903  -49.190960546078195  -82.82299511734223  -95.57623391395413  -103.23060289830673  -184.49008197640765  8.052927508090228  -44.52609104952101  -108.0421925454381  -131.86326933607882  -69.07524404158781  -88.26231170946485  -345.1650322023068  -92.80901169225314  -77.99486258018717  -179.10770729848818  -49.89468262672984  -69.54765324810569  -37.034813905283656  0.7397520614920055  
-11.656251836807826  117.72439983649915  -8.271379265415618  21.307203457896037  4.188412844967445  81.42623613837728  30.52282842207339  63.58758341187577  81.7112234013189  75.97402651045851  35.43920190433039  82.74275280088351  37.906128418307986  104.60206384661507  140.99603019299877  0.0  100.6134518851147  -24.90511219045132  50.63661750914241  98.87572151940563  50.485713134013466  26.936978962000694  75.01116496683942  81.80255668742831  62.536395765939375  90.75293755037876  109.4255258924936  145.24776292996182  14.091322512188867  55.09477699315249  -12.00663571206843  -11.325898538288811  -37.2748965043337  -120.31970986043743  31.5323057142476  83.83140941651479  89.45014127087434  29.846597219992816  21.85791321308318  76.19203886980134  84.63468597943273  95.57689141663123  102.31376500893279  71.47070199859093  -288.37784135962613  87.85530738383311  71.89397952891564  28.11839014244518  6.5857896522589385  50.929503379503956  -175.1011431281485  12.621758697432114  2.531583554540333  65.93368826083342  -7.04631920790581  99.1579027366267  41.430959245101306  64.4630511646409  120.19734645365781  3.832844841240558  138.0727086837727  26.450945885573645  60.10022349333195  -35.70968377404503  70.93725767949662  64.6326535249801  79.71634162393049  42.86098686977135  74.61755416604912  30.83155708288055  36.41811819181086  130.2710081082764  132.38463696891014  17.601560682570693  45.86976124843787  -284.8904924150852  -127.49620287966891  114.06383752871105  51.605148867773124  -179.50663961614393  89.73977502827576  146.02652938287966  91.80506964692057  58.17303507565653  45.41979627904465  37.765427294692046  -43.49405178340888  149.048957701089  96.46993914347776  32.953837647560675  9.132760856919958  71.92078615141097  52.73371848353392  -204.16900200930806  48.18701850074562  63.001167612811585  -38.111677105489406  91.10134756626893  71.44837694489307  103.9612162877151  141.73578225449077  
-112.26970372192253  17.110947951384453  -108.88483115053032  -79.30624842721866  -96.42503904014725  -19.187215746737422  -70.09062346304131  -37.02586847323893  -18.902228483795795  -24.639425374656184  -65.17424998078431  -17.87069908423119  -62.70732346680671  3.988611961500375  40.38257830788407  -100.6134518851147  0.0  -125.51856407556602  -49.97683437597229  -1.7377303657090692  -50.127738751101234  -73.676472923114  -25.602286918275283  -18.810895197686392  -38.077056119175325  -9.860514334735939  8.812074007378897  44.63431104484714  -86.52212937292583  -45.518674891962206  -112.62008759718313  -111.93935042340351  -137.8883483894484  -220.93316174555213  -69.0811461708671  -16.78204246859991  -11.163310614240359  -70.76685466512188  -78.75553867203152  -24.421413015313362  -15.978765905681968  -5.036560468483472  1.7003131238180913  -29.142749886523774  -388.9912932447408  -12.758144501281592  -28.719472356199063  -72.49506174266952  -94.02766223285576  -49.68394850561074  -275.7145950132632  -87.99169318768259  -98.08186833057437  -34.67976362428128  -107.65977109302051  -1.4555491484880037  -59.18249264001339  -36.1504007204738  19.58389456854311  -96.78060704387414  37.459256798658  -74.16250599954105  -40.51322839178275  -136.32313565915973  -29.676194205618074  -35.9807983601346  -20.89711026118421  -57.75246501534335  -25.99589771906558  -69.78189480223415  -64.19533369330384  29.657556223161684  31.771185083795437  -83.011891202544  -54.74369063667683  -385.5039443001999  -228.1096547647836  13.450385643596356  -49.008303017341575  -280.1200915012586  -10.87367685683894  45.413077497764974  -8.808382238194127  -42.44041680945817  -55.19365560607005  -62.84802459042265  -144.10750366852358  48.435505815974295  -4.14351274163694  -67.65961423755402  -91.48069102819474  -28.692665733703734  -47.87973340158078  -304.78245389442276  -52.426433384369076  -37.612284272303114  -138.7251289906041  -9.512104318845772  -29.16507494022163  3.3477644026004114  41.12233036937607  
13.248860353643494  142.62951202695047  16.6337329250357  46.21231564834736  29.093525035418764  106.3313483288286  55.42794061252471  88.49269560232709  106.61633559177022  100.87913870090983  60.34431409478171  107.64786499133483  62.811240608759306  129.5071760370664  165.9011423834501  24.90511219045132  125.51856407556602  0.0  75.54172969959373  123.78083370985695  75.39082532446479  51.842091152452014  99.91627715729074  106.70766887787963  87.4415079563907  115.65804974083008  134.33063808294492  170.15287512041317  38.99643470264019  79.99988918360381  12.89847647838289  13.579213652162508  -12.369784313882377  -95.41459766998611  56.43741790469892  108.73652160696611  114.35525346132566  54.751709410444136  46.7630254035345  101.09715106025266  109.53979816988405  120.48200360708255  127.21887719938411  96.37581418904225  -263.4727291691748  112.76041957428443  96.79909171936696  53.0235023328965  31.490901842710258  75.83461556995528  -150.19603093769717  37.52687088788343  27.436695744991653  90.83880045128474  17.85879298254551  124.06301492707802  66.33607143555263  89.36816335509222  145.10245864410913  28.737957031691877  162.97782087422402  51.356058076024965  85.00533568378327  -10.804571583593713  95.84236986994794  89.53776571543142  104.62145381438181  67.76609906022267  99.52266635650044  55.73666927333187  61.32323038226218  155.1761202987277  157.28974915936146  42.50667287302201  70.77487343888919  -259.9853802246339  -102.5910906892176  138.96894971916237  76.51026105822444  -154.6015274256926  114.64488721872708  170.93164157333098  116.71018183737189  83.07814726610785  70.32490846949597  62.670539485143365  -18.58893959295756  173.9540698915403  121.37505133392908  57.858949838011995  34.03787304737128  96.82589834186228  77.63883067398524  -179.26388981885674  73.09213069119694  87.9062798032629  -13.206564915038086  116.00645975672025  96.35348913534439  128.86632847816642  166.6408944449421  
