Height_Data

node	height
0	236.33344171972325
1	91.41859528614742
2	197.44634029996325
3	86.4430685609575
4	249.45275274402064
5	149.81849359507447
6	161.55980857398362
7	82.60704282665564
8	163.83145178805526
9	205.756301584762
10	102.43623078347085
11	246.6980939206848
12	239.6945804239381
13	206.43830255598547
14	27.778633908726462
15	39.228617024390275
16	206.69314136186958
17	44.343466917527685
18	197.65430626256105
19	29.038346515481464
20	213.5572863006915
21	273.85877763982336
22	106.89129209126412
23	93.3206473500815
24	82.63490249032397
25	59.41478643418612
26	99.27696057009067
27	153.81377266358572
28	209.92693107488185
29	297.233018934161
30	349.96528047097564
31	155.3237313898571
32	43.995318058246006
33	129.88829727114532
34	75.35939002323494
35	92.72955302116578
36	185.63075222285553
37	82.82205189955512
38	317.5559969087434
39	139.62110629851114
40	370.29046606804263
41	159.9707409801883
42	202.73478323344128
43	106.54937326676155
44	81.77610304970807
45	128.6801460859703
46	177.50106661425912
47	159.0313314400571
48	218.95375175254588
49	306.63461950713923
50	358.89626375380715
51	66.85119189715223
52	181.6639608166914
53	190.93916747181748
54	141.03154732084195
55	109.1752499558313
56	113.00949085229672
57	142.35874793251443
58	95.49059643174107
59	72.35596863402228
60	377.1319727544303
61	197.65430626256105
62	110.7646900231084
63	200.87868957091595
64	204.23327000637073
65	101.98048324409022
66	214.6714634290605
67	279.725717193939
68	183.60395102595302
69	62.18017545564566
70	126.19580404478612
71	125.05334064088487
72	142.71112001179034
73	40.56112650600464
74	117.75607326241662
75	151.55087058682898
76	158.7738645074271
77	180.59092031404123
78	79.82643048559014
79	101.54392685417002
80	83.1472006895491
81	78.30894729041911
82	94.65999941238204
83	358.5204131609775
84	64.9217667026833
85	203.29592908553926
86	246.2907752714542
87	147.66684532090764
88	182.39033954309173
89	199.49548560649004
90	40.71994116833506
91	202.8399287015037
92	77.62500065943539
93	97.65138277583506
94	152.4401576330002
95	122.24973827646713
96	82.5637407940137
97	109.95219533648554
98	114.00108834637774
99	385.32610090791104
100	211.23258236831168



height_matrix
0.0  144.91484643357583  38.88710141976  149.89037315876575  -13.119311024297389  86.51494812464878  74.77363314573964  153.7263988930676  72.50198993166799  30.57714013496124  133.8972109362524  -10.364652200961558  -3.361138704214852  29.89513916373778  208.5548078109968  197.10482469533298  29.640300357853675  191.98997480219558  38.679135457162204  207.2950952042418  22.776155419031767  -37.525335920100105  129.44214962845913  143.01279436964177  153.69853922939927  176.91865528553714  137.0564811496326  82.51966905613753  26.406510644841404  -60.899577214437755  -113.63183875125239  81.00971032986615  192.33812366147725  106.44514444857793  160.97405169648832  143.60388869855745  50.70268949686772  153.51138982016812  -81.22255518902014  96.71233542121212  -133.95702434831938  76.36270073953494  33.59865848628198  129.78406845296172  154.55733867001518  107.65329563375295  58.83237510546414  77.30211027966615  17.37968996717737  -70.30117778741598  -122.5628220340839  169.48224982257102  54.669480903031854  45.39427424790577  95.3018943988813  127.15819176389195  123.32395086742653  93.97469378720882  140.8428452879822  163.97747308570098  -140.79853103470705  38.679135457162204  125.56875169661485  35.4547521488073  32.10017171335252  134.35295847563305  21.661978290662745  -43.39227547421572  52.72949069377023  174.1532662640776  110.13763767493714  111.28010107883838  93.62232170793291  195.77231521371863  118.57736845730663  84.78257113289428  77.55957721229615  55.74252140568203  156.50701123413313  134.78951486555323  153.18624103017416  158.02449442930413  141.67344230734122  -122.18697144125426  171.41167501703995  33.037512634184  -9.957333551730954  88.66659639881561  53.94310217663153  36.83795611323322  195.6135005513882  33.493513018219545  158.70844106028787  138.6820589438882  83.89328408672304  114.08370344325613  153.76970092570957  126.38124638323771  122.33235337334551  -148.9926591881878  25.10085935141157  
-144.91484643357583  0.0  -106.02774501381583  4.975526725189923  -158.03415745787322  -58.39989830892705  -70.1412132878362  8.811552459491779  -72.41285650190784  -114.33770629861459  -11.017635497323425  -155.2794986345374  -148.27598513779068  -115.01970726983805  63.63996137742096  52.18997826175715  -115.27454607572216  47.07512836861974  -106.23571097641363  62.38024877066596  -122.13869101454407  -182.44018235367594  -15.472696805116698  -1.9020520639340788  8.783692795823455  32.0038088519613  -7.858365283943243  -62.3951773774383  -118.50833578873443  -205.8144236480136  -258.5466851848282  -63.90513610370968  47.423277227901416  -38.4697019849979  16.059205262912485  -1.3109577350183628  -94.21215693670811  8.596543386592302  -226.13740162259597  -48.202511012363715  -278.8718707818952  -68.55214569404089  -111.31618794729386  -15.130777980614127  9.642492236439352  -37.261550799822885  -86.0824713281117  -67.61273615390968  -127.53515646639846  -215.2160242209918  -267.4776684676597  24.56740338899519  -90.24536553054398  -99.52057218567006  -49.61295203469453  -17.756654669683883  -21.5908955661493  -50.94015264636701  -4.072001145593646  19.062626652125147  -285.7133774682829  -106.23571097641363  -19.34609473696098  -109.46009428476853  -112.81467472022331  -10.561887957942801  -123.25286814291309  -188.30712190779155  -92.1853557398056  29.238419830501762  -34.77720875863869  -33.63474535473745  -51.29252472564292  50.85746878014278  -26.3374779762692  -60.132275300681556  -67.35526922127968  -89.1723250278938  11.592164800557285  -10.125331568022602  8.271394596598327  13.10964799572831  -3.241404126234613  -267.1018178748301  26.496828583464122  -111.87733379939183  -154.8721799853068  -56.24825003476022  -90.9717442569443  -108.07689032034261  50.69865411781236  -111.42133341535629  13.793594626712036  -6.232787489687638  -61.02156234685279  -30.831142990319705  8.854854492133725  -18.533600050338123  -22.58249306023032  -293.9075056217636  -119.81398708216426  
-38.88710141976  106.02774501381583  0.0  111.00327173900575  -52.00641244405739  47.62784670488878  35.88653172597964  114.83929747330761  33.61488851190799  -8.30996128479876  95.0101095164924  -49.25175362072156  -42.24824012397485  -8.99196225602222  169.66770639123678  158.21772327557298  -9.246801061906325  153.10287338243558  -0.20796596259779676  168.4079937844818  -16.110946000728234  -76.4124373398601  90.55504820869913  104.12569294988175  114.81143780963929  138.03155386577714  98.16937972987259  43.63256763637753  -12.480590774918596  -99.78667863419776  -152.5189401710124  42.12260891010615  153.45102224171725  67.55804302881793  122.08695027672832  104.71678727879747  11.81558807710772  114.62428840040813  -120.10965660878014  57.82523400145212  -172.84412576807938  37.47559931977494  -5.288442933478024  90.8969670332017  115.67023725025518  68.76619421399295  19.945273685704137  38.41500885990615  -21.50741145258263  -109.18827920717598  -161.4499234538439  130.59514840281102  15.782379483271853  6.5071728281457695  56.4147929791213  88.27109034413195  84.43684944766653  55.08759236744882  101.95574386822219  125.09037166594098  -179.68563245446705  -0.20796596259779676  86.68165027685485  -3.432349270952699  -6.786929706407477  95.46585705587303  -17.225123129097256  -82.27937689397572  13.84238927401023  135.2661648443176  71.25053625517714  72.39299965907838  54.73522028817291  156.8852137939586  79.69026703754663  45.895469713134275  38.67247579253615  16.855419985922026  117.61990981437312  95.90241344579323  114.29913961041416  119.13739300954414  102.78634088758122  -161.07407286101426  132.52457359727995  -5.849588785576003  -48.844434971490955  49.77949497905561  15.056000756871526  -2.049145306526782  156.7263991316282  -5.393588401540455  119.82133964052787  99.7949575241282  45.00618266696304  75.19660202349613  114.88259950594956  87.49414496347771  83.44525195358551  -187.8797606079478  -13.786242068348429  
-149.89037315876575  -4.975526725189923  -111.00327173900575  0.0  -163.00968418306314  -63.37542503411697  -75.11674001302612  3.836025734301856  -77.38838322709776  -119.31323302380451  -15.993162222513348  -160.2550253597273  -153.2515118629806  -119.99523399502797  58.66443465223104  47.214451536567225  -120.25007280091208  42.099601643429814  -111.21123770160355  57.404722045476035  -127.11421773973399  -187.41570907886586  -20.44822353030662  -6.8775787891240014  3.8081660706335327  27.02828212677138  -12.833892009133166  -67.37070410262822  -123.48386251392435  -210.7899503732035  -263.52221191001814  -68.8806628288996  42.44775050271149  -43.44522871018782  11.083678537722562  -6.286484460208285  -99.18768366189803  3.621016661402379  -231.1129283477859  -53.17803773755364  -283.84739750708513  -73.52767241923081  -116.29171467248378  -20.10630470580405  4.66696551124943  -42.23707752501281  -91.05799805330162  -72.5882628790996  -132.51068319158838  -220.19155094618174  -272.45319519284965  19.591876663805266  -95.2208922557339  -104.49609891085998  -54.58847875988445  -22.732181394873805  -26.566422291339222  -55.915679371556934  -9.047527870783568  14.087099926935224  -290.6889041934728  -111.21123770160355  -24.3216214621509  -114.43562100995845  -117.79020144541323  -15.537414683132724  -128.228394868103  -193.28264863298148  -97.16088246499552  24.26289310531184  -39.752735483828616  -38.61027207992737  -56.26805145083284  45.88194205495286  -31.31300470145912  -65.10780202587148  -72.3307959464696  -94.14785175308373  6.616638075367362  -15.100858293212525  3.2958678714084044  8.134121270538387  -8.216930851424536  -272.07734460002  21.5213018582742  -116.85286052458176  -159.8477067104967  -61.22377675995014  -95.94727098213423  -113.05241704553254  45.72312739262244  -116.39686014054621  8.818067901522113  -11.20831421487756  -65.99708907204271  -35.80666971550963  3.8793277669438027  -23.509126775528046  -27.558019785420242  -298.88303234695354  -124.78951380735418  
13.119311024297389  158.03415745787322  52.00641244405739  163.00968418306314  0.0  99.63425914894617  87.89294417003703  166.845709917365  85.62130095596538  43.69645115925863  147.0165219605498  2.7546588233358307  9.758172320082537  43.01445018803517  221.67411883529417  210.22413571963037  42.759611382151064  205.10928582649296  51.79844648145959  220.41440622853918  35.895466443329155  -24.406024895802716  142.56146065275652  156.13210539393913  166.8178502536967  190.03796630983453  150.17579217392998  95.63898008043492  39.52582166913879  -47.78026619014037  -100.512527726955  94.12902135416354  205.45743468577464  119.56445547287532  174.0933627207857  156.72319972285487  63.82200052116511  166.63070084446554  -68.10324416472275  109.8316464455095  -120.83771332402199  89.48201176383233  46.717969510579366  142.90337947725908  167.67664969431257  120.77260665805034  71.95168612976153  90.42142130396354  30.49900099147476  -57.18186676311859  -109.4435110097865  182.6015608468684  67.78879192732924  58.51358527220316  108.42120542317869  140.27750278818934  136.44326189172392  107.09400481150621  153.96215631227957  177.09678410999837  -127.67922001040967  51.79844648145959  138.68806272091223  48.57406317310469  45.21948273764991  147.4722694999304  34.781289314960134  -30.272964449918334  65.84880171806762  187.27257728837498  123.25694869923453  124.39941210313577  106.7416327322303  208.891626238016  131.696679481604  97.90188215719166  90.67888823659354  68.86183242997942  169.6263222584305  147.90882588985062  166.30555205447155  171.14380545360154  154.7927533316386  -109.06766041695687  184.53098604133734  46.156823658481386  3.1619774725664342  101.785907423113  67.06241320092892  49.95726713753061  208.7328115756856  46.612824042516934  171.82775208458526  151.80136996818558  97.01259511102043  127.20301446755352  166.88901195000693  139.5005574075351  135.4516643976429  -135.8733481638904  38.22017037570896  
-86.51494812464878  58.39989830892705  -47.62784670488878  63.37542503411697  -99.63425914894617  0.0  -11.741314978909145  67.21145076841883  -14.01295819298079  -55.93780798968754  47.382262811603624  -96.87960032561034  -89.87608682886363  -56.619808960911  122.03985968634801  110.5898765706842  -56.87464776679511  105.4750266775468  -47.83581266748658  120.78014707959301  -63.738792705617016  -124.04028404474889  42.92720150381035  56.49784624499297  67.1835911047505  90.40370716088836  50.541533024983806  -3.995279068511252  -60.10843747980738  -147.41452533908654  -200.14678687590117  -5.50523779478263  105.82317553682847  19.930196323929152  74.45910357183953  57.08894057390869  -35.81225862778106  66.99644169551935  -167.73750331366892  10.197387296563335  -220.47197247296816  -10.152247385113839  -52.916289638366806  43.26912032831292  68.0423905453664  21.138347509104165  -27.682573019184645  -9.21283784498263  -69.13525815747141  -156.81612591206476  -209.07777015873268  82.96730169792224  -31.84546722161693  -41.12067387674301  8.78694627423252  40.64324363924317  36.80900274277775  7.459745662560039  54.327897163333404  77.4625249610522  -227.31347915935584  -47.83581266748658  39.05380357196607  -51.06019597584148  -54.41477641129626  47.83801035098425  -64.85296983398604  -129.9072235988645  -33.78545743087855  87.6383181394288  23.622689550288356  24.765152954189602  7.107373583284129  109.25736708906983  32.06242033265785  -1.7323769917545064  -8.955370912352635  -30.772426718966756  69.99206310948433  48.27456674090445  66.67129290552538  71.50954630465536  55.158494182692436  -208.70191956590304  84.89672689239117  -53.477435490464785  -96.47228167637974  2.1516482741668312  -32.571845948017256  -49.676992011415564  109.09855242673942  -53.02143510642924  72.19349293563909  52.16711081923941  -2.62166403792574  27.568755318607344  67.25475280106077  39.86629825858893  35.81740524869673  -235.50760731283657  -61.41408877323721  
-74.77363314573964  70.1412132878362  -35.88653172597964  75.11674001302612  -87.89294417003703  11.741314978909145  0.0  78.95276574732797  -2.271643214071645  -44.1964930107784  59.12357779051277  -85.1382853467012  -78.13477184995449  -44.87849398200186  133.78117466525714  122.33119154959334  -45.13333278788596  117.21634165645594  -36.094497688577434  132.52146205850215  -51.99747772670787  -112.29896906583974  54.6685164827195  68.23916122390212  78.92490608365965  102.1450221397975  62.28284800389295  7.746035910397893  -48.36712250089823  -135.6732103601774  -188.40547189699203  6.236077184126515  117.56449051573762  31.671511302838297  86.20041855074868  68.83025555281783  -24.070943648871918  78.7377566744285  -155.99618833475978  21.93870227547248  -208.73065749405902  1.5890675937953063  -41.17497465945766  55.01043530722207  79.78370552427555  32.87966248801331  -15.9412580402755  2.528477133926515  -57.39394317856227  -145.07481093315562  -197.33645517982353  94.70861667683138  -20.104152242707784  -29.379358897833868  20.528261253141665  52.38455861815231  48.550317721686895  19.201060641469184  66.06921214224255  89.20383993996134  -215.5721641804467  -36.094497688577434  50.795118550875216  -39.318880996932336  -42.673461432387114  59.57932532989339  -53.11165485507689  -118.16590861995536  -22.044142451969407  99.37963311833795  35.3640045291975  36.50646793309875  18.848688562193274  120.99868206797898  43.803735311566996  10.008937987154638  2.7859440665565103  -19.03111174005761  81.73337808839348  60.01588171981359  78.41260788443452  83.2508612835645  66.89980916160158  -196.9606045869939  96.63804187130032  -41.73612051155564  -84.73096669747059  13.892963253075976  -20.83053096910811  -37.93567703250642  120.83986740564856  -41.28012012752009  83.93480791454823  63.908425798148556  9.119650940983405  39.31007029751649  78.99606777996992  51.60761323749807  47.558720227605875  -223.76629233392742  -49.672773794328066  
-153.7263988930676  -8.811552459491779  -114.83929747330761  -3.836025734301856  -166.845709917365  -67.21145076841883  -78.95276574732797  0.0  -81.22440896139962  -123.14925875810637  -19.829187956815204  -164.09105109402918  -157.08753759728245  -123.83125972932983  54.82840891792918  43.37842580226537  -124.08609853521394  38.26357590912796  -115.0472634359054  53.56869631117418  -130.95024347403586  -191.25173481316773  -24.284249264608476  -10.713604523425857  -0.027859663668323265  23.192256392469524  -16.669917743435022  -71.20672983693008  -127.3198882482262  -214.62597610750538  -267.35823764432  -72.71668856320146  38.61172476840964  -47.281254444489676  7.247652803420706  -10.122510194510141  -103.02370939619989  -0.2150090728994769  -234.94895408208777  -57.01406347185549  -287.683423241387  -77.36369815353267  -120.12774040678563  -23.942330440105906  0.8309397769475737  -46.073103259314664  -94.89402378760347  -76.42428861340146  -136.34670892589025  -224.0275766804836  -276.2892209271515  15.75585092950341  -99.05691799003576  -108.33212464516184  -58.42450449418631  -26.56820712917566  -30.40244802564108  -59.75170510585879  -12.883553605085424  10.251074192633368  -294.5249299277747  -115.0472634359054  -28.157647196452757  -118.27164674426031  -121.62622717971509  -19.37344041743458  -132.06442060240488  -197.11867436728335  -100.99690819929738  20.426867371009983  -43.58876121813047  -42.446297814229226  -60.1040771851347  42.045916320651  -35.14903043576098  -68.94382776017333  -76.16682168077146  -97.98387748738558  2.780612341065506  -18.93688402751438  -0.5401578628934516  4.298095536236531  -12.052956585726392  -275.9133703343219  17.685276123972343  -120.68888625888361  -163.68373244479858  -65.059802494252  -99.78329671643608  -116.88844277983439  41.88710165832058  -120.23288587484807  4.982042167220257  -15.044339949179417  -69.83311480634457  -39.642695449811484  0.04330203264194665  -27.3451525098299  -31.3940455197221  -302.7190580812554  -128.62553954165605  
-72.50198993166799  72.41285650190784  -33.61488851190799  77.38838322709776  -85.62130095596538  14.01295819298079  2.271643214071645  81.22440896139962  0.0  -41.92484979670675  61.395221004584414  -82.86664213262955  -75.86312863588284  -42.60685076793021  136.0528178793288  124.60283476366499  -42.86168957381432  119.48798487052758  -33.82285447450579  134.7931052725738  -49.725834512636226  -110.0273258517681  56.94015969679114  70.51080443797376  81.1965492977313  104.41666535386915  64.5544912179646  10.017679124469538  -46.09547928682659  -133.40156714610575  -186.13382868292038  8.50772039819816  119.83613372980926  33.94315451690994  88.47206176482032  71.10189876688948  -21.799300434800273  81.00939988850014  -153.72454512068813  24.210345489544125  -206.45901427998737  3.860710807866951  -38.903331445386016  57.28207852129371  82.05534873834719  35.151305702084954  -13.669614826203855  4.80012034799816  -55.12229996449062  -142.80316771908397  -195.0648119657519  96.98025989090303  -17.83250902863614  -27.107715683762223  22.79990446721331  54.65620183222396  50.82196093575854  21.47270385554083  68.3408553563142  91.47548315403299  -213.30052096637505  -33.82285447450579  53.06676176494686  -37.04723778286069  -40.40181821831547  61.85096854396504  -50.84001164100525  -115.89426540588371  -19.77249923789776  101.6512763324096  37.635647743269146  38.77811114717039  21.12033177626492  123.27032528205062  46.07537852563864  12.280581201226283  5.057587280628155  -16.759468525985966  84.00502130246512  62.28752493388524  80.68425109850617  85.52250449763615  69.17145237567323  -194.68896137292225  98.90968508537196  -39.464477297483995  -82.45932348339895  16.16460646714762  -18.558887755036466  -35.664033818434774  123.1115106197202  -39.00847691344845  86.20645112861988  66.1800690122202  11.39129415505505  41.581713511588134  81.26771099404156  53.87925645156972  49.83036344167752  -221.49464911985578  -47.40113058025642  
-30.57714013496124  114.33770629861459  8.30996128479876  119.31323302380451  -43.69645115925863  55.93780798968754  44.1964930107784  123.14925875810637  41.92484979670675  0.0  103.32007080129117  -40.9417923359228  -33.93827883917609  -0.6820009712234594  177.97766767603554  166.52768456037174  -0.9368397771075649  161.41283466723434  8.101995322200963  176.71795506928055  -7.800984715929474  -68.10247605506135  98.8650094934979  112.43565423468051  123.12139909443805  146.3415151505759  106.47934101467135  51.94252892117629  -4.170629490119836  -91.476717349399  -144.20897888621363  50.43257019490491  161.76098352651601  75.8680043136167  130.39691156152708  113.02674856359623  20.12554936190648  122.9342496852069  -111.79969532398138  66.13519528625088  -164.53416448328062  45.7855606045737  3.0215183513207364  99.20692831800046  123.98019853505394  77.0761554987917  28.255234970502897  46.72497014470491  -13.19745016778387  -100.87831792237722  -153.13996216904513  138.90510968760978  24.092340768070613  14.81713411294453  64.72475426392006  96.58105162893071  92.74681073246529  63.39755365224758  110.26570515302095  133.40033295073974  -171.3756711696683  8.101995322200963  94.99161156165361  4.877612013846061  1.523031578391283  103.77581834067179  -8.915161844298495  -73.96941560917696  22.15235055880899  143.57612612911635  79.5604975399759  80.70296094387714  63.04518157297167  165.19517507875736  88.0002283223454  54.205430997933036  46.98243707733491  25.165381270720786  125.92987109917188  104.21237473059199  122.60910089521292  127.4473542943429  111.09630217237998  -152.7641115762155  140.8345348820787  2.460372499222757  -40.534473686692195  58.08945626385437  23.365962041670286  6.260815978271978  165.03636041642696  2.9163728832583047  128.13130092532663  108.10491880892695  53.3161439517618  83.50656330829489  123.19256079074832  95.80410624827647  91.75521323838427  -179.56979932314903  -5.476280783549669  
-133.8972109362524  11.017635497323425  -95.0101095164924  15.993162222513348  -147.0165219605498  -47.382262811603624  -59.12357779051277  19.829187956815204  -61.395221004584414  -103.32007080129117  0.0  -144.26186313721396  -137.25834964046726  -104.00207177251463  74.65759687474439  63.20761375908057  -104.25691057839873  58.09276386594316  -95.2180754790902  73.39788426798938  -111.12105551722064  -171.4225468563525  -4.455061307793272  9.115583433389347  19.80132829314688  43.02144434928473  3.159270213380182  -51.377541880114876  -107.490700291411  -194.79678815069016  -247.5290496875048  -52.887500606386254  58.44091272522484  -27.45206648767447  27.07684076023591  9.706677762305063  -83.19452143938469  19.614178883915727  -215.11976612527255  -37.18487551504029  -267.8542352845718  -57.53451019671746  -100.29855244997043  -4.1131424832907015  20.660127733762778  -26.24391530249946  -75.06483583078827  -56.595100656586254  -116.51752096907504  -204.1983887236684  -256.46003297033633  35.585038886318614  -79.22773003322055  -88.50293668834664  -38.595316537371104  -6.739019172360457  -10.573260068825874  -39.922517149043586  6.94563435172978  30.080262149448572  -274.6957419709595  -95.2180754790902  -8.328459239637553  -98.4424587874451  -101.79703922289988  0.4557475393806243  -112.23523264558966  -177.28948641046813  -81.16772024248218  40.25605532782519  -23.759573261315268  -22.61710985741402  -40.274889228319495  61.87510427746621  -15.319842478945773  -49.11463980335813  -56.33763372395626  -78.15468953057038  22.60980029788071  0.892303929300823  19.289030093921752  24.127283493051735  7.776231371088812  -256.08418237750664  37.51446408078755  -100.85969830206841  -143.85454448798336  -45.23061453743679  -79.95410875962088  -97.05925482301919  61.716289615135786  -100.40369791803286  24.81123012403546  4.784848007635787  -50.003926849529364  -19.81350749299628  19.87248998945715  -7.5159645530146975  -11.564857562906894  -282.8898701244402  -108.79635158484083  
10.364652200961558  155.2794986345374  49.25175362072156  160.2550253597273  -2.7546588233358307  96.87960032561034  85.1382853467012  164.09105109402918  82.86664213262955  40.9417923359228  144.26186313721396  0.0  7.003513496746706  40.25979136469934  218.91946001195834  207.46947689629454  40.00495255881523  202.35462700315713  49.04378765812376  217.65974740520335  33.140807619993325  -27.160683719138547  139.8068018294207  153.3774465706033  164.06319143036086  187.2833074864987  147.42113335059415  92.88432125709909  36.77116284580296  -50.5349250134762  -103.26718655029083  91.37436253082771  202.7027758624388  116.80979664953949  171.33870389744988  153.96854089951904  61.06734169782928  163.8760420211297  -70.85790298805858  107.07698762217368  -123.59237214735782  86.7273529404965  43.963310687243535  140.14872065392325  164.92199087097674  118.0179478347145  69.1970273064257  87.66676248062771  27.744342168138928  -59.93652558645442  -112.19816983312234  179.84690202353258  65.03413310399341  55.75892644886733  105.66654659984286  137.5228439648535  133.6886030683881  104.33934598817038  151.20749748894374  174.34212528666254  -130.4338788337455  49.04378765812376  135.9334038975764  45.81940434976886  42.46482391431408  144.71761067659457  32.0266304916243  -33.027623273254164  63.09414289473179  184.51791846503914  120.5022898758987  121.64475327979994  103.98697390889447  206.13696741468016  128.94202065826818  95.14722333385583  87.9242294132577  66.10717360664358  166.87166343509466  145.1541670665148  163.55089323113572  168.3891466302657  152.03809450830278  -111.8223192402927  181.7763272180015  43.402164835145555  0.40731864923060357  99.03124859977717  64.30775437759308  47.20260831419478  205.97815275234976  43.8581652191811  169.07309326124943  149.04671114484975  94.2579362876846  124.44835564421768  164.1343531266711  136.74589858419927  132.69700557430707  -138.62800698722623  35.46551155237313  
3.361138704214852  148.27598513779068  42.24824012397485  153.2515118629806  -9.758172320082537  89.87608682886363  78.13477184995449  157.08753759728245  75.86312863588284  33.93827883917609  137.25834964046726  -7.003513496746706  0.0  33.25627786795263  211.91594651521166  200.46596339954783  33.00143906206853  195.35111350641043  42.040274161377056  210.65623390845664  26.13729412324662  -34.16419721588525  132.803288332674  146.37393307385662  157.05967793361413  180.279793989752  140.41761985384744  85.88080776035238  29.767649349056256  -57.5384385102229  -110.27070004703754  84.370849034081  195.6992623656921  109.80628315279279  164.33519040070317  146.9650274027723  54.06382820108257  156.87252852438297  -77.86141648480529  100.07347412542697  -130.59588564410453  79.7238394437498  36.95979719049683  133.14520715717657  157.91847737423004  111.0144343379678  62.19351380967899  80.663248983881  20.740828671392222  -66.94003908320113  -119.20168332986904  172.84338852678587  58.030619607246706  48.75541295212062  98.66303310309615  130.5193304681068  126.68508957164138  97.33583249142367  144.20398399219704  167.33861178991583  -137.4373923304922  42.040274161377056  128.92989040082972  38.815890853022154  35.461310417567375  137.7140971798479  25.023116994877597  -40.03113677000087  56.09062939798508  177.51440496829244  113.49877637915199  114.64123978305324  96.98346041214776  199.13345391793348  121.93850716152149  88.14370983710913  80.920715916511  59.10366010989688  159.86814993834798  138.15065356976808  156.547379734389  161.38563313351898  145.03458101155607  -118.8258327370394  174.7728137212548  36.39865133839885  -6.596194847516102  92.02773510303047  57.30424088084638  40.19909481744807  198.97463925560305  36.8546517224344  162.06957976450272  142.04319764810305  87.2544227909379  117.44484214747098  157.13083962992442  129.74238508745256  125.69349207756036  -145.63152048397293  28.461998055626424  
-29.89513916373778  115.01970726983805  8.99196225602222  119.99523399502797  -43.01445018803517  56.619808960911  44.87849398200186  123.83125972932983  42.60685076793021  0.6820009712234594  104.00207177251463  -40.25979136469934  -33.25627786795263  0.0  178.65966864725902  167.2096855315952  -0.25483880588410557  162.0948356384578  8.783996293424423  177.399956040504  -7.118983744706014  -67.42047508383789  99.54701046472135  113.11765520590397  123.8034000656615  147.02351612179936  107.16134198589481  52.62452989239975  -3.488628518896377  -90.79471637817554  -143.52697791499017  51.11457116612837  162.44298449773947  76.55000528484015  131.07891253275054  113.70874953481969  20.80755033312994  123.61625065643035  -111.11769435275792  66.81719625747434  -163.85216351205716  46.46756157579716  3.703519322544196  99.88892928922392  124.6621995062774  77.75815647001517  28.937235941726357  47.40697111592837  -12.51544919656041  -100.19631695115376  -152.45796119782167  139.58711065883324  24.774341739294073  15.499135084167989  65.40675523514352  97.26305260015417  93.42881170368875  64.07955462347104  110.9477061242444  134.0823339219632  -170.69367019844483  8.783996293424423  95.67361253287707  5.559612985069521  2.2050325496147423  104.45781931189525  -8.233160873075036  -73.2874146379535  22.83435153003245  144.2581271003398  80.24249851119936  81.3849619151006  63.72718254419513  165.87717604998085  88.68222929356885  54.887431969156495  47.66443804855837  25.847382241944246  126.61187207039534  104.89437570181545  123.29110186643638  128.12935526556635  111.77830314360344  -152.08211060499204  141.51653585330217  3.1423734704462163  -39.852472715468735  58.77145723507783  24.047963012893746  6.9428169494954375  165.71836138765042  3.598373854481764  128.8133018965501  108.78691978015041  53.99814492298526  84.18856427951835  123.87456176197178  96.48610721949993  92.43721420960773  -178.88779835192557  -4.794279812326209  
-208.5548078109968  -63.63996137742096  -169.66770639123678  -58.66443465223104  -221.67411883529417  -122.03985968634801  -133.78117466525714  -54.82840891792918  -136.0528178793288  -177.97766767603554  -74.65759687474439  -218.91946001195834  -211.91594651521166  -178.65966864725902  0.0  -11.449983115663812  -178.91450745314313  -16.564833008801223  -169.8756723538346  -1.2597126067550022  -185.778652391965  -246.08014373109688  -79.11265818253766  -65.54201344135504  -54.856268581597504  -31.636152525459657  -71.4983266613642  -126.03513875485926  -182.14829716615537  -269.45438502543453  -322.18664656224917  -127.54509748113064  -16.216684149519544  -102.10966336241886  -47.580756114508475  -64.95091911243932  -157.8521183141291  -55.04341799082866  -289.7773630000169  -111.84247238978467  -342.51183215931616  -132.19210707146186  -174.95614932471483  -78.77073935803509  -53.99746914098161  -100.90151217724384  -149.72243270553264  -131.25269753133063  -191.1751178438194  -278.85598559841276  -331.11762984508067  -39.07255798842577  -153.88532690796495  -163.160533563091  -113.25291341211549  -81.39661604710484  -85.23085694357026  -114.58011402378797  -67.7119625230146  -44.57733472529581  -349.35333884570383  -169.8756723538346  -82.98605611438194  -173.1000556621895  -176.45463609764425  -74.20184933536376  -186.89282952033403  -251.9470832852125  -155.82531711722658  -34.4015415469192  -98.41717013605965  -97.2747067321584  -114.93248610306388  -12.782492597278178  -89.97743935369016  -123.77223667810252  -130.99523059870063  -152.81228640531475  -52.047796576863675  -73.76529294544356  -55.36856678082263  -50.53031338169265  -66.88136550365557  -330.74177925225104  -37.14313279395684  -175.5172951768128  -218.51214136272773  -119.88821141218118  -154.61170563436525  -171.71685169776356  -12.9413072596086  -175.06129479277723  -49.846366750708924  -69.8727488671086  -124.66152372427375  -94.47110436774066  -54.785106885287234  -82.17356142775908  -86.22245443765128  -357.54746699918456  -183.4539484595852  
-197.10482469533298  -52.18997826175715  -158.21772327557298  -47.214451536567225  -210.22413571963037  -110.5898765706842  -122.33119154959334  -43.37842580226537  -124.60283476366499  -166.52768456037174  -63.20761375908057  -207.46947689629454  -200.46596339954783  -167.2096855315952  11.449983115663812  0.0  -167.4645243374793  -5.114849893137411  -158.42568923817078  10.19027050890881  -174.3286692763012  -234.63016061543308  -67.66267506687385  -54.092030325691226  -43.40628546593369  -20.186169409795845  -60.04834354570039  -114.58515563919545  -170.69831405049158  -258.00440190977076  -310.73666344658534  -116.09511436546683  -4.766701033855732  -90.65968024675504  -36.13077299884466  -53.50093599677551  -146.40213519846526  -43.593434875164846  -278.32737988435315  -100.39248927412086  -331.0618490436524  -120.74212395579804  -163.506166209051  -67.32075624237127  -42.547486025317795  -89.45152906158003  -138.27244958986884  -119.80271441566683  -179.7251347281556  -267.40600248274893  -319.6676467294169  -27.62257487276196  -142.43534379230113  -151.7105504474272  -101.80293029645168  -69.94663293144103  -73.78087382790645  -103.13013090812416  -56.26197940735079  -33.127351609632  -337.90335573004006  -158.42568923817078  -71.53607299871813  -161.65007254652568  -165.00465298198046  -62.75186621969995  -175.44284640467023  -240.4971001695487  -144.37533400156275  -22.951558431255386  -86.96718702039584  -85.8247236164946  -103.48250298740007  -1.332509481614366  -78.52745623802635  -112.3222535624387  -119.54524748303683  -141.36230328965095  -40.59781346119986  -62.31530982977975  -43.91858366515882  -39.08033026602884  -55.43138238799176  -319.2917961365872  -25.693149678293025  -164.06731206114898  -207.06215824706393  -108.43822829651737  -143.16172251870145  -160.26686858209976  -1.4913241439447873  -163.61131167711343  -38.39638363504511  -58.422765751444786  -113.21154060860994  -83.02112125207685  -43.33512376962342  -70.72357831209527  -74.77247132198747  -346.0974838835208  -172.0039653439214  
-29.640300357853675  115.27454607572216  9.246801061906325  120.25007280091208  -42.759611382151064  56.87464776679511  45.13333278788596  124.08609853521394  42.86168957381432  0.9368397771075649  104.25691057839873  -40.00495255881523  -33.00143906206853  0.25483880588410557  178.91450745314313  167.4645243374793  0.0  162.3496744443419  9.038835099308528  177.6547948463881  -6.864144938821909  -67.16563627795378  99.80184927060546  113.37249401178808  124.05823887154561  147.27835492768347  107.41618079177891  52.879368698283855  -3.2337897130122712  -90.53987757229143  -143.27213910910606  51.36940997201248  162.69782330362358  76.80484409072426  131.33375133863464  113.9635883407038  21.062389139014044  123.87108946231446  -110.86285554687382  67.07203506335844  -163.59732470617305  46.72240038168127  3.9583581284283014  100.14376809510803  124.91703831216151  78.01299527589927  29.192074747610462  47.66180992181248  -12.260610390676305  -99.94147814526966  -152.20312239193757  139.84194946471735  25.02918054517818  15.753973890052094  65.66159404102763  97.51789140603827  93.68365050957286  64.33439342935515  111.20254493012851  134.3371727278473  -170.43883139256073  9.038835099308528  95.92845133876118  5.814451790953626  2.459871355498848  104.71265811777936  -7.9783220671909305  -73.0325758320694  23.089190335916555  144.5129659062239  80.49733731708346  81.63980072098471  63.982021350079236  166.13201485586495  88.93706809945296  55.1422707750406  47.91927685444247  26.10222104782835  126.86671087627944  105.14921450769955  123.54594067232048  128.38419407145045  112.03314194948754  -151.82727179910793  141.77137465918628  3.397212276330322  -39.59763390958463  59.02629604096194  24.30280181877785  7.197655755379543  165.97320019353452  3.8532126603658696  129.0681407024342  109.04175858603452  54.25298372886937  84.44340308540245  124.12940056785588  96.74094602538403  92.69205301549184  -178.63295954604146  -4.539441006442104  
-191.98997480219558  -47.07512836861974  -153.10287338243558  -42.099601643429814  -205.10928582649296  -105.4750266775468  -117.21634165645594  -38.26357590912796  -119.48798487052758  -161.41283466723434  -58.09276386594316  -202.35462700315713  -195.35111350641043  -162.0948356384578  16.564833008801223  5.114849893137411  -162.3496744443419  0.0  -153.31083934503337  15.30512040204622  -169.2138193831638  -229.51531072229568  -62.547825173736435  -48.977180432553816  -38.29143557279628  -15.071319516658434  -54.93349365256298  -109.47030574605805  -165.58346415735417  -252.88955201663333  -305.62181355344796  -110.98026447232942  0.3481488592816788  -85.54483035361764  -31.01592310570725  -48.3860861036381  -141.28728530532786  -38.478584982027435  -273.2125299912157  -95.27763938098346  -325.94699915051496  -115.62727406266063  -158.3913163159136  -62.205906349233864  -37.432636132180384  -84.33667916844263  -133.15759969673144  -114.68786452252942  -174.6102848350182  -262.29115258961156  -314.55279683627947  -22.507724979624548  -137.32049389916372  -146.5957005542898  -96.68808040331427  -64.83178303830363  -68.66602393476904  -98.01528101498675  -51.14712951421338  -28.01250171649459  -332.78850583690263  -153.31083934503337  -66.42122310558071  -156.53522265338827  -159.88980308884305  -57.63701632656254  -170.32799651153283  -235.3822502764113  -139.26048410842535  -17.836708538117975  -81.85233712725844  -80.70987372335719  -98.36765309426266  3.7823404115230446  -73.41260634488893  -107.2074036693013  -114.43039758989943  -136.24745339651355  -35.48296356806245  -57.20045993664234  -38.80373377202141  -33.96548037289143  -50.31653249485435  -314.17694624344983  -20.578299785155615  -158.95246216801158  -201.94730835392653  -103.32337840337996  -138.04687262556405  -155.15201868896236  3.6235257491926234  -158.49646178397603  -33.2815337419077  -53.307915858307375  -108.09669071547253  -77.90627135893945  -38.22027387648601  -65.60872841895787  -69.65762142885006  -340.98263399038336  -166.889115450784  
