Height_Data

node	height
0	223.1651909392925
1	425.9532025333391
2	132.85379261713092
3	119.88870672620153
4	29.220843901377954
5	323.6207446816209
6	304.43657582610155
7	587.0804449726888
8	86.4308635079506
9	224.07055093501808
10	247.38311586001439
11	288.4879876109646
12	502.52937200378267
13	319.5208148710196
14	364.8134934252856
15	456.50463219400666
16	206.89024555671764
17	320.2613088621506
18	91.96666623314931
19	616.0020898508491
20	539.8235204170932
21	166.74885759177707
22	248.7679058742814
23	89.99718523412801
24	306.62160392111923
25	147.71716399749175
26	462.21309343082663
27	555.7542482241397
28	334.2833794021368
29	108.48160209593645
30	120.18442294776878
31	91.41480107643231
32	254.88413386602446
33	196.706445794853
34	183.030100341381
35	120.4860463144723
36	124.67360681689225
37	340.04324848993537
38	384.04776463425264
39	82.09408153685123
40	57.07392881745547
41	70.40119095302433
42	220.07337557686725
43	139.68296486474478
44	259.34688752734417
45	437.399254806025
46	132.35808254641498
47	252.25507221452193
48	223.83766499131522
49	154.119438811236
50	162.67226361254913
51	151.48996184635726
52	464.936455303398
53	412.09979033998894
54	118.16883913191526
55	53.77167708852961
56	102.70025324440171
57	235.22632587888586
58	331.9100750971567
59	269.62668687935843
60	133.49026809577188
61	124.35393326630964
62	441.72551708593204
63	309.5602423164108
64	333.9040010432787
65	187.0611714533107
66	196.38446492843187
67	339.02555145011587
68	96.54812226029799
69	208.41828207660527
70	180.5923744338983
71	182.5229809071985
72	356.1252749791133
73	85.45674286198378
74	73.05641144110294
75	278.49157274820396
76	533.5429634969064
77	202.2693803776821
78	196.98100281692365
79	504.63860379678493
80	260.5495789256868
81	82.49564139614576
82	242.36494956565554
83	231.2857281842111
84	326.71150430325605
85	410.3240535812644
86	268.9762920797783
87	237.90419824215286
88	35.604997429058024
89	410.8724110574542
90	325.93148692101687
91	564.8758599187412
92	93.6136610762507
93	192.39482590685017
94	82.26198459547525
95	451.37580626725213
96	137.50690372702778
97	274.7183949259136
98	267.1282985112127
99	166.1234006519431
100	191.6009725274484



height_matrix
0.0  -202.7880115940466  90.31139832216158  103.27648421309097  193.94434703791455  -100.45555374232842  -81.27138488680905  -363.9152540333963  136.7343274313419  -0.9053599957255756  -24.217924920721885  -65.32279667167208  -279.36418106449014  -96.35562393172708  -141.64830248599313  -233.33944125471416  16.274945382574856  -97.0961179228581  131.1985247061432  -392.83689891155655  -316.65832947780063  56.41633334751543  -25.60271493498891  133.1680057051645  -83.45641298182673  75.44802694180075  -239.04790249153413  -332.5890572848472  -111.1181884628443  114.68358884335605  102.98076799152372  131.75038986286017  -31.718942926731955  26.45874514443949  40.1350905979115  102.6791446248202  98.49158412240025  -116.87805755064286  -160.88257369496014  141.07110940244127  166.09126212183702  152.76399998626817  3.091815362425251  83.48222607454773  -36.181696588051665  -214.2340638667325  90.80710839287752  -29.08988127522943  -0.6724740520227215  69.0457521280565  60.49292732674337  71.67522909293524  -241.77126436410552  -188.93459940069644  104.99635180737724  169.3935138507629  120.46493769489079  -12.061134939593359  -108.74488415786422  -46.46149594006593  89.67492284352062  98.81125767298286  -218.56032614663954  -86.39505137711828  -110.7388101039862  36.10401948598181  26.780726010860633  -115.86036051082337  126.61706867899451  14.746908862687235  42.5728165053942  40.642210032094  -132.96008403982083  137.70844807730873  150.10877949818956  -55.326381808911464  -310.37777255761387  20.895810561610404  26.18418812236885  -281.47341285749246  -37.38438798639427  140.66954954314673  -19.199758626363035  -8.120537244918609  -103.54631336396355  -187.15886264197192  -45.81110114048582  -14.739007302860358  187.56019351023448  -187.7072201181617  -102.76629598172437  -341.71066897944866  129.55152986304182  30.770365032442328  140.90320634381726  -228.21061532795963  85.65828721226472  -51.55320398662113  -43.963107571920176  57.041790287349414  31.56421841184411  
202.7880115940466  0.0  293.0994099162082  306.0644958071376  396.7323586319611  102.33245785171817  121.51662670723755  -161.12724243934974  339.5223390253885  201.88265159832102  178.5700866733247  137.4652149223745  -76.57616947044357  106.43238766231951  61.13970910805347  -30.551429660667566  219.06295697662145  105.6918936711885  333.98653630018975  -190.04888731750998  -113.87031788375407  259.204344941562  177.18529665905768  335.9560172992111  119.33159861221986  278.23603853584734  -36.25989089748754  -129.8010456908006  91.66982313120229  317.4716004374026  305.7687795855703  334.5384014569068  171.06906866731464  229.24675673848608  242.9231021919581  305.46715621886676  301.27959571644686  85.90995404340373  41.90543789908645  343.85912099648783  368.87927371588364  355.5520115803148  205.87982695647185  286.2702376685943  166.60631500599493  -11.446052272685904  293.59511998692415  173.69813031881716  202.11553754202387  271.8337637221031  263.28093892078994  274.46324068698186  -38.983252770058925  13.853412193350152  307.78436340142383  372.1815254448095  323.2529492889374  190.72687665445324  94.04312743618237  156.32651565398066  292.46293443756724  301.59926926702946  -15.772314552592945  116.39296021692832  92.0492014900604  238.8920310800284  229.56873760490723  86.92765108322322  329.4050802730411  217.53492045673383  245.3608280994408  243.4302216261406  69.82792755422577  340.4964596713553  352.8967910922362  147.46162978513513  -107.5897609635673  223.683822155657  228.97219971641545  -78.68540126344584  165.40362360765232  343.45756113719335  183.58825296768356  194.66747434912799  99.24169823008305  15.629148952074672  156.97691045356078  188.04900429118624  390.3482051042811  15.080791475884894  100.02171561232223  -138.9226573854021  332.3395414570884  233.55837662648892  343.6912179378638  -25.422603733913036  288.44629880631135  151.23480760742547  158.82490402212642  259.829801881396  234.3522300058907  
-90.31139832216158  -293.0994099162082  0.0  12.965085890929387  103.63294871575297  -190.76695206449  -171.58278320897062  -454.2266523555579  46.422929109180316  -91.21675831788716  -114.52932324288346  -155.63419499383366  -369.67557938665175  -186.66702225388866  -231.9597008081547  -323.65083957687574  -74.03645293958672  -187.40751624501968  40.88712638398161  -483.14829723371815  -406.96972779996224  -33.89506497464615  -115.91411325715049  42.85660738300291  -173.7678113039883  -14.863371380360832  -329.3593008136957  -422.9004556070088  -201.42958678500588  24.37219052119447  12.66936966936214  41.43899154069861  -122.03034124889354  -63.85265317772209  -50.17630772425008  12.367746302658617  8.180185800238675  -207.18945587280444  -251.19397201712172  50.759711080279686  75.77986379967545  62.452601664106595  -87.21958295973633  -6.8291722476138546  -126.49309491021324  -304.5454621888941  0.4957100707159441  -119.40127959739101  -90.9838723741843  -21.265646194105074  -29.81847099541821  -18.63616922922634  -332.0826626862671  -279.245997722858  14.684953485215658  79.08211552860132  30.153539372729213  -102.37253326175494  -199.0562824800258  -136.7728942622275  -0.6364754786409605  8.499859350821282  -308.8717244688011  -176.70644969927986  -201.05020842614778  -54.20737883617977  -63.53067231130095  -206.17175883298495  36.305670356832934  -75.56448945947434  -47.73858181676738  -49.66918829006758  -223.2714823619824  47.39704975514714  59.79738117602798  -145.63778013107304  -400.6891708797755  -69.41558776055118  -64.12721019979273  -371.784811179654  -127.69578630855585  50.358151220985164  -109.51115694852462  -98.43193556708019  -193.85771168612513  -277.4702609641335  -136.1224994626474  -105.05040562502194  97.2487951880729  -278.0186184403233  -193.07769430388595  -432.02206730161026  39.24013154088023  -59.54103328971925  50.591808021655666  -318.5220136501212  -4.653111109896855  -141.8646023087827  -134.27450589408176  -33.269608034812165  -58.74717991031747  
-103.27648421309097  -306.0644958071376  -12.965085890929387  0.0  90.66786282482357  -203.7320379554194  -184.54786909990003  -467.1917382464873  33.45784321825093  -104.18184420881654  -127.49440913381285  -168.59928088476306  -382.64066527758115  -199.63210814481806  -244.9247866990841  -336.61592546780514  -87.00153883051611  -200.37260213594908  27.922040493052222  -496.11338312464756  -419.93481369089164  -46.860150865575534  -128.87919914807986  29.891521492073522  -186.7328971949177  -27.82845727129022  -342.3243867046251  -435.8655414979382  -214.39467267593528  11.407104630265081  -0.29571622156724686  28.473905649769222  -134.99542713982294  -76.81773906865148  -63.14139361517947  -0.5973395882707706  -4.784900090690712  -220.15454176373385  -264.1590579080511  37.7946251893503  62.814777908746066  49.48751577317721  -100.18466885066572  -19.794258138543242  -139.45818080114265  -317.5105480798235  -12.469375820213443  -132.3663654883204  -103.94895826511369  -34.23073208503446  -42.7835568863476  -31.601255120155727  -345.0477485771965  -292.2110836137874  1.7198675942862707  66.11702963767192  17.188453481799826  -115.33761915268433  -212.0213683709552  -149.7379801531569  -13.601561369570348  -4.465226540108105  -321.8368103597305  -189.67153559020926  -214.01529431707718  -67.17246472710916  -76.49575820223033  -219.13684472391435  23.340584465903547  -88.52957535040373  -60.703667707696766  -62.63427418099697  -236.2365682529118  34.43196386421775  46.832295285098596  -158.60286602200244  -413.6542567707049  -82.38067365148056  -77.09229609072212  -384.7498970705834  -140.66087219948525  37.39306533005578  -122.476242839454  -111.39702145800958  -206.82279757705453  -290.4353468550629  -149.0875853535768  -118.01549151595133  84.2837092971435  -290.9837043312527  -206.04278019481535  -444.98715319253967  26.27504564995084  -72.50611918064864  37.62672213072628  -331.4870995410506  -17.618197000826243  -154.8296881997121  -147.23959178501116  -46.23469392574155  -71.71226580124686  
-193.94434703791455  -396.7323586319611  -103.63294871575297  -90.66786282482357  0.0  -294.39990078024294  -275.21573192472357  -557.8596010713109  -57.21001960657265  -194.84970703364013  -218.16227195863644  -259.2671437095866  -473.3085281024047  -290.2999709696416  -335.59264952390765  -427.2837882926287  -177.6694016553397  -291.0404649607726  -62.74582233177136  -586.7812459494711  -510.6026765157152  -137.52801369039912  -219.54706197290346  -60.77634133275006  -277.40076001974126  -118.4963200961138  -432.99224952944866  -526.5334043227617  -305.0625355007588  -79.26075819455849  -90.96357904639083  -62.19395717505436  -225.6632899646465  -167.48560189347506  -153.80925644000305  -91.26520241309436  -95.45276291551428  -310.8224045885574  -354.82692073287467  -52.87323763547328  -27.853084916077513  -41.18034705164637  -190.8525316754893  -110.46212096336683  -230.12604362596622  -408.178410904647  -103.13723864503703  -223.03422831314398  -194.61682108993728  -124.89859490985805  -133.45141971117118  -122.26911794497931  -435.71561140202004  -382.87894643861097  -88.94799523053732  -24.550833187151653  -73.47940934302375  -206.0054819775079  -302.68923119577875  -240.40584297798048  -104.26942419439393  -95.13308936493169  -412.50467318455406  -280.3393984150328  -304.6831571419007  -157.84032755193275  -167.16362102705392  -309.8047075487379  -67.32727835892004  -179.19743817522732  -151.37153053252035  -153.30213700582055  -326.90443107773535  -56.23589896060583  -43.835567539724984  -249.27072884682602  -504.3221195955284  -173.04853647630415  -167.7601589155457  -475.41775989540696  -231.32873502430883  -53.2747974947678  -213.1441056642776  -202.06488428283316  -297.4906604018781  -381.10320967988645  -239.75544817840037  -208.6833543407749  -6.38415352768007  -381.6515671560762  -296.7106430196389  -535.6550160173632  -64.39281717487273  -163.17398200547223  -53.0411406940973  -422.15496236587416  -108.28605982564983  -245.49755102453568  -237.90745460983473  -136.90255675056514  -162.38012862607044  
100.45555374232842  -102.33245785171817  190.76695206449  203.7320379554194  294.39990078024294  0.0  19.184168855519374  -263.4597002910679  237.1898811736703  99.55019374660284  76.23762882160653  35.13275707065634  -178.90862732216175  4.099929810601338  -41.19274874366471  -132.88388751238574  116.73049912490328  3.3594358194703204  231.6540784484716  -292.38134516922815  -216.20277573547224  156.87188708984385  74.85283880733951  233.6235594474929  16.99914076050169  175.90358068412917  -138.5923487492057  -232.13350354251878  -10.662634720515882  215.13914258568445  203.43632173385214  232.20594360518862  68.73661081559646  126.91429888676791  140.59064434023992  203.13469836714862  198.9471378647287  -16.422503808314445  -60.427019952631724  241.52666314476969  266.54681586416547  253.2195537285966  103.54736910475367  183.93777981687614  64.27385715427675  -113.77851012440408  191.26266213520594  71.36567246709899  99.7830796903057  169.50130587038493  160.9484810690718  172.13078283526366  -141.3157106217771  -88.47904565836802  205.45190554970566  269.8490675930913  220.9204914372192  88.39441880273506  -8.289330415535801  53.99405780226249  190.13047658584904  199.26681141531128  -118.10477240431112  14.06050236521014  -10.283256361657777  136.55957322831023  127.23627975318905  -15.40480676849495  227.07262242132293  115.20246260501565  143.02837024772262  141.09776377442242  -32.50453029749241  238.16400181963712  250.56433324051798  45.129171933416956  -209.92221881528548  121.35136430393882  126.63974186469727  -181.01785911516401  63.071165755934146  241.12510328547518  81.25579511596538  92.33501649740981  -3.0907596216351294  -86.7033088996435  54.6444526018426  85.71654643946806  288.0157472525629  -87.25166637583328  -2.3107422393959496  -241.25511523712026  230.0070836053702  131.22591877477075  241.35876008614565  -127.75506158563121  186.11384095459314  48.90234975570729  56.49244617040824  157.49734402967783  132.01977215417253  
81.27138488680905  -121.51662670723755  171.58278320897062  184.54786909990003  275.21573192472357  -19.184168855519374  0.0  -282.6438691465873  218.00571231815093  80.36602489108347  57.05345996608716  15.948588215136965  -198.09279617768112  -15.084239044918036  -60.37691759918408  -152.06805636790511  97.5463302693839  -15.824733036049054  212.46990959295223  -311.56551402474753  -235.38694459099162  137.68771823432448  55.668669951820135  214.43939059197353  -2.1850280950176852  156.7194118286098  -157.7765176047251  -251.31767239803816  -29.846803576035256  195.95497373016508  184.25215287833277  213.02177474966925  49.55244196007709  107.73013003124854  121.40647548472054  183.95052951162924  179.7629690092093  -35.60667266383382  -79.6111888081511  222.3424942892503  247.3626470086461  234.03538487307722  84.3632002492343  164.75361096135677  45.08968829875738  -132.96267897992345  172.07849327968657  52.181503611579615  80.59891083478632  150.31713701486555  141.76431221355242  152.94661397974428  -160.49987947729647  -107.6632145138874  186.26773669418628  250.66489873757195  201.73632258169982  69.21024994721569  -27.473499271055175  34.809888946743115  170.94630773032966  180.0826425597919  -137.2889412598305  -5.123666490309233  -29.46742521717715  117.37540437279085  108.05211089766968  -34.588975624014324  207.88845356580356  96.01829374949628  123.84420139220325  121.91359491890304  -51.68869915301178  218.97983296411775  231.3801643849986  25.94500307789758  -229.10638767080485  102.16719544841945  107.4555730091779  -200.2020279706834  43.88699690041477  221.9409344299558  62.07162626044601  73.15084764189044  -22.274928477154504  -105.88747775516288  35.46028374632323  66.53237758394869  268.83157839704353  -106.43583523135266  -21.494911094915324  -260.43928409263964  210.82291474985084  112.04174991925137  222.17459123062628  -146.93923044115058  166.92967209907377  29.718180900187917  37.30827731488887  138.31317517415846  112.83560329865315  
363.9152540333963  161.12724243934974  454.2266523555579  467.1917382464873  557.8596010713109  263.4597002910679  282.6438691465873  0.0  500.6495814647382  363.00989403767073  339.6973291126744  298.59245736172426  84.55107296890617  267.55963010166926  222.2669515474032  130.57581277868218  380.19019941597116  266.81913611053824  495.1137787395395  -28.921644878160237  47.256924555595674  420.33158738091174  338.31253909840746  497.08325973856086  280.4588410515696  439.3632809751971  124.8673515418622  31.326196748549137  252.79706557055204  478.59884287675237  466.89602202492006  495.66564389625654  332.1963111066644  390.3739991778358  404.05034463130784  466.5943986582165  462.4068381557966  247.03719648275347  203.0326803384362  504.9863634358376  530.0065161552334  516.6792540196645  367.0070693958216  447.39748010794403  327.7335574453447  149.68119016666384  454.7223624262739  334.8253727581669  363.2427799813736  432.9610061614528  424.4081813601397  435.5904831263316  122.14398966929082  174.9806546326999  468.9116058407736  533.3087678841592  484.3801917282871  351.854119093803  255.17036987553212  317.4537580933304  453.590176876917  462.7265117063792  145.3549278867568  277.52020265627806  253.17644392941014  400.01927351937815  390.695980044257  248.05489352257297  490.53232271239085  378.6621628960836  406.48807053879057  404.5574640654903  230.9551699935755  501.62370211070504  514.0240335315859  308.5888722244849  53.53748147578244  384.81106459500677  390.0994421557652  82.4418411759039  326.53086604700206  504.5848035765431  344.7154954070333  355.79471678847773  260.3689406694328  176.75639139142442  318.1041528929105  349.176246730536  551.4754475436308  176.20803391523464  261.14895805167197  22.204585053947653  493.46678389643813  394.68561906583864  504.81846037721357  135.7046387054367  449.5735412456611  312.3620500467752  319.95214646147616  420.95704432074575  395.47947244524045  
-136.7343274313419  -339.5223390253885  -46.422929109180316  -33.45784321825093  57.21001960657265  -237.1898811736703  -218.00571231815093  -500.6495814647382  0.0  -137.63968742706749  -160.9522523520638  -202.05712410301396  -416.09850849583205  -233.08995136306896  -278.382629917335  -370.07376868605604  -120.45938204876704  -233.83044535419998  -5.535802725198707  -529.5712263428985  -453.39265690914254  -80.31799408382646  -162.33704236633082  -3.5663217261774065  -220.1907404131686  -61.28630048954115  -375.782229922876  -469.3233847161891  -247.85251589418618  -22.050738587985848  -33.753559439818176  -4.983937568481707  -168.45327035807384  -110.2755822869024  -96.5992368334304  -34.0551828065217  -38.24274330894164  -253.61238498198475  -297.616901126302  4.33678197109937  29.356934690495137  16.02967255492628  -133.64251206891663  -53.25210135679417  -172.91602401939355  -350.9683912980744  -45.92721903846437  -165.8242087065713  -137.40680148336463  -67.68857530328539  -76.24140010459853  -65.05909833840666  -378.5055917954474  -325.6689268320383  -31.737975623964658  32.659186419421  -16.269389736451103  -148.79546237093524  -245.4792115892061  -183.1958233714078  -47.05940458782128  -37.923069758359034  -355.2946535779814  -223.12937880846016  -247.47313753532808  -100.63030794536009  -109.95360142048126  -252.59468794216525  -10.117258752347382  -121.98741856865466  -94.1615109259477  -96.0921173992479  -269.6944114711627  0.9741206459668206  13.374452066847667  -192.06070924025335  -447.1120999889558  -115.83851686973149  -110.55013930897304  -418.2077402888343  -174.11871541773615  3.9352221118048476  -155.93408605770492  -144.8548646762605  -240.28064079530543  -323.8931900733138  -182.5454285718277  -151.47333473420224  50.82586607889258  -324.4415475495036  -239.50062341306625  -478.44499641079057  -7.182797568300089  -105.96396239889957  4.16887891247535  -364.9449427593015  -51.07604021907717  -188.287531417963  -180.69743500326206  -79.69253714399248  -105.17010901949779  
0.9053599957255756  -201.88265159832102  91.21675831788716  104.18184420881654  194.84970703364013  -99.55019374660284  -80.36602489108347  -363.00989403767073  137.63968742706749  0.0  -23.31256492499631  -64.4174366759465  -278.45882106876456  -95.4502639360015  -140.74294249026755  -232.43408125898858  17.18030537830043  -96.19075792713252  132.10388470186876  -391.93153891583097  -315.75296948207506  57.32169334324101  -24.697354939263334  134.07336570089006  -82.55105298610115  76.35338693752632  -238.14254249580856  -331.6836972891216  -110.21282846711873  115.58894883908162  103.8861279872493  132.65574985858575  -30.81358293100638  27.364105140165066  41.040450593637075  103.58450462054577  99.39694411812583  -115.97269755491729  -159.97721369923457  141.97646939816684  166.9966221175626  153.66935998199375  3.9971753581508267  84.3875860702733  -35.27633659232609  -213.32870387100692  91.7124683886031  -28.184521279503855  0.2328859437028541  69.95111212378208  61.398287322468946  72.58058908866082  -240.86590436837994  -188.02923940497087  105.90171180310281  170.29887384648848  121.37029769061637  -11.155774943867783  -107.83952416213864  -45.556135944340355  90.5802828392462  99.71661766870844  -217.65496615091396  -85.4896913813927  -109.83345010826062  37.009379481707384  27.68608600658621  -114.9550005150978  127.52242867472009  15.65226885841281  43.478176501119776  41.547570027819575  -132.05472404409525  138.6138080730343  151.01413949391514  -54.42102181318589  -309.4724125618883  21.80117055733598  27.089548118094427  -280.5680528617669  -36.4790279906687  141.5749095388723  -18.29439863063746  -7.215177249193033  -102.64095336823797  -186.25350264624635  -44.90574114476024  -13.833647307134783  188.46555350596006  -186.80186012243612  -101.8609359859988  -340.8053089837231  130.4568898587674  31.675725028167903  141.80856633954284  -227.30525533223405  86.5636472079903  -50.64784399089555  -43.0577475761946  57.94715028307499  32.469578407569685  
24.217924920721885  -178.5700866733247  114.52932324288346  127.49440913381285  218.16227195863644  -76.23762882160653  -57.05345996608716  -339.6973291126744  160.9522523520638  23.31256492499631  0.0  -41.104871750950196  -255.14625614376828  -72.1376990110052  -117.43037756527124  -209.12151633399228  40.49287030329674  -72.87819300213621  155.41644962686507  -368.61897399083466  -292.44040455707875  80.63425826823732  -1.3847900142670255  157.38593062588637  -59.238488061104846  99.66595186252263  -214.82997757081225  -308.3711323641253  -86.90026354212242  138.90151376407795  127.1986929122456  155.96831478358206  -7.501018006010071  50.676670065161375  64.35301551863338  126.89706954554208  122.70950904312214  -92.66013262992098  -136.66464877423826  165.28903432316315  190.3091870425589  176.98192490699006  27.309740283147136  107.70015099526961  -11.96377166732978  -190.0161389460106  115.02503331359941  -4.871956354507546  23.545450868699163  93.26367704877839  84.71085224746525  95.89315401365712  -217.55333944338363  -164.71667447997456  129.21427672809912  193.61143877148479  144.6828626156127  12.156789981128526  -84.52695923714234  -22.243571019344046  113.8928477642425  123.02918259370475  -194.34240122591765  -62.177126456396394  -86.52088518326431  60.32194440670369  50.99865093158252  -91.64243559010148  150.8349935997164  38.96483378340912  66.79074142611609  64.86013495281588  -108.74215911909894  161.92637299803062  174.32670441891145  -31.10845688818958  -286.159847636892  45.11373548233229  50.402113043090736  -257.2554879367706  -13.166463065672389  164.8874744638686  5.018166294358849  16.097387675803276  -79.32838844324166  -162.94093772125004  -21.593176219763933  9.478917617861526  211.77811843095637  -163.48929519743982  -78.54837106100248  -317.49274405872677  153.7694547837637  54.98828995316421  165.12113126453914  -203.99269040723775  109.87621213298661  -27.335279065899243  -19.74518265119829  81.2597152080713  55.782143332565994  
65.32279667167208  -137.4652149223745  155.63419499383366  168.59928088476306  259.2671437095866  -35.13275707065634  -15.948588215136965  -298.59245736172426  202.05712410301396  64.4174366759465  41.104871750950196  0.0  -214.0413843928181  -31.032827260055  -76.32550581432105  -168.01664458304208  81.59774205424694  -31.77332125118602  196.52132137781527  -327.5141022398845  -251.33553280612858  121.73913001918751  39.72008173668317  198.49080237683657  -18.13361631015465  140.77082361347283  -173.72510581986205  -267.2662606131751  -45.79539179117222  180.00638551502811  168.3035646631958  197.07318653453228  33.603853744940125  91.78154181611157  105.45788726958358  168.00194129649228  163.81438079407235  -51.555260878970785  -95.55977702328806  206.39390607411335  231.41405879350913  218.08679665794025  68.41461203409733  148.8050227462198  29.141100083620415  -148.91126719506042  156.1299050645496  36.23291539644265  64.65032261964936  134.3685487997286  125.81572399841545  136.99802576460732  -176.44846769243344  -123.61180272902436  170.31914847904932  234.71631052243498  185.78773436656286  53.26166173207872  -43.42208748619214  18.86130073160615  154.9977195151927  164.13405434465494  -153.23752947496746  -21.0722547054462  -45.41601343231412  101.42681615765389  92.10352268253271  -50.53756383915129  191.9398653506666  80.06970553435931  107.89561317706628  105.96500670376608  -67.63728736814875  203.03124474898078  215.43157616986164  9.996414862760616  -245.05497588594181  86.21860723328248  91.50698479404093  -216.15061618582035  27.938408685277807  205.99234621481884  46.123038045309045  57.20225942675347  -38.22351669229147  -121.83606597029984  19.511695531186263  50.58378936881172  252.88299018190656  -122.38442344648962  -37.44349931005229  -276.3878723077766  194.87432653471387  96.09316170411441  206.2260030154893  -162.88781865628755  150.9810838839368  13.769592685050952  21.359689099751904  122.3645869590215  96.88701508351619  
279.36418106449014  76.57616947044357  369.67557938665175  382.64066527758115  473.3085281024047  178.90862732216175  198.09279617768112  -84.55107296890617  416.09850849583205  278.45882106876456  255.14625614376828  214.0413843928181  0.0  183.0085571327631  137.71587857849704  46.02473980977601  295.639126447065  182.26806314163207  410.56270577063333  -113.4727178470664  -37.294148413310495  335.7805144120056  253.76146612950126  412.5321867696547  195.90776808266344  354.8122080062909  40.31627857295604  -53.22487622035703  168.24599260164587  394.0477699078462  382.3449490560139  411.11457092735037  247.6452381377582  305.82292620892963  319.49927166240167  382.04332568931034  377.85576518689044  162.4861235138473  118.48160736953002  420.4352904669314  445.4554431863272  432.12818105075837  282.4559964269154  362.84640713903786  243.1824844764385  65.13011719775767  370.1712894573677  250.27429978926074  278.6917070124674  348.40993319254665  339.8571083912335  351.03941015742544  37.59291670038465  90.42958166379373  384.3605328718674  448.75769491525307  399.82911875938095  267.3030461248968  170.61929690662595  232.90268512442424  369.0391039080108  378.17543873747303  60.80385491785063  192.9691296873719  168.62537096050397  315.468200550472  306.14490707535083  163.5038205536668  405.9812497434847  294.11108992717743  321.9369975698844  320.00639109658414  146.40409702466934  417.07262914179887  429.47296056267976  224.0377992555787  -31.013591493123727  300.2599916261006  305.548369186859  -2.109231793002266  241.9797930780959  420.0337306076369  260.16442243812713  271.24364381957156  175.81786770052662  92.20531842251825  233.55307992400435  264.6251737616298  466.92437457472465  91.65696094632847  176.5978850827658  -62.346487914958516  408.91571092753196  310.13454609693247  420.2673874083074  51.15356573653054  365.0224682767549  227.81097707786904  235.40107349257  336.4059713518396  310.9283994763343  
96.35562393172708  -106.43238766231951  186.66702225388866  199.63210814481806  290.2999709696416  -4.099929810601338  15.084239044918036  -267.55963010166926  233.08995136306896  95.4502639360015  72.1376990110052  31.032827260055  -183.0085571327631  0.0  -45.29267855426605  -136.98381732298708  112.63056931430194  -0.740493991131018  227.55414863787027  -296.4812749798295  -220.30270554607358  152.7719572792425  70.75290899673817  229.52362963689157  12.89921094990035  171.80365087352783  -142.69227855980705  -236.23343335312012  -14.76256453111722  211.03921277508312  199.3363919232508  228.10601379458728  64.63668100499513  122.81436907616657  136.49071452963858  199.03476855654728  194.84720805412735  -20.522433618915784  -64.52694976323306  237.42673333416835  262.4468860535641  249.11962391799526  99.44743929415233  179.8378500062748  60.173927343675416  -117.87843993500542  187.1627323246046  67.26574265649765  95.68314987970436  165.4013760597836  156.84855125847045  168.03085302466232  -145.41564043237844  -92.57897546896936  201.35197573910432  265.74913778249  216.82056162661786  84.29448899213372  -12.38926022613714  49.89412799166115  186.0305467752477  195.16688160470994  -122.20470221491246  9.960572554608802  -14.383186172259116  132.4596434177089  123.13634994258771  -19.50473657909629  222.9726926107216  111.10253279441432  138.92844043712128  136.99783396382108  -36.60446010809375  234.06407200903578  246.46440342991664  41.02924212281562  -214.0221486258868  117.25143449333748  122.53981205409593  -185.11778892576535  58.97123594533281  237.02517347487384  77.15586530536405  88.23508668680847  -7.190689432236468  -90.80323871024484  50.54452279124126  81.61661662886672  283.91581744196156  -91.35159618643462  -6.410672049997288  -245.3550450477216  225.90715379476887  127.12598896416941  237.2588302755443  -131.85499139623255  182.0139111439918  44.80241994510595  52.392516359806905  153.3974142190765  127.91984234357119  
141.64830248599313  -61.13970910805347  231.9597008081547  244.9247866990841  335.59264952390765  41.19274874366471  60.37691759918408  -222.2669515474032  278.382629917335  140.74294249026755  117.43037756527124  76.32550581432105  -137.71587857849704  45.29267855426605  0.0  -91.69113876872103  157.92324786856798  44.55218456313503  272.8468271921363  -251.18859642556345  -175.01002699180754  198.06463583350856  116.04558755100422  274.81630819115765  58.1918895041664  217.09632942779388  -97.399600005541  -190.94075479885407  30.530114023148826  256.33189132934916  244.62907047751685  273.39869234885333  109.92935955926117  168.10704763043262  181.78339308390463  244.32744711081332  240.1398866083934  24.770244935350263  -19.234271208967016  282.71941188843437  307.7395646078302  294.41230247226133  144.74011784841838  225.13052856054085  105.46660589794146  -72.58576138073937  232.45541087887065  112.5584212107637  140.9758284339704  210.69405461404963  202.1412298127365  213.32353157892837  -100.12296187811239  -47.286296914703314  246.64465429337037  311.041816336756  262.1132401808839  129.58716754639977  32.90341832812891  95.1868065459272  231.32322532951375  240.459560158976  -76.91202366064641  55.25325110887485  30.90949238200693  177.75232197197494  168.42902849685376  25.78794197516976  268.26537116498764  156.39521134868036  184.22111899138733  182.29051251808713  8.6882184461723  279.35675056330183  291.7570819841827  86.32192067708166  -168.72947007162077  162.54411304760353  167.83249060836198  -139.8251103714993  104.26391449959885  282.3178520291399  122.44854385963009  133.52776524107452  38.10198912202958  -45.510560155978794  95.83720134550731  126.90929518313277  329.2084959962276  -46.05891763216857  38.88200650426876  -200.06236649345556  271.1998323490349  172.41866751843546  282.55150882981036  -86.5623128419665  227.30658969825785  90.095098499372  97.68519491407295  198.69009277334254  173.21252089783724  
233.33944125471416  30.551429660667566  323.65083957687574  336.61592546780514  427.2837882926287  132.88388751238574  152.06805636790511  -130.57581277868218  370.07376868605604  232.43408125898858  209.12151633399228  168.01664458304208  -46.02473980977601  136.98381732298708  91.69113876872103  0.0  249.61438663728902  136.24332333185606  364.5379659608574  -159.4974576568424  -83.3188882230865  289.7557746022296  207.73672631972525  366.5074469598786  149.88302827288743  308.7874681965149  -5.708461236819971  -99.24961603013304  122.22125279186986  348.0230300980702  336.3202092462379  365.08983111757436  201.6204983279822  259.7981863991537  273.47453185262566  336.0185858795344  331.83102537711443  116.4613837040713  72.45686755975402  374.41055065715545  399.4307033765512  386.1034412409823  236.4312566171394  316.8216673292619  197.1577446666625  19.10537738798166  324.14654964759166  204.24955997948473  232.66696720269144  302.3851933827707  293.83236858145756  305.01467034764937  -8.43182310939136  44.40484185401772  338.3357930620914  402.73295510547706  353.80437894960494  221.2783063151208  124.59455709684994  186.87794531464823  323.01436409823475  332.150698927697  14.77911510807462  146.94438987759588  122.60063115072796  269.44346074069597  260.12016726557476  117.47908074389079  359.9565099337087  248.0863501174014  275.91225776010833  273.9816512868082  100.37935721489333  371.04788933202286  383.4482207529037  178.0130594458027  -77.03833130289973  254.23525181632456  259.523629377083  -48.133971602778274  195.9550532683199  374.0089907978609  214.13968262835112  225.21890400979555  129.7931278907506  46.18057861274224  187.52834011422834  218.6004339518538  420.89963476494864  45.63222113655246  130.5731452729898  -108.37122772473452  362.89097111775595  264.1098062871565  374.2426475985314  5.12882592675453  318.99772846697886  181.78623726809303  189.37633368279398  290.3812315420636  264.90365966655827  
-16.274945382574856  -219.06295697662145  74.03645293958672  87.00153883051611  177.6694016553397  -116.73049912490328  -97.5463302693839  -380.19019941597116  120.45938204876704  -17.18030537830043  -40.49287030329674  -81.59774205424694  -295.639126447065  -112.63056931430194  -157.92324786856798  -249.61438663728902  0.0  -113.37106330543295  114.92357932356833  -409.1118442941314  -332.9332748603755  40.14138796494058  -41.877660317563766  116.89306032258963  -99.73135836440159  59.17308155922589  -255.322847874109  -348.864002667422  -127.39313384541916  98.40864346078119  86.70582260894886  115.47544448028533  -47.99388830930681  10.183799761864634  23.860145215336644  86.40419924224534  82.2166387398254  -133.15300293321772  -177.157519077535  124.79616401986641  149.81631673926216  136.48905460369332  -13.183130020149605  67.20728069197287  -52.45664197062652  -230.50900924930735  74.53216301030267  -45.36482665780429  -16.947419434597577  52.77080674548165  44.217981944168514  55.400283710360384  -258.04620974668035  -205.2095447832713  88.72140642480238  153.11856846818804  104.18999231231594  -28.336080322168215  -125.01982954043908  -62.736441322640786  73.39997746094576  82.536312290408  -234.8352715292144  -102.66999675969313  -127.01375548656105  19.829074103406953  10.505780628285777  -132.13530589339823  110.34212329641966  -1.5280365198876211  26.297871122819345  24.367264649519143  -149.23502942239568  121.43350269473386  133.8338341156147  -71.60132719148632  -326.6527179401887  4.6208651790355475  9.909242739793996  -297.7483582400673  -53.65933336896913  124.39460416057189  -35.47470400893789  -24.395482627493465  -119.8212587465384  -203.43380802454678  -62.08604652306067  -31.013952685435214  171.28524812765963  -203.98216550073656  -119.04124136429922  -357.9856143620235  113.27658448046695  14.495419649867472  124.62826096124239  -244.4855607105345  69.38334182968987  -67.82814936919598  -60.23805295449503  40.76684490477456  15.289273029269253  
97.0961179228581  -105.6918936711885  187.40751624501968  200.37260213594908  291.0404649607726  -3.3594358194703204  15.824733036049054  -266.81913611053824  233.83044535419998  96.19075792713252  72.87819300213621  31.77332125118602  -182.26806314163207  0.740493991131018  -44.55218456313503  -136.24332333185606  113.37106330543295  0.0  228.2946426290013  -295.7407809886985  -219.56221155494256  153.51245127037353  71.49340298786919  230.2641236280226  13.639704941031368  172.54414486465885  -141.95178456867603  -235.4929393619891  -14.022070539986203  211.77970676621413  200.07688591438182  228.8465077857183  65.37717499612614  123.55486306729759  137.2312085207696  199.7752625476783  195.58770204525837  -19.781939627784766  -63.786455772102045  238.16722732529936  263.18738004469515  249.86011790912627  100.18793328528335  180.57834399740582  60.914421334806434  -117.1379459438744  187.90322631573562  68.00623664762867  96.42364387083538  166.1418700509146  157.58904524960147  168.77134701579334  -144.67514644124742  -91.83848147783834  202.09246973023534  266.489631773621  217.56105561774888  85.03498298326474  -11.648766235006121  50.63462198279217  186.77104076637872  195.90737559584096  -121.46420822378144  10.70106654573982  -13.642692181128098  133.2001374088399  123.87684393371873  -18.76424258796527  223.7131866018526  111.84302678554533  139.6689344282523  137.7383279549521  -35.86396611696273  234.8045660001668  247.20489742104766  41.769736113946635  -213.2816546347558  117.9919284844685  123.28030604522695  -184.37729493463434  59.711729936463826  237.76566746600486  77.89635929649506  88.97558067793949  -6.45019544110545  -90.06274471911382  51.28501678237228  82.35711061999774  284.6563114330926  -90.6111021953036  -5.67017805886627  -244.61455105659059  226.6476477858999  127.86648295530043  237.99932426667533  -131.11449740510153  182.75440513512282  45.54291393623697  53.13301035093792  154.1379082102075  128.6603363347022  
