Height_Data

node	height
0	114.3646213104144
1	87.38245185424213
2	84.91745560462779
3	214.04992074818833
4	61.38377035688137
5	75.983411293394
6	277.99065741185586
7	181.48994909208722
8	127.18593086181394
9	213.7635451756564
10	213.10387398213544
11	150.39089073092273
12	507.23482953539735
13	189.70670694782171
14	219.9396479823672
15	43.41505900280481
16	121.00815692317188
17	281.2386466806676
18	241.6851551192753
19	126.03367232125558
20	199.82341382462002
21	112.38031579180121
22	371.0304247220118
23	57.87089815848915
24	47.100761022498496
25	104.90289228496978
26	133.42132432398765
27	98.59268708906956
28	158.11173685056454
29	225.23230891679736
30	70.6763450982515
31	90.03894117025885
32	100.33353637103794
33	89.05196484047431
34	61.947494197126275
35	106.42083967070243
36	156.7857198638301
37	189.05088886443824
38	124.24049154256704
39	146.93502396065733
40	192.99796614038442
41	121.23038218723273
42	92.49513690669214
43	87.67888364133607
44	99.5021425019306
45	443.078692307738
46	170.7363019086234
47	77.35996237888304
48	238.32408351397356
49	51.2127365582341
50	338.50671189949077
51	55.12927550615106
52	81.28923106230346
53	171.42494142412556
54	64.50353601667575
55	92.04005140988481
56	90.65606686687674
57	140.52721458427172
58	77.1243375353533
59	125.41944406116707
60	51.63677413896585
61	188.9772362402131
62	70.50503818680619
63	146.30807040625726
64	106.25502963046819
65	83.01232586232436
66	151.01494602036288
67	95.65212336379568
68	78.05429043757108
69	74.79342565454573
70	151.25373229949707
71	174.42292369018892
72	159.11034410339775
73	151.3627225411488
74	96.42976878159637
75	73.77703613174968
76	106.54585128384228
77	83.35762539399927
78	191.35902765282268
79	61.46639370628253
80	81.77207202546735
81	191.93969925764583
82	252.7151782682707
83	133.35126759404042
84	159.80165455923722
85	71.25296313038656
86	65.94884280063675
87	78.24997909946603
88	119.5259787066291
89	156.53497277640858
90	100.92196816902458
91	303.46542713427436
92	117.19046365252981
93	191.42131383656601
94	94.95694329557934
95	76.81950194247422
96	177.50561977285528
97	248.91324273635672
98	78.47557754816617
99	229.85184506822517
100	74.19913308604002



height_matrix
0.0  26.982169456172272  29.447165705786617  -99.68529943777392  52.980850953533036  38.38121001702041  -163.62603610144146  -67.12532778167281  -12.821309551399537  -99.39892386524198  -98.73925267172103  -36.02626942050833  -392.87020822498295  -75.34208563740731  -105.5750266719528  70.9495623076096  -6.643535612757475  -166.8740253702532  -127.32053380886089  -11.669051010841173  -85.45879251420561  1.9843055186131977  -256.6658034115974  56.49372315192526  67.26386028791592  9.461729025444626  -19.05670301357324  15.77193422134485  -43.74711554015013  -110.86768760638296  43.688276212162904  24.325680140155555  14.03108493937647  25.312656469940094  52.41712711328813  7.943781639711972  -42.4210985534157  -74.68626755402383  -9.875870232152636  -32.570402650242926  -78.63334482997001  -6.865760876818328  21.869484403722268  26.685737669078335  14.8624788084838  -328.7140709973236  -56.371680598209  37.00465893153137  -123.95946220355916  63.15188475218031  -224.14209058907636  59.235345804263346  33.07539024811095  -57.06032011371116  49.861085293738654  22.324569900529596  23.708554443537665  -26.16259327385731  37.2402837750611  -11.054822750752663  62.72784717144856  -74.6126149297987  43.85958312360822  -31.94344909584285  8.10959167994622  31.352295448090047  -36.65032470994848  18.712497946618726  36.31033087284332  39.57119565586868  -36.88911098908267  -60.05830237977452  -44.745722792983344  -36.99810123073439  17.93485252881804  40.587585178664725  7.818770026572125  31.006995916415136  -76.99440634240827  52.898227604131876  32.592549284947054  -77.57507794723142  -138.3505569578563  -18.986646283626015  -45.437033248822814  43.111658180027845  48.41577850977765  36.114642210948375  -5.161357396214697  -42.17035146599417  13.442653141389826  -189.10080582385996  -2.8258423421154077  -77.05669252615161  19.40767801483507  37.54511936794019  -63.140998462440876  -134.54862142594231  35.889043762248235  -115.48722375781077  40.165488224374386  
-26.982169456172272  0.0  2.4649962496143445  -126.6674688939462  25.998681497360764  11.399040560848135  -190.60820555761373  -94.10749723784508  -39.80347900757181  -126.38109332141426  -125.7214221278933  -63.0084388766806  -419.8523776811552  -102.32425509357958  -132.55719612812507  43.967392851437324  -33.62570506892975  -193.85619482642548  -154.30270326503316  -38.651220467013445  -112.44096197037788  -24.997863937559075  -283.6479728677697  29.511553695752987  40.28169083174364  -17.520440430727646  -46.03887246974551  -11.210235234827422  -70.7292849963224  -137.84985706255523  16.706106755990632  -2.6564893160167173  -12.951084516795802  -1.6695129862321778  25.43495765711586  -19.0383878164603  -69.40326800958798  -101.6684370101961  -36.85803968832491  -59.5525721064152  -105.61551428614229  -33.8479303329906  -5.112685052450004  -0.2964317870939368  -12.119690647688472  -355.6962404534959  -83.35385005438127  10.022489475359095  -150.94163165973143  36.169715296008036  -251.12426004524863  32.253176348091074  6.093220791938677  -84.04248956988343  22.87891583756638  -4.657599555642676  -3.2736150126346075  -53.14476273002958  10.258114318888829  -38.036992206924936  35.74567771527629  -101.59478438597097  16.877413667435945  -58.92561855201512  -18.872577776226052  4.370125991917774  -63.63249416612075  -8.269671509553547  9.328161416671051  12.589026199696406  -63.87128044525494  -87.04047183594679  -71.72789224915562  -63.980270686906664  -9.047316927354231  13.605415722492452  -19.163399429600148  4.024826460242863  -103.97657579858054  25.916058147959603  5.610379828774782  -104.5572474034037  -165.33272641402857  -45.96881573979829  -72.41920270499509  16.129488723855573  21.43360905360538  9.132472754776103  -32.14352685238697  -69.15252092216645  -13.539516314782446  -216.08297528003223  -29.80801179828768  -104.03886198232388  -7.5744914413372015  10.562949911767916  -90.12316791861315  -161.5307908821146  8.906874306075963  -142.46939321398304  13.183318768202113  
-29.447165705786617  -2.4649962496143445  0.0  -129.13246514356052  23.53368524774642  8.93404431123379  -193.0732018072281  -96.57249348745943  -42.268475257186154  -128.84608957102859  -128.18641837750766  -65.47343512629494  -422.3173739307696  -104.78925134319392  -135.02219237773943  41.50239660182298  -36.09070131854409  -196.32119107603984  -156.76769951464752  -41.11621671662779  -114.90595821999223  -27.46286018717342  -286.112969117384  27.046557446138642  37.816694582129294  -19.98543668034199  -48.50386871935986  -13.675231484441767  -73.19428124593675  -140.3148533121696  14.241110506376288  -5.121485565631062  -15.416080766410147  -4.134509235846522  22.969961407501515  -21.503384066074645  -71.86826425920232  -104.13343325981045  -39.32303593793925  -62.01756835602954  -108.08051053575663  -36.312926582604945  -7.577681302064349  -2.7614280367082813  -14.584686897302817  -358.1612367031102  -85.81884630399561  7.55749322574475  -153.4066279093458  33.70471904639369  -253.589256294863  29.78818009847673  3.6282245423243324  -86.50748581949777  20.413919587952037  -7.122595805257021  -5.738611262248952  -55.60975897964393  7.793118069274485  -40.50198845653928  33.28068146566194  -104.05978063558531  14.412417417821601  -61.39061480162947  -21.337574025840397  1.90512974230343  -66.0974904157351  -10.734667759167891  6.863165167056707  10.124029950082061  -66.33627669486928  -89.50546808556113  -74.19288849876996  -66.44526693652101  -11.512313176968576  11.140419472878108  -21.628395679214492  1.559830210628519  -106.44157204819489  23.45106189834526  3.1453835791604376  -107.02224365301804  -167.7977226636429  -48.43381198941263  -74.88419895460943  13.664492474241229  18.968612803991036  6.667476505161758  -34.608523102001314  -71.61751717178079  -16.00451256439679  -218.5479715296466  -32.273008047902024  -106.50385823193822  -10.039487690951546  8.097953662153571  -92.5881641682275  -163.99578713172895  6.4418780564616185  -144.93438946359737  10.718322518587769  
99.68529943777392  126.6674688939462  129.13246514356052  0.0  152.66615039130696  138.06650945479433  -63.940736663667536  32.55997165610111  86.86398988637438  0.2863755725319379  0.9460467660528877  63.65903001726559  -293.184908787209  24.343213800366613  -5.889727234178878  170.63486174538352  93.04176382501645  -67.18872593247929  -27.635234371086966  88.01624842693275  14.226506923568309  101.66960495638712  -156.98050397382346  156.17902258969917  166.94915972568984  109.14702846321855  80.62859642420068  115.45723365911877  55.93818389762379  -11.182388168609037  143.3735756499368  124.01097957792948  113.71638437715039  124.99795590771402  152.10242655106205  107.62908107748589  57.26420088435822  24.999031883750092  89.80942920562129  67.114896787531  21.051954607803907  92.81953856095559  121.55478384149619  126.37103710685226  114.54777824625772  -229.02877155954965  43.313618839564924  136.6899583693053  -24.274162765785235  162.83718418995423  -124.45679115130244  158.92064524203727  132.76068968588487  42.624979324062764  149.54638473151257  122.00986933830352  123.39385388131159  73.52270616391661  136.92558321283502  88.63047668702126  162.41314660922248  25.072684507975225  143.54488256138214  67.74185034193107  107.79489111772014  131.03759488586397  63.03497472782544  118.39779738439265  135.99563031061723  139.2564950936426  62.796188448691254  39.626997057999404  54.93957664479058  62.68719820703953  117.62015196659196  140.27288461643866  107.50406946434605  130.69229535418907  22.690893095365652  152.5835270419058  132.277848722721  22.1102214905425  -38.66525752008238  80.6986531541479  54.248266188951106  142.79695761780175  148.10107794755157  135.7999416487223  94.52394204155922  57.51494797177975  113.12795257916375  -89.41550638608604  96.85945709565851  22.628606911622313  119.09297745260899  137.23041880571412  36.544300975333044  -34.863321988168394  135.57434320002216  -15.801924320036846  139.85078766214832  
-52.980850953533036  -25.998681497360764  -23.53368524774642  -152.66615039130696  0.0  -14.599640936512628  -216.6068870549745  -120.10617873520584  -65.80216050493257  -152.37977481877502  -151.72010362525407  -89.00712037404136  -445.851059178516  -128.32293659094034  -158.55587762548583  17.96871135407656  -59.62438656629051  -219.85487632378624  -180.30138476239392  -64.64990196437421  -138.43964346773865  -50.99654543491984  -309.6466543651304  3.5128721983922233  14.283009334382875  -43.51912192808841  -72.03755396710628  -37.208916732188186  -96.72796649368317  -163.848538559916  -9.292574741370132  -28.65517081337748  -38.949766014156566  -27.66819448359294  -0.5637238402449043  -45.037069313821064  -95.40194950694874  -127.66711850755686  -62.85672118568567  -85.55125360377596  -131.61419578350305  -59.846611830351364  -31.111366549810768  -26.2951132844547  -38.118372145049236  -381.6949219508566  -109.35253155174203  -15.976192022001669  -176.9403131570922  10.171033798647272  -277.1229415426094  6.25449485073031  -19.905460705422087  -110.04117106724419  -3.119765659794382  -30.65628105300344  -29.27229650999537  -79.14344422739035  -15.740567178471935  -64.0356737042857  9.746996217915523  -127.59346588333173  -9.121267829924818  -84.92430004937589  -44.871259273586816  -21.62855550544299  -89.63117566348151  -34.26835300691431  -16.670520080689712  -13.409655297664358  -89.8699619426157  -113.03915333330755  -97.72657374651638  -89.97895218426743  -35.045998424714995  -12.393265774868311  -45.16208092696091  -21.9738550371179  -129.9752572959413  -0.08262334940116034  -20.38830166858598  -130.55592890076446  -191.33140791138933  -71.96749723715905  -98.41788420235585  -9.86919277350519  -4.565072443755383  -16.86620874258466  -58.14220834974773  -95.15120241952721  -39.53819781214321  -242.081656777393  -55.806693295648444  -130.03754347968464  -33.573172938697965  -15.435731585592848  -116.12184941597391  -187.52947237947535  -17.0918071912848  -168.4680747113438  -12.81536272915865  
-38.38121001702041  -11.399040560848135  -8.93404431123379  -138.06650945479433  14.599640936512628  0.0  -202.00724611846186  -105.50653779869322  -51.202519568419945  -137.7801338822624  -137.12046268874144  -74.40747943752874  -431.25141824200335  -113.72329565442772  -143.9562366889732  32.56835229058919  -45.02474562977788  -205.25523538727361  -165.7017438258813  -50.05026102786158  -123.84000253122602  -36.39690449840721  -295.0470134286178  18.11251313490485  28.882650270895503  -28.91948099157578  -57.43791303059365  -22.609275795675558  -82.12832555717054  -149.24889762340337  5.307066195142497  -14.055529876864853  -24.350125077643938  -13.068553547080313  14.035917096267724  -30.437428377308436  -80.80230857043611  -113.06747757104424  -48.25708024917304  -70.95161266726333  -117.01455484699042  -45.246970893838736  -16.51172561329814  -11.695472347942072  -23.518731208536607  -367.095281014344  -94.7528906152294  -1.3765510854890408  -162.34067222057956  24.7706747351599  -262.52330060609677  20.85413578724294  -5.305819768909458  -95.44153013073156  11.479875276718246  -16.05664011649081  -14.672655573482743  -64.54380329087772  -1.1409262419593063  -49.43603276777307  24.34663715442815  -112.9938249468191  5.47837310658781  -70.32465911286326  -30.271618337074187  -7.028914568930361  -75.03153472696889  -19.668712070401682  -2.070879144177084  1.1899856388482704  -75.27032100610307  -98.43951239679492  -83.12693281000375  -75.3793112477548  -20.446357488202366  2.206375161644317  -30.562439990448283  -7.374214100605272  -115.37561635942868  14.517017587111468  -5.788660732073353  -115.95628796425183  -176.7317669748767  -57.36785630064642  -83.81824326584322  4.730448163007438  10.034568492757245  -2.2665678060720325  -43.542567413235105  -80.55156148301458  -24.93855687563058  -227.48201584088036  -41.207052359135815  -115.43790254317202  -18.973532002185337  -0.8360906490802194  -101.52220847946128  -172.92983144296272  -2.4921662547721724  -153.86843377483117  1.784278207353978  
163.62603610144146  190.60820555761373  193.0732018072281  63.940736663667536  216.6068870549745  202.00724611846186  0.0  96.50070831976865  150.80472655004192  64.22711223619947  64.88678342972042  127.59976668093313  -229.2441721235415  88.28395046403415  58.05100942948866  234.57559840905105  156.98250048868397  -3.24798926881175  36.30550229258057  151.95698509060028  78.16724358723584  165.61034162005467  -93.03976731015592  220.1197592533667  230.88989638935738  173.0877651268861  144.56933308786822  179.3979703227863  119.87892056129132  52.7583484950585  207.31431231360438  187.951716241597  177.6571210408179  188.93869257138155  216.0431632147296  171.56981774115343  121.20493754802575  88.93976854741763  153.75016586928882  131.05563345119853  84.99269127147144  156.76027522462311  185.4955205051637  190.31177377051978  178.48851490992524  -165.08803489588212  107.25435550323246  200.63069503297282  39.6665738978823  226.77792085362177  -60.516054487634904  222.8613819057048  196.7014263495524  106.5657159877303  213.4871213951801  185.95060600197104  187.3345905449791  137.46344282758415  200.86631987650256  152.5712133506888  226.35388327289002  89.01342117164276  207.48561922504967  131.6825870055986  171.73562778138768  194.9783315495315  126.97571139149298  182.33853404806018  199.9363669742848  203.19723175731013  126.73692511235879  103.56773372166694  118.88031330845811  126.62793487070707  181.5608886302595  204.21362128010617  171.44480612801357  194.63303201785658  86.63162975903319  216.52426370557333  196.2185853863885  86.05095815421004  25.27547914358516  144.63938981781544  118.18900285261864  206.73769428146932  212.0418146112191  199.74067831238983  158.46467870522676  121.45568463544728  177.06868924283128  -25.4747697224185  160.80019375932605  86.56934357528985  183.03371411627654  201.17115546938163  100.48503763900058  29.077414675499142  199.5150798636897  48.13881234363069  203.79152432581583  
67.12532778167281  94.10749723784508  96.57249348745943  -32.55997165610111  120.10617873520584  105.50653779869322  -96.50070831976865  0.0  54.30401823027327  -32.273596083569174  -31.613924890048224  31.09905836116448  -325.74488044331014  -8.2167578557345  -38.44969889027999  138.0748900892824  60.481792168915334  -99.7486975885804  -60.19520602718808  55.456276770831636  -18.333464732532804  69.109633300286  -189.54047562992457  123.61905093359806  134.38918806958873  76.58705680711743  48.06862476809957  82.89726200301766  23.378212241522675  -43.74235982471015  110.81360399383571  91.45100792182836  81.15641272104928  92.4379842516129  119.54245489496094  75.06910942138478  24.704229228257105  -7.56093977235102  57.24945754952017  34.55492513142988  -11.508017048297205  60.25956690485448  88.99481218539508  93.81106545075114  81.98780659015661  -261.58874321565077  10.753647183463812  104.12998671320418  -56.83413442188635  130.27721253385312  -157.01676280740355  126.36067358593615  100.20071802978376  10.065007667961652  116.98641307541146  89.4498976822024  90.83388222521047  40.9627345078155  104.36561155673391  56.070505030920145  129.85317495312137  -7.487287148125887  110.98491090528103  35.18187868582996  75.23491946161903  98.47762322976286  30.47500307172433  85.83782572829153  103.43565865451613  106.69652343754149  30.23621679259014  7.067025401898292  22.379604988689465  30.127226550938417  85.06018031049085  107.71291296033753  74.94409780824493  98.13232369808794  -9.86907856073546  120.02355538580468  99.71787706661986  -10.449750165558612  -71.22522917618349  48.13868149804679  21.688294532849994  110.23698596170065  115.54110629145046  103.23996999262118  61.96397038545811  24.954976315678636  80.56798092306263  -121.97547804218715  64.2994854395574  -9.931364744478799  86.53300579650788  104.670447149613  3.9843293192319322  -67.4232936442695  103.01437154392104  -48.36189597613796  107.2908160060472  
12.821309551399537  39.80347900757181  42.268475257186154  -86.86398988637438  65.80216050493257  51.202519568419945  -150.80472655004192  -54.30401823027327  0.0  -86.57761431384245  -85.9179431203215  -23.20495986910879  -380.0488986735834  -62.52077608600777  -92.75371712055326  83.77087185900913  6.177773938642062  -154.05271581885367  -114.49922425746135  1.152258540558364  -72.63748296280608  14.805615070012735  -243.84449386019784  69.31503270332479  80.08516983931545  22.283038576844163  -6.235393462173704  28.593243772744387  -30.925805988750596  -98.04637805498342  56.50958576356244  37.14698969155509  26.852394490776007  38.13396602133963  65.23843666468767  20.76509119111151  -29.599789002016166  -61.86495800262429  2.9454393192469013  -19.74909309884339  -65.81203527857048  5.955548674581209  34.690793955121805  39.50704722047787  27.683788359883337  -315.89276144592407  -43.55037104680946  49.825968482930904  -111.13815265215962  75.97319430357985  -211.32078103767682  72.05665535566288  45.896699799510486  -44.23901056231162  62.68239484513819  35.14587945192913  36.5298639949372  -13.341283722457774  50.06159332646064  1.7664868006468737  75.5491567228481  -61.79130537839916  56.680892675007755  -19.122139544443314  20.930901231345757  44.173604999489584  -23.82901515854894  31.533807498018263  49.13164042424286  52.392505207268215  -24.06780143768313  -47.23699282837498  -31.924413241583807  -24.176791679334855  30.756162080217578  53.40889473006426  20.64007957797166  43.82830546781467  -64.17309679100873  65.71953715553141  45.41385883634659  -64.75376839583188  -125.52924740645676  -6.1653367322264785  -32.61572369742328  55.93296773142738  61.23708806117719  48.93595176234791  7.65995215518484  -29.349041914594636  26.263962692789363  -176.27949627246042  9.99546720928413  -64.23538297475207  32.22898756623461  50.366428919339725  -50.31968891104134  -121.72731187454278  48.71035331364777  -102.66591420641123  52.98679777577392  
99.39892386524198  126.38109332141426  128.84608957102859  -0.2863755725319379  152.37977481877502  137.7801338822624  -64.22711223619947  32.273596083569174  86.57761431384245  0.0  0.6596711935209498  63.372654444733655  -293.47128435974093  24.056838227834675  -6.176102806710816  170.34848617285158  92.75538825248451  -67.47510150501122  -27.921609943618904  87.72987285440081  13.94013135103637  101.38322938385518  -157.2668795463554  155.89264701716723  166.6627841531579  108.86065289068661  80.34222085166874  115.17085808658683  55.65180832509185  -11.468763741140975  143.08720007740487  123.72460400539754  113.43000880461845  124.71158033518208  151.81605097853011  107.34270550495395  56.97782531182628  24.712656311218154  89.52305363308935  66.82852121499906  20.76557903527197  92.53316298842365  121.26840826896425  126.08466153432032  114.26140267372578  -229.3151471320816  43.027243267032986  136.40358279677335  -24.560538338317173  162.5508086174223  -124.74316672383438  158.63426966950533  132.47431411335293  42.338603751530826  149.26000915898064  121.72349376577158  123.10747830877965  73.23633059138467  136.63920764030308  88.34410111448932  162.12677103669054  24.786308935443287  143.2585069888502  67.45547476939913  107.5085155451882  130.75121931333203  62.748599155293505  118.11142181186071  135.7092547380853  138.97011952111066  62.509812876159316  39.340621485467466  54.65320107225864  62.40082263450759  117.33377639406002  139.98650904390672  107.21769389181411  130.40591978165713  22.404517522833714  152.29715146937386  131.99147315018905  21.823845918010562  -38.951633092614316  80.41227758161597  53.96189061641917  142.5105820452698  147.81470237501964  135.51356607619036  94.23756646902729  57.22857239924781  112.84157700663181  -89.70188195861797  96.57308152312658  22.342231339090375  118.80660188007705  136.94404323318219  36.257925402801106  -35.14969756070033  135.28796762749022  -16.088299892568784  139.56441208961638  
98.73925267172103  125.7214221278933  128.18641837750766  -0.9460467660528877  151.72010362525407  137.12046268874144  -64.88678342972042  31.613924890048224  85.9179431203215  -0.6596711935209498  0.0  62.712983251212705  -294.1309555532619  23.397167034313725  -6.8357740002317655  169.68881497933063  92.09571705896356  -68.13477269853217  -28.581281137139854  87.07020166087986  13.28046015751542  100.72355819033423  -157.92655073987635  155.23297582364629  166.00311295963695  108.20098169716566  79.68254965814779  114.51118689306588  54.9921371315709  -12.128434934661925  142.42752888388395  123.06493281187659  112.7703376110975  124.05190914166113  151.15637978500916  106.683034311433  56.31815411830533  24.052985117697204  88.8633824395684  66.16885002147811  20.10590784175102  91.8734917949027  120.6087370754433  125.42499034079937  113.60173148020483  -229.97481832560254  42.36757207351204  135.7439116032524  -25.220209531838123  161.89113742390134  -125.40283791735533  157.97459847598438  131.81464291983198  41.678932558009876  148.6003379654597  121.06382257225063  122.4478071152587  72.57665939786372  135.97953644678213  87.68442992096837  161.4670998431696  24.126637741922337  142.59883579532925  66.79580357587818  106.84884435166725  130.09154811981108  62.088927961772555  117.45175061833976  135.04958354456437  138.3104483275897  61.850141682638366  38.680950291946516  53.99352987873769  61.74115144098664  116.67410520053907  139.32683785038574  106.55802269829316  129.74624858813615  21.744846329312765  151.6374802758529  131.33180195666807  21.164174724489612  -39.611304286135265  79.75260638809502  53.30221942289822  141.8509108517489  147.15503118149869  134.8538948826694  93.57789527550634  56.56890120572686  112.18190581311086  -90.36155315213892  95.91341032960563  21.682560145569425  118.1469306865561  136.2843720396612  35.59825420928016  -35.80936875422128  134.62829643396927  -16.747971086089734  138.9047408960954  
36.02626942050833  63.0084388766806  65.47343512629494  -63.65903001726559  89.00712037404136  74.40747943752874  -127.59976668093313  -31.09905836116448  23.20495986910879  -63.372654444733655  -62.712983251212705  0.0  -356.84393880447465  -39.31581621689898  -69.54875725144447  106.97583172811792  29.382733807750853  -130.84775594974488  -91.29426438835256  24.357218409667155  -49.432523093697284  38.010574939121526  -220.63953399108905  92.51999257243358  103.29012970842425  45.487998445952954  16.969566406935087  51.79820364185318  -7.720846119641806  -74.84141818587463  79.71454563267123  60.35194956066388  50.0573543598848  61.33892589044842  88.44339653379646  43.9700510602203  -6.394829132907375  -38.6599981335155  26.150399188355692  3.455866770265402  -42.607075409461686  29.16050854369  57.895753824230596  62.71200708958666  50.88874822899213  -292.6878015768152  -20.34541117770067  73.0309283520397  -87.93319278305083  99.17815417268864  -188.11582116856803  95.26161522477167  69.10165966861928  -21.03405069320283  85.88735471424698  58.350839321037924  59.73482386404599  9.863676146651017  73.26655319556943  24.971446669755665  98.75411659195689  -38.58634550929037  79.88585254411655  4.082820324665477  44.13586110045455  67.37856486859837  -0.6240552894401503  54.73876736712705  72.33660029335165  75.597465076377  -0.8628415685743391  -24.03203295926619  -8.719453372475016  -0.9718318102260639  53.96112194932637  76.61385459917305  43.84503944708045  67.03326533692346  -40.96813692189994  88.9244970246402  68.61881870545538  -41.54880852672309  -102.32428753734797  17.039623136882312  -9.410763828314487  79.13792760053617  84.44204793028598  72.1409116314567  30.86491202429363  -6.144082045485845  49.468922561898154  -153.07453640335163  33.20042707839292  -41.03042310564328  55.4339474353434  73.57138878844852  -27.11472904193255  -98.52235200543399  71.91531318275656  -79.46095433730244  76.19175764488271  
392.87020822498295  419.8523776811552  422.3173739307696  293.184908787209  445.851059178516  431.25141824200335  229.2441721235415  325.74488044331014  380.0488986735834  293.47128435974093  294.1309555532619  356.84393880447465  0.0  317.52812258757564  287.29518155303015  463.81977053259254  386.22667261222546  225.99618285472974  265.54967441612206  381.20115721414174  307.4114157107773  394.85451374359616  136.20440481338557  449.3639313769082  460.13406851289886  402.3319372504276  373.81350521140973  408.6421424463278  349.12309268483284  282.0025206186  436.55848443714586  417.1958883651385  406.9012931643594  418.18286469492307  445.2873353382711  400.8139898646949  350.44910967156727  318.18394067095915  382.9943379928303  360.29980557474005  314.23686339501296  386.0044473481646  414.7396926287052  419.55594589406127  407.73268703346673  64.15613722765937  336.4985276267739  429.8748671565143  268.9107460214238  456.02209297716325  168.72811763590659  452.10555402924626  425.9455984730939  335.8098881112718  442.7312935187216  415.1947781255125  416.5787626685206  366.7076149511256  430.110492000044  381.8153854742303  455.5980553964315  318.2575932951843  436.72979134859116  360.9267591291401  400.97979990492917  424.222503673073  356.21988351503444  411.58270617160167  429.1805390978263  432.4414038808516  355.9810972359003  332.81190584520846  348.1244854319996  355.87210699424855  410.805060753801  433.45779340364766  400.68897825155506  423.87720414139807  315.8758018825747  445.7684358291148  425.46275750993  315.2951302777515  254.51965126712665  373.8835619413569  347.4331749761601  435.9818664050108  441.2859867347606  428.9848504359313  387.7088508287683  350.69985675898874  406.3128613663728  203.769402401123  390.0443658828675  315.81351569883134  412.27788623981803  430.4153275929231  329.72920976254204  258.32158679904063  428.7592519872312  277.38298446717215  433.0356964493573  
75.34208563740731  102.32425509357958  104.78925134319392  -24.343213800366613  128.32293659094034  113.72329565442772  -88.28395046403415  8.2167578557345  62.52077608600777  -24.056838227834675  -23.397167034313725  39.31581621689898  -317.52812258757564  0.0  -30.23294103454549  146.2916479450169  68.69855002464983  -91.5319397328459  -51.97844817145358  63.673034626566135  -10.116706876798304  77.3263911560205  -181.32371777419007  131.83580878933256  142.60594592532323  84.80381466285193  56.28538262383407  91.11401985875216  31.594970097257175  -35.52560196897565  119.03036184957021  99.66776577756286  89.37317057678378  100.6547421073474  127.75921275069544  83.28586727711928  32.920987083991605  0.6558180833834797  65.46621540525467  42.77168298716438  -3.2912591925627055  68.47632476058898  97.21157004112958  102.02782330648564  90.20456444589111  -253.37198535991627  18.97040503919831  112.34674456893868  -48.61737656615185  138.49397038958762  -148.80000495166905  134.57743144167065  108.41747588551826  18.28176552369615  125.20317093114596  97.6666555379369  99.05064008094497  49.17949236355  112.58236941246841  64.28726288665464  138.06993280885587  0.7294707076086127  119.20166876101553  43.39863654156446  83.45167731735353  106.69438108549735  38.69176092745883  94.05458358402603  111.65241651025063  114.91328129327599  38.45297464832464  15.283783257632791  30.596362844423965  38.34398440667292  93.27693816622535  115.92967081607203  83.16085566397943  106.34908155382244  -1.6523207050009603  128.24031324153918  107.93463492235436  -2.2329923098241125  -63.00847132044899  56.35543935378129  29.905052388584494  118.45374381743515  123.75786414718496  111.45672784835568  70.18072824119261  33.171734171413135  88.78473877879713  -113.75872018645265  72.5162432952919  -1.7146068887442993  94.74976365224238  112.8872050053475  12.201087174966432  -59.20653578853501  111.23112939965554  -40.14513812040346  115.5075738617817  
105.5750266719528  132.55719612812507  135.02219237773943  5.889727234178878  158.55587762548583  143.9562366889732  -58.05100942948866  38.44969889027999  92.75371712055326  6.176102806710816  6.8357740002317655  69.54875725144447  -287.29518155303015  30.23294103454549  0.0  176.5245889795624  98.93149105919532  -61.29899869830041  -21.74550713690809  93.90597566111163  20.116234157747186  107.559332190566  -151.09077673964458  162.06874982387805  172.83888695986872  115.03675569739742  86.51832365837956  121.34696089329765  61.827911131802665  -5.29266093443016  149.26330288411572  129.90070681210835  119.60611161132927  130.8876831418929  157.99215378524093  113.51880831166477  63.153928118537095  30.88875911792897  95.69915643980016  73.00462402170987  26.941681841982785  98.70926579513447  127.44451107567507  132.26076434103112  120.4375054804366  -223.13904432537078  49.2033460737438  142.57968560348417  -18.384435531606357  168.7269114241331  -118.56706391712356  164.81037247621614  138.65041692006375  48.51470655824164  155.43611196569145  127.8995965724824  129.28358111549045  79.41243339809549  142.8153104470139  94.52020392120014  168.30287384340136  30.962411742154103  149.43460979556102  73.63157757610995  113.68461835189902  136.92732212004285  68.92470196200432  124.28752461857152  141.88535754479614  145.14622232782148  68.68591568287013  45.51672429217828  60.829303878969455  68.5769254412184  123.50987920077084  146.1626118506175  113.39379669852492  136.58202258836792  28.58062032954453  158.47325427608467  138.16757595689984  27.999948724721378  -32.7755302859035  86.58838038832678  60.137993423129984  148.68668485198066  153.99080518173045  141.68966888290117  100.4136692757381  63.404675205958625  119.01767981334262  -83.52577915190716  102.74918432983739  28.51833414580119  124.98270468678787  143.12014603989297  42.43402820951192  -28.973594753989516  141.46407043420103  -9.912197085857969  145.74051489632717  
-70.9495623076096  -43.967392851437324  -41.50239660182298  -170.63486174538352  -17.96871135407656  -32.56835229058919  -234.57559840905105  -138.0748900892824  -83.77087185900913  -170.34848617285158  -169.68881497933063  -106.97583172811792  -463.81977053259254  -146.2916479450169  -176.5245889795624  0.0  -77.59309792036707  -237.8235876778628  -198.27009611647048  -82.61861331845077  -156.4083548218152  -68.9652567889964  -327.615365719207  -14.455839155684338  -3.685702019693686  -61.48783328216497  -90.00626532118284  -55.17762808626475  -114.69667784775973  -181.81724991399255  -27.261286095446692  -46.62388216745404  -56.91847736823313  -45.6369058376695  -18.532435194321465  -63.005780667897625  -113.3706608610253  -145.63582986163343  -80.82543253976223  -103.51996495785252  -149.5829071375796  -77.81532318442792  -49.08007790388733  -44.26382463853126  -56.0870834991258  -399.66363330493317  -127.3212429058186  -33.94490337607823  -194.90902451116875  -7.7976775554292885  -295.09165289668596  -11.71421650334625  -37.87417205949865  -128.00988242132075  -21.088477013870943  -48.62499240708  -47.24100786407193  -97.11215558146691  -33.709278532548495  -82.00438505836226  -8.221715136161038  -145.5621772374083  -27.08997918400138  -102.89301140345245  -62.83997062766338  -39.59726685951955  -107.59988701755807  -52.23706436099087  -34.63923143476627  -31.37836665174092  -107.83867329669226  -131.0078646873841  -115.69528510059294  -107.94766353834399  -53.014709778791556  -30.361977128944872  -63.13079228103747  -39.94256639119446  -147.94396865001787  -18.05133470347772  -38.35701302266254  -148.52464025484102  -209.3001192654659  -89.93620859123561  -116.38659555643241  -27.83790412758175  -22.533783797831944  -34.83492009666122  -76.1109197038243  -113.11991377360377  -57.50690916621977  -260.05036813146955  -73.775404649725  -148.0062548337612  -51.541884292774526  -33.40444293966941  -134.09056077005047  -205.4981837335519  -35.06051854536136  -186.43678606542036  -30.78407408323521  
6.643535612757475  33.62570506892975  36.09070131854409  -93.04176382501645  59.62438656629051  45.02474562977788  -156.98250048868397  -60.481792168915334  -6.177773938642062  -92.75538825248451  -92.09571705896356  -29.382733807750853  -386.22667261222546  -68.69855002464983  -98.93149105919532  77.59309792036707  0.0  -160.23048975749572  -120.67699819610341  -5.025515398083698  -78.81525690144814  8.627841131370673  -250.0222677988399  63.137258764682734  73.90739590067338  16.1052646382021  -12.413167400815766  22.415469834102325  -37.10357992739266  -104.22415199362548  50.33181182492038  30.96921575291303  20.674620552133945  31.95619208269757  59.06066272604561  14.587317252469447  -35.77756294065823  -68.04273194126635  -3.2323346193951608  -25.92686703748545  -71.98980921721254  -0.22222526406085308  28.513020016479743  33.32927328183581  21.506014421241275  -322.0705353845661  -49.72814498545152  43.64819454428884  -117.31592659080168  69.79542036493778  -217.49855497631887  65.87888141702082  39.718925860868424  -50.41678450095368  56.50462090649613  28.96810551328707  30.35209005629514  -19.519057661099836  43.883819387818576  -4.411287137995188  69.37138278420603  -67.96907931704122  50.50311873636569  -25.299913483085376  14.753127292703695  37.99583106084752  -30.006789097191003  25.3560335593762  42.9538664856008  46.21473126862615  -30.245575376325192  -53.41476676701704  -38.10218718022587  -30.354565617976917  24.578388141575516  47.2311207914222  14.4623056393296  37.65053152917261  -70.3508707296508  59.54176321688935  39.23608489770453  -70.93154233447395  -131.70702134509884  -12.34311067086854  -38.79349763606534  49.75519379278532  55.05931412253513  42.75817782370585  1.4821782165427777  -35.5268158532367  20.0861887541473  -182.45727021110247  3.817693270642067  -70.41315691339413  26.051213627592546  44.18865498069766  -56.4974628496834  -127.90508581318484  42.53257937500571  -108.84368814505329  46.80902383713186  
166.8740253702532  193.85619482642548  196.32119107603984  67.18872593247929  219.85487632378624  205.25523538727361  3.24798926881175  99.7486975885804  154.05271581885367  67.47510150501122  68.13477269853217  130.84775594974488  -225.99618285472974  91.5319397328459  61.29899869830041  237.8235876778628  160.23048975749572  0.0  39.55349156139232  155.20497435941203  81.4152328560476  168.85833088886642  -89.79177804134417  223.36774852217846  234.13788565816913  176.33575439569785  147.81732235667997  182.64595959159806  123.12690983010307  56.00633776387025  210.56230158241613  191.19970551040876  180.90511030962966  192.1866818401933  219.29115248354134  174.81780700996518  124.4529268168375  92.18775781622938  156.99815513810057  134.30362272001028  88.2406805402832  160.00826449343487  188.74350977397546  193.55976303933153  181.736504178737  -161.84004562707037  110.50234477204421  203.87868430178457  42.91456316669405  230.02591012243352  -57.26806521882315  226.10937117451655  199.94941561836416  109.81370525654205  216.73511066399186  189.1985952707828  190.58257981379086  140.7114320963959  204.1143091453143  155.81920261950054  229.60187254170177  92.26141044045451  210.73360849386142  134.93057627441036  174.98361705019943  198.22632081834325  130.22370066030473  185.58652331687193  203.18435624309654  206.44522102612189  129.98491438117054  106.81572299047869  122.12830257726986  129.87592413951882  184.80887789907126  207.46161054891792  174.69279539682532  197.88102128666833  89.87961902784494  219.77225297438508  199.46657465520025  89.29894742302179  28.52346841239691  147.8873790866272  121.4369921214304  209.98568355028107  215.28980388003086  202.98866758120158  161.7126679740385  124.70367390425903  180.31667851164303  -22.22678045360675  164.0481830281378  89.8173328441016  186.2817033850883  204.41914473819338  103.73302690781233  32.32540394431089  202.76306913250144  51.38680161244244  207.03951359462758  
