Height_Data

node	height
0	183.37891560585038
1	264.77004354635494
2	197.61921284668645
3	291.99558650563586
4	474.5900332976952
5	169.22896594776662
6	152.04385297984328
7	143.81925234254223
8	277.8538920346829
9	142.46484062688813
10	343.7450022503516
11	168.48344069795112
12	456.11720690617693
13	305.511911629512
14	164.43490312992523
15	55.09039433805409
16	124.52894336320881
17	192.49369066424634
18	259.7835292966107
19	242.25278113648636
20	172.0066216790024
21	186.3441382319863
22	84.9356271381987
23	187.2481581227744
24	296.2386057240108
25	249.55337511945274
26	113.88766500860143
27	307.72254719259854
28	226.81459203589486
29	98.82500059443998
30	216.43886569984429
31	129.0848438193078
32	195.92968740135584
33	346.7583384637322
34	320.5628742318632
35	115.16703222467719
36	184.46507474700678
37	196.08436311083676
38	315.0810118105705
39	158.0014215841276
40	155.3804297581585
41	178.5304177528807
42	106.21767184746172
43	122.74917008746382
44	443.3670136881023
45	133.9934764736112
46	144.58519418005767
47	242.2644584941766
48	370.6650227234391
49	429.77198604772394
50	112.27678747385633
51	190.28662594086288
52	403.5789457346477
53	221.77851756708762
54	332.17853982912237
55	142.04784026565315
56	262.1618662173849
57	100.67055427738026
58	296.0879552344828
59	253.16147328092293
60	189.52212446649767
61	180.36525157271916
62	134.56405000893477
63	42.50603058086795
64	474.21330531785077
65	169.8972698198633
66	132.8745182635954
67	289.08061468929196
68	138.10642005887192
69	86.72274893462011
70	211.8643397205972
71	258.2526743752383
72	330.71492985577396
73	368.027791618283
74	190.02216492653068
75	231.09987904935278
76	207.23409062088493
77	138.6541883911339
78	200.72331970467414
79	378.9484573464949
80	271.96959541136226
81	172.13659608467276
82	225.03036406973712
83	496.8783207336643
84	110.48872898407033
85	190.3929188707858
86	74.21201986483004
87	327.77932797326633
88	132.78053758162582
89	256.65694757932897
90	149.06602537048929
91	349.8272556100948
92	145.69018853617243
93	286.21658770348967
94	348.70900901248075
95	91.49429851940116
96	568.5369040361268
97	74.83096433083885
98	211.48687765141105
99	286.00141026939883
100	118.77891833804098



height_matrix
0.0  -81.39112794050456  -14.240297240836071  -108.61667089978548  -291.21111769184483  14.149949658083756  31.3350626260071  39.55966326330815  -94.47497642883249  40.91407497896225  -160.36608664450122  14.895474907899256  -272.7382913003265  -122.1329960236616  18.94401247592515  128.28852126779628  58.84997224264157  -9.114775058395963  -76.40461369076033  -58.87386553063598  11.372293926847988  -2.965222626135926  98.44328846765168  -3.8692425169240323  -112.85969011816044  -66.17445951360236  69.49125059724895  -124.34363158674816  -43.43567643004448  84.5539150114104  -33.059950093993905  54.29407178654259  -12.550771795505455  -163.3794228578818  -137.1839586260128  68.2118833811732  -1.0861591411564007  -12.705447504986381  -131.7020962047201  25.377494021722782  27.99848584769188  4.848497852969672  77.16124375838866  60.62974551838656  -259.9880980822519  49.385439132239185  38.79372142579271  -58.88554288832623  -187.28610711758873  -246.39307044187356  71.10212813199405  -6.907710335012496  -220.2000301287973  -38.39960196123724  -148.799624223272  41.33107534019723  -78.78295061153452  82.70836132847012  -112.70903962863244  -69.78255767507255  -6.143208860647292  3.0136640331312208  48.81486559691561  140.87288502498242  -290.8343897120004  13.48164578598707  50.504397342254975  -105.70169908344158  45.27249554697846  96.65616667123027  -28.48542411474682  -74.87375876938793  -147.33601424992358  -184.64887601243262  -6.643249320680297  -47.7209634435024  -23.855175015034547  44.72472721471647  -17.34440409882376  -195.5695417406445  -88.59067980551188  11.24231952117762  -41.65144846388674  -313.49940512781393  72.89018662178005  -7.014003264935411  109.16689574102034  -144.40041236741595  50.59837802422456  -73.27803197347859  34.312890235361095  -166.44834000424444  37.68872706967795  -102.83767209763928  -165.33009340663037  91.88461708644923  -385.1579884302764  108.54795127501153  -28.10796204556067  -102.62249466354845  64.5999972678094  
81.39112794050456  0.0  67.15083069966849  -27.225542959280915  -209.81998975134024  95.54107759858832  112.72619056651166  120.95079120381271  -13.08384848832793  122.30520291946681  -78.97495870399666  96.28660284840382  -191.347163359822  -40.741868083157044  100.33514041642971  209.67964920830084  140.24110018314613  72.2763528821086  4.986514249744232  22.51726240986858  92.76342186735255  78.42590531436863  179.83441640815624  77.52188542358053  -31.468562177655883  15.216668426902203  150.8823785377535  -42.9525036462436  37.95545151046008  165.94504295191496  48.331177846510656  135.68519972704715  68.8403561449991  -81.98829491737723  -55.79283068550825  149.60301132167774  80.30496879934816  68.68568043551818  -50.310968264215546  106.76862196222734  109.38961378819644  86.23962579347423  158.55237169889324  142.02087345889112  -178.59697014174736  130.77656707274375  120.18484936629727  22.505585052178333  -105.89497917708417  -165.001942501369  152.4932560724986  74.48341760549206  -138.80890218829273  42.99152597926732  -67.40849628276743  122.72220328070179  2.6081773289700436  164.09948926897468  -31.31791168812788  11.608570265432007  75.24791907985727  84.40479197363578  130.20599353742017  222.26401296548698  -209.44326177149583  94.87277372649163  131.89552528275954  -24.31057114293702  126.66362348748302  178.04729461173483  52.90570382575774  6.517369171116627  -65.94488630941902  -103.25774807192806  74.74787861982426  33.67016449700216  57.53595292547001  126.11585515522103  64.0467238416808  -114.17841380013994  -7.199551865007322  92.63344746168218  39.73967947661782  -232.10827718730934  154.2813145622846  74.37712467556915  190.5580236815249  -63.00928442691139  131.98950596472912  8.11309596702597  115.70401817586566  -85.05721206373988  119.07985501018251  -21.446544157134724  -83.93896546612581  173.27574502695379  -303.76686048977183  189.93907921551607  53.28316589494389  -21.23136672304389  145.99112520831397  
14.240297240836071  -67.15083069966849  0.0  -94.3763736589494  -276.97082045100876  28.390246898919827  45.57535986684317  53.799960504144224  -80.23467918799642  55.15437221979832  -146.12578940366515  29.135772148735327  -258.49799405949045  -107.89269878282553  33.18430971676122  142.52881850863236  73.09026948347764  5.125522182440108  -62.16431644992426  -44.63356828979991  25.61259116768406  11.275074614700145  112.68358570848775  10.371054723912039  -98.61939287732437  -51.93416227276629  83.73154783808502  -110.10333434591209  -29.19537918920841  98.79421225224647  -18.819652853157834  68.53436902737866  1.6895254453306165  -149.13912561704572  -122.94366138517674  82.45218062200927  13.15413809967967  1.53484973584969  -117.46179896388404  39.61779126255885  42.23878308852795  19.088795093805743  91.40154099922474  74.87004275922263  -245.74780084141585  63.625736373075256  53.03401866662878  -44.64524564749016  -173.04580987675266  -232.1527732010375  85.34242537283012  7.332586905823575  -205.95973288796122  -24.159304720401167  -134.55932698243592  55.5713725810333  -64.54265337069845  96.94865856930619  -98.46874238779637  -55.54226043423648  8.09708838018878  17.253961273967292  63.05516283775168  155.1131822658185  -276.59409247116434  27.72194302682314  64.74469458309105  -91.46140184260551  59.51279278781453  110.89646391206634  -14.245126873910749  -60.63346152855186  -133.0957170090875  -170.40857877159655  7.597047920155774  -33.48066620266633  -9.614877774198476  58.96502445555254  -3.104106857987688  -181.32924449980842  -74.35038256467581  25.48261676201369  -27.411151223050666  -299.25910788697786  87.13048386261612  7.22629397590066  123.40719298185641  -130.16011512657988  64.83867526506063  -59.03773473264252  48.55318747619717  -152.20804276340837  51.92902431051402  -88.59737485680321  -151.0897961657943  106.1249143272853  -370.91769118944035  122.7882485158476  -13.867664804724598  -88.38219742271238  78.84029450864547  
108.61667089978548  27.225542959280915  94.3763736589494  0.0  -182.59444679205933  122.76662055786923  139.95173352579258  148.17633416309363  14.141694470952984  149.53074587874772  -51.74941574471575  123.51214580768473  -164.12162040054108  -13.516325123876129  127.56068337571062  236.90519216758176  167.46664314242705  99.50189584138951  32.21205720902515  49.742805369149494  119.98896482663346  105.65144827364955  207.05995936743716  104.74742838286144  -4.243019218374968  42.44221138618312  178.10792149703443  -15.726960686962684  65.180994469741  193.17058591119587  75.55672080579157  162.91074268632806  96.06589910428002  -54.76275195809632  -28.567287726227335  176.82855428095866  107.53051175862907  95.9112233947991  -23.08542530493463  133.99416492150826  136.61515674747736  113.46516875275515  185.77791465817415  169.24641641817203  -151.37142718246645  158.00211003202466  147.4103923255782  49.73112801145925  -78.66943621780325  -137.7763995420881  179.71879903177953  101.70896056477298  -111.58335922901182  70.21706893854824  -40.182953323486515  149.9477462399827  29.83372028825096  191.3250322282556  -4.092368728846964  38.83411322471292  102.47346203913818  111.6303349329167  157.43153649670109  249.4895559247679  -182.2177188122149  122.09831668577255  159.12106824204045  2.9149718163438934  153.88916644676394  205.27283757101574  80.13124678503866  33.74291213039754  -38.719343350138104  -76.03220511264715  101.97342157910518  60.89570745628308  84.76149588475093  153.34139811450194  91.27226680096172  -86.95287084085902  20.025991094273593  119.8589904209631  66.96522243589874  -204.88273422802843  181.5068575215655  101.60266763485006  217.78356664080582  -35.78374146763048  159.21504892401003  35.338638926306885  142.92956113514657  -57.83166910445897  146.30539796946343  5.778998802146191  -56.71342250684489  200.5012879862347  -276.5413175304909  217.164622174797  80.5087088542248  5.994176236237024  173.2166681675949  
291.21111769184483  209.81998975134024  276.97082045100876  182.59444679205933  0.0  305.3610673499286  322.5461803178519  330.770780955153  196.7361412630123  332.12519267080705  130.84503104734358  306.1065925997441  18.472826391518254  169.0781216681832  310.1551301677699  419.4996389596411  350.0610899344864  282.09634263344884  214.80650400108448  232.33725216120882  302.5834116186928  288.24589506570885  389.6544061594965  287.3418751749208  178.35142757368436  225.03665817824245  360.7023682890938  166.86748610509665  247.77544126180032  375.7650327032552  258.1511675978509  345.50518947838736  278.6603458963393  127.83169483396301  154.027159065832  359.423001073018  290.1249585506884  278.5056701868584  159.5090214871247  316.5886117135676  319.2096035395367  296.0596155448145  368.3723614502335  351.84086321023136  31.223019609592882  340.596556824084  330.0048391176375  232.32557480351858  103.92501057425608  44.818047249971244  362.3132458238389  284.3034073568323  71.01108756304751  252.81151573060757  142.41149346857281  332.54219303204206  212.4281670803103  373.91947902031495  178.50207806321237  221.42856001677225  285.06790883119754  294.224781724976  340.0259832887604  432.08400271682723  0.37672797984441786  304.6927634778319  341.7155150340998  185.50941860840322  336.4836132388233  387.8672843630751  262.725693577098  216.33735892245687  143.87510344192123  106.56224167941218  284.56786837116454  243.4901542483424  267.3559426768103  335.9358449065613  273.866713593021  95.64157595120031  202.62043788633292  302.4534372130224  249.55966922795807  -22.288287435969096  364.10130431362484  284.19711442690937  400.37801343286515  146.81070532442885  341.80949571606936  217.93308571836621  325.5240079272059  124.76277768760036  328.8998447615228  188.37344559420552  125.88102428521444  383.09573477829406  -93.94687073843158  399.7590689668563  263.1031556462841  188.58862302829635  355.8111149596542  
-14.149949658083756  -95.54107759858832  -28.390246898919827  -122.76662055786923  -305.3610673499286  0.0  17.185112967923345  25.409713605224397  -108.62492608691625  26.76412532087849  -174.51603630258498  0.7455252498155005  -286.8882409584103  -136.28294568174536  4.794062817841393  114.13857160971253  44.700022584557814  -23.26472471647972  -90.55456334884408  -73.02381518871974  -2.777655731235768  -17.115172284219682  84.29333880956793  -18.019192175007788  -127.0096397762442  -80.32440917168611  55.341300939165194  -138.49358124483192  -57.58562608812824  70.40396535332664  -47.20989975207766  40.14412212845883  -26.70072145358921  -177.52937251596555  -151.33390828409657  54.06193372308944  -15.236108799240156  -26.855397163070137  -145.85204586280386  11.227544363639026  13.848536189608126  -9.301451805114084  63.01129410030491  46.4797958603028  -274.13804774033565  35.23548947415543  24.643771767708955  -73.03549254640998  -201.43605677567248  -260.5430200999573  56.952178473910294  -21.05765999309625  -234.34997978688105  -52.549551619320994  -162.94957388135575  27.181125682113475  -92.93290026961827  68.55841167038636  -126.8589892867162  -83.93250733315631  -20.293158518731047  -11.136285624952535  34.664915938831854  126.72293536689867  -304.9843393700842  -0.6683038720966863  36.35444768417122  -119.85164874152534  31.122545888894706  82.50621701314651  -42.635373772830576  -89.02370842747169  -161.48596390800734  -198.79882567051638  -20.793198978764053  -61.870913101586154  -38.0051246731183  30.57477755663271  -31.494353756907515  -209.71949139872825  -102.74062946359564  -2.9076301369061355  -55.80139812197049  -327.6493547858977  58.74023696369629  -21.163952923019167  95.01694608293658  -158.5503620254997  36.4484283661408  -87.42798163156235  20.16294057727734  -180.5982896623282  23.538777411594197  -116.98762175572304  -179.48004306471412  77.73466742836547  -399.3079380883602  94.39800161692777  -42.257911703644425  -116.77244432163221  50.450047609725644  
-31.3350626260071  -112.72619056651166  -45.57535986684317  -139.95173352579258  -322.5461803178519  -17.185112967923345  0.0  8.224600637301052  -125.81003905483959  9.579012352955147  -191.70114927050832  -16.439587718107845  -304.07335392633365  -153.4680586496687  -12.391050150081952  96.95345864178918  27.51490961663447  -40.449837684403064  -107.73967631676743  -90.20892815664308  -19.962768699159113  -34.30028525214303  67.10822584164458  -35.20430514293113  -144.19475274416754  -97.50952213960946  38.15618797124185  -155.67869421275526  -74.77073905605158  53.218852385403295  -64.395012720001  22.959009160535487  -43.885834421512556  -194.7144854838889  -168.5190212520199  36.876820755166094  -32.4212217671635  -44.04051013099348  -163.0371588307272  -5.957568604284319  -3.3365767783152194  -26.48656477303743  45.82618113238156  29.294682892379456  -291.323160708259  18.050376506232084  7.45865879978561  -90.22060551433333  -218.62116974359583  -277.72813306788066  39.76706550598695  -38.2427729610196  -251.5350927548044  -69.73466458724434  -180.1346868492791  9.99601271419013  -110.11801323754162  51.37329870246302  -144.04410225463954  -101.11762030107965  -37.47827148665439  -28.32139859287588  17.47980297090851  109.53782239897532  -322.1694523380075  -17.85341684002003  19.169334716247874  -137.03676170944868  13.93743292097136  65.32110404522317  -59.82048674075392  -106.20882139539503  -178.67107687593068  -215.98393863843972  -37.9783119466874  -79.0560260695095  -55.19023764104165  13.389664588709365  -48.67946672483086  -226.9046043666516  -119.92574243151898  -20.09274310482948  -72.98651108989384  -344.834467753821  41.555123995772945  -38.34906589094251  77.83183311501324  -175.73547499342305  19.263315398217458  -104.61309459948569  2.9778276093539944  -197.78340263025154  6.353664443670851  -134.17273472364639  -196.66515603263747  60.549554460442124  -416.4930510562835  77.21288864900443  -59.44302467156777  -133.95755728955555  33.2649346418023  
-39.55966326330815  -120.95079120381271  -53.799960504144224  -148.17633416309363  -330.770780955153  -25.409713605224397  -8.224600637301052  0.0  -134.03463969214064  1.354411715654095  -199.92574990780938  -24.664188355408896  -312.2979545636347  -161.69265928696976  -20.615650787383004  88.72885800448813  19.290308979333417  -48.674438321704116  -115.96427695406848  -98.43352879394413  -28.187369336460165  -42.52488588944408  58.88362520434353  -43.428905780232185  -152.4193533814686  -105.73412277691051  29.931587333940797  -163.9032948500563  -82.99533969335263  44.99425174810224  -72.61961335730206  14.734408523234436  -52.11043505881361  -202.93908612118994  -176.74362188932096  28.652220117865042  -40.64582240446455  -52.265110768294534  -171.26175946802826  -14.18216924158537  -11.561177415616271  -34.71116541033848  37.60158049508051  21.070082255078404  -299.54776134556005  9.825775868931032  -0.7659418375154416  -98.44520615163438  -226.84577038089688  -285.9527337051817  31.542464868685897  -46.46737359832065  -259.7596933921054  -77.95926522454539  -188.35928748658014  1.771412076889078  -118.34261387484267  43.148698065161966  -152.2687028919406  -109.3422209383807  -45.702872123955444  -36.54599923017693  9.255202333607457  101.31322176167427  -330.39405297530857  -26.078017477321083  10.944734078946823  -145.26136234674973  5.712832283670309  57.096503407922114  -68.04508737805497  -114.43342203269609  -186.89567751323173  -224.20853927574078  -46.20291258398845  -87.28062670681055  -63.4148382783427  5.165063951408314  -56.90406736213191  -235.12920500395265  -128.15034306882004  -28.317343742130532  -81.21111172719489  -353.0590683911221  33.33052335847189  -46.573666528243564  69.60723247771219  -183.9600756307241  11.038714760916406  -112.83769523678674  -5.246773027947057  -206.0080032675526  -1.8709361936302003  -142.39733536094744  -204.88975666993852  52.32495382314107  -424.71765169358457  68.98828801170337  -67.66762530886882  -142.1821579268566  25.040334004501247  
94.47497642883249  13.08384848832793  80.23467918799642  -14.141694470952984  -196.7361412630123  108.62492608691625  125.81003905483959  134.03463969214064  0.0  135.38905140779474  -65.89111021566873  109.37045133673175  -178.26331487149406  -27.658019594829113  113.41898890475764  222.76349769662878  153.32494867147406  85.36020137043653  18.070362738072163  35.60111089819651  105.84727035568048  91.50975380269657  192.91826489648417  90.60573391190846  -18.384713689327953  28.300516915230133  163.96622702608144  -29.86865515791567  51.03929999878801  179.0288914402429  61.415026334838586  148.76904821537508  81.92420463332704  -68.9044464290493  -42.70898219718032  162.68685981000567  93.38881728767609  81.76952892384611  -37.227119775887616  119.85247045055527  122.47346227652437  99.32347428180216  171.63622018722117  155.10472194721905  -165.51312165341943  143.86041556107168  133.2686978546252  35.58943354050626  -92.81113068875624  -151.91809401304107  165.57710456082654  87.56726609382  -125.7250536999648  56.07537446759525  -54.3246477944395  135.80605176902972  15.692025817297974  177.1833377573026  -18.234063199799948  24.692418753759938  88.3317675681852  97.48864046196371  143.2898420257481  235.34786145381491  -196.3594132831679  107.95662221481956  144.97937377108747  -11.226722654609091  139.74747197581095  191.13114310006276  65.98955231408567  19.601217659444558  -52.86103782109109  -90.17389958360013  87.8317271081522  46.75401298533009  70.61980141379794  139.19970364354896  77.13057233000873  -101.094565311812  5.884296623320608  105.71729595001011  52.823527964945754  -219.0244286989814  167.36516305061252  87.46097316389708  203.64187216985283  -49.92543593858346  145.07335445305705  21.1969444553539  128.7878666641936  -71.97336357541195  132.16370349851044  -8.362695668806793  -70.85511697779788  186.35959351528172  -290.6830120014439  203.022927703844  66.36701438327182  -8.14751823471596  159.0749736966419  
-40.91407497896225  -122.30520291946681  -55.15437221979832  -149.53074587874772  -332.12519267080705  -26.76412532087849  -9.579012352955147  -1.354411715654095  -135.38905140779474  0.0  -201.28016162346347  -26.01860007106299  -313.6523662792888  -163.04707100262385  -21.9700625030371  87.37444628883404  17.935897263679323  -50.02885003735821  -117.31868866972258  -99.78794050959823  -29.54178105211426  -43.879297605098174  57.529213488689436  -44.78331749588628  -153.7737650971227  -107.0885344925646  28.577175618286702  -165.2577065657104  -84.34975140900673  43.63984003244815  -73.97402507295615  13.37999680758034  -53.4648467744677  -204.29349783684404  -178.09803360497506  27.297808402210947  -42.00023412011865  -53.61952248394863  -172.61617118368235  -15.536580957239465  -12.915589131270366  -36.065577125992576  36.24716877942642  19.71567053942431  -300.90217306121417  8.471364153276937  -2.1203535531695366  -99.79961786728848  -228.20018209655098  -287.3071454208358  30.188053153031802  -47.82178531397474  -261.11410510775954  -79.31367694019949  -189.71369920223424  0.4170003612349831  -119.69702559049676  41.79428634950787  -153.6231146075947  -110.6966326540348  -47.05728383960954  -37.90041094583103  7.900790617953362  99.95881004602018  -331.74846469096263  -27.432429192975178  9.590322363292728  -146.61577406240383  4.358420568016214  55.74209169226802  -69.39949909370907  -115.78783374835018  -188.25008922888583  -225.56295099139487  -47.557324299642545  -88.63503842246465  -64.7692499939968  3.810652235754219  -58.258479077786006  -236.48361671960674  -129.50475478447413  -29.671755457784627  -82.56552344284898  -354.41348010677615  31.9761116428178  -47.92807824389766  68.2528207620581  -185.3144873463782  9.684303045262311  -114.19210695244084  -6.601184743601152  -207.3624149832067  -3.225347909284295  -143.75174707660153  -206.24416838559262  50.97054210748698  -426.07206340923864  67.63387629604928  -69.02203702452292  -143.5365696425107  23.685922288847152  
160.36608664450122  78.97495870399666  146.12578940366515  51.74941574471575  -130.84503104734358  174.51603630258498  191.70114927050832  199.92574990780938  65.89111021566873  201.28016162346347  0.0  175.26156155240048  -112.37220465582533  38.23309062083962  179.31009912042637  288.65460791229754  219.2160588871428  151.25131158610526  83.9614729537409  101.49222111386524  171.7383805713492  157.4008640183653  258.8093751121529  156.4968441275772  47.50639652634078  94.19162713089887  229.85733724175017  36.022455057753064  116.93041021445674  244.92000165591162  127.30613655050732  214.6601584310438  147.81531484899577  -3.013336213380569  23.182128018488413  228.5779700256744  159.27992750334482  147.66063913951484  28.663990439781116  185.743580666224  188.3645724921931  165.2145844974709  237.5273304028899  220.99583216288778  -99.6220114377507  209.7515257767404  199.15980807029393  101.480543756175  -26.920020473087504  -86.02698379737234  231.46821477649527  153.45837630948873  -59.83394348429607  121.96648468326399  11.566462421229232  201.69716198469845  81.5831360329667  243.07444797297134  47.657047015868784  90.58352896942867  154.22287778385393  163.37975067763244  209.18095224141683  301.23897166948365  -130.46830306749916  173.8477324304883  210.8704839867562  54.66438756105964  205.63858219147968  257.0222533157315  131.8806625297544  85.49232787511329  13.030072394577644  -24.2827893679314  153.72283732382093  112.64512320099882  136.51091162946668  205.0908138592177  143.02168254567746  -35.20345509614327  71.77540683898934  171.60840616567884  118.71463818061449  -153.13331848331268  233.25627326628126  153.3520833795658  269.53298238552156  15.96567427708527  210.96446466872578  87.08805467102263  194.67897687986232  -6.08225335974322  198.05481371417918  57.52841454686194  -4.964006762129145  252.25070373095045  -224.79190178577517  268.91403791951274  132.25812459894055  57.74359198095277  224.96608391231064  
-14.895474907899256  -96.28660284840382  -29.135772148735327  -123.51214580768473  -306.1065925997441  -0.7455252498155005  16.439587718107845  24.664188355408896  -109.37045133673175  26.01860007106299  -175.26156155240048  0.0  -287.6337662082258  -137.02847093156086  4.048537568025893  113.39304635989703  43.954497334742314  -24.01024996629522  -91.30008859865958  -73.76934043853524  -3.5231809810512686  -17.860697534035182  83.54781355975243  -18.76471742482329  -127.7551650260597  -81.06993442150161  54.59577568934969  -139.23910649464742  -58.33115133794374  69.65844010351114  -47.95542500189316  39.39859687864333  -27.44624670340471  -178.27489776578105  -152.07943353391207  53.31640847327394  -15.981634049055657  -27.600922412885637  -146.59757111261936  10.482019113823526  13.103010939792625  -10.046977054929584  62.26576885048941  45.7342706104873  -274.88357299015115  34.48996422433993  23.898246517893455  -73.78101779622548  -202.18158202548798  -261.2885453497728  56.206653224094794  -21.803185242911752  -235.09550503669655  -53.295076869136494  -163.69509913117125  26.435600432297974  -93.67842551943377  67.81288642057086  -127.6045145365317  -84.67803258297181  -21.038683768546548  -11.881810874768036  33.91939068901635  125.97741011708317  -305.7298646198997  -1.4138291219121868  35.60892243435572  -120.59717399134084  30.377020639079205  81.76069176333101  -43.380899022646076  -89.76923367728719  -162.23148915782284  -199.54435092033188  -21.538724228579554  -62.616438351401655  -38.7506499229338  29.82925230681721  -32.239879006723015  -210.46501664854375  -103.48615471341114  -3.653155386721636  -56.546923371785994  -328.3948800357132  57.99471171388079  -21.909478172834667  94.27142083312108  -159.2958872753152  35.7029031163253  -88.17350688137785  19.41741532746184  -181.3438149121437  22.793252161778696  -117.73314700553854  -180.22556831452962  76.98914217854997  -400.0534633381757  93.65247636711227  -43.003436953459925  -117.51796957144771  49.70452235991014  
272.7382913003265  191.347163359822  258.49799405949045  164.12162040054108  -18.472826391518254  286.8882409584103  304.07335392633365  312.2979545636347  178.26331487149406  313.6523662792888  112.37220465582533  287.6337662082258  0.0  150.60529527666495  291.68230377625173  401.02681256812286  331.5882635429681  263.6235162419306  196.33367760956622  213.86442576969057  284.1105852271745  269.77306867419065  371.18157976797823  268.8690487834025  159.8786011821661  206.5638317867242  342.2295418975755  148.3946597135784  229.30261487028207  357.29220631173695  239.67834120633265  327.03236308686917  260.1875195048211  109.35886844244476  135.55433267431374  340.95017468149973  271.65213215917015  260.03284379534017  141.03619509560644  298.1157853220493  300.7367771480184  277.5867891532962  349.89953505871523  333.3680368187131  12.750193218074628  322.1237304325657  311.53201272611926  213.85274841200032  85.45218418273782  26.34522085845299  343.8404194323206  265.8305809653141  52.53826117152926  234.3386893390893  123.93866707705456  314.06936664052375  193.95534068879203  355.44665262879664  160.0292516716941  202.955733625254  266.59508243967923  275.7519553334578  321.55315689724216  413.611176325309  -18.096098411673836  286.2199370863136  323.2426886425815  167.03659221688497  318.010786847305  369.3944579715568  244.25286718557973  197.86453253093862  125.40227705040297  88.08941528789393  266.0950419796462  225.01732785682415  248.883116285292  317.463018515043  255.3938872015028  77.16874955968206  184.14761149481467  283.9806108215042  231.0868428364398  -40.76111382748735  345.6284779221066  265.72428803539117  381.9051870413469  128.3378789329106  323.3366693245511  199.46025932684796  307.05118153568765  106.28995129608211  310.4270183700045  169.90061920268727  107.40819789369618  364.62290838677575  -112.41969712994984  381.28624257533806  244.63032925476588  170.1157966367781  337.33828856813597  
122.1329960236616  40.741868083157044  107.89269878282553  13.516325123876129  -169.0781216681832  136.28294568174536  153.4680586496687  161.69265928696976  27.658019594829113  163.04707100262385  -38.23309062083962  137.02847093156086  -150.60529527666495  0.0  141.07700849958675  250.4215172914579  180.98296826630317  113.01822096526564  45.728382332901276  63.25913049302562  133.5052899505096  119.16777339752568  220.5762844913133  118.26375350673757  9.27330590550116  55.95853651005925  191.62424662091055  -2.210635563086555  78.69731959361712  206.686911035072  89.0730459296677  176.4270678102042  109.58222422815615  -41.24642683422019  -15.050962602351206  190.34487940483478  121.0468368825052  109.42754851867522  -9.569100181058502  147.5104900453844  150.1314818713535  126.98149387663128  199.29423978205028  182.76274154204816  -137.85510205859032  171.5184351559008  160.92671744945432  63.24745313533538  -65.15311109392712  -124.26007441821196  193.23512415565565  115.22528568864911  -98.06703410513569  83.73339406242437  -26.666628199610386  163.46407136385884  43.35004541212709  204.84135735213172  9.423956395029165  52.35043834858905  115.98978716301431  125.14666005679283  170.9478616205772  263.005881048644  -168.70139368833878  135.61464180964867  172.63739336591658  16.431296940220022  167.40549157064007  218.78916269489187  93.64757190891478  47.25923725427367  -25.203018226261975  -62.51587998877102  115.48974670298131  74.4120325801592  98.27782100862706  166.85772323837807  104.78859192483785  -73.43654571698289  33.54231621814972  133.37531554483922  80.48154755977487  -191.3664091041523  195.02318264544164  115.1189927587262  231.29989176468195  -22.26741634375435  172.73137404788616  48.854964050183014  156.4458862590227  -44.31534398058284  159.82172309333956  19.29532392602232  -43.197097382968764  214.01761311011083  -263.0249924066148  230.68094729867312  94.02503397810094  19.510501360113153  186.73299329147102  
-18.94401247592515  -100.33514041642971  -33.18430971676122  -127.56068337571062  -310.1551301677699  -4.794062817841393  12.391050150081952  20.615650787383004  -113.41898890475764  21.9700625030371  -179.31009912042637  -4.048537568025893  -291.68230377625173  -141.07700849958675  0.0  109.34450879187114  39.90595976671642  -28.058787534321112  -95.34862616668548  -77.81787800656113  -7.571718549077161  -21.909235102061075  79.49927599172653  -22.81325499284918  -131.8037025940856  -85.1184719895275  50.5472381213238  -143.2876440626733  -62.37968890596963  65.60990253548525  -52.003962569919054  35.35005931061744  -31.494784271430603  -182.32343533380694  -156.12797110193796  49.267870905248046  -20.03017161708155  -31.64945998091153  -150.64610868064526  6.433481545797633  9.054473371766733  -14.095514622955477  58.217231282463516  41.68573304246141  -278.9321105581771  30.441426656314036  19.849708949867562  -77.82955536425138  -206.23011959351388  -265.33708291779874  52.1581156560689  -25.851722810937645  -239.14404260472244  -57.34361443716239  -167.74363669919714  22.38706286427208  -97.72696308745967  63.76434885254497  -131.6530521045576  -88.7265701509977  -25.08722133657244  -15.930348442793928  29.87085312099046  121.92887254905727  -309.7784021879255  -5.462366689938079  31.560384866329827  -124.64571155936673  26.328483071053313  77.71215419530512  -47.42943659067197  -93.81777124531308  -166.28002672584873  -203.59288848835777  -25.587261796605446  -66.66497591942755  -42.799187490959696  25.780714738791318  -36.28841657474891  -214.51355421656964  -107.53469228143703  -7.701692954747529  -60.595460939811886  -332.443417603739  53.9461741458549  -25.95801574086056  90.22288326509519  -163.3444248433411  31.65436554829941  -92.22204444940374  15.368877759435946  -185.3923524801696  18.744714593752803  -121.78168457356443  -184.27410588255552  72.94060461052408  -404.1020009062015  89.60393879908638  -47.05197452148582  -121.5665071394736  45.65598479188425  
-128.28852126779628  -209.67964920830084  -142.52881850863236  -236.90519216758176  -419.4996389596411  -114.13857160971253  -96.95345864178918  -88.72885800448813  -222.76349769662878  -87.37444628883404  -288.65460791229754  -113.39304635989703  -401.02681256812286  -250.4215172914579  -109.34450879187114  0.0  -69.43854902515471  -137.40329632619225  -204.6931349585566  -187.16238679843227  -116.9162273409483  -131.2537438939322  -29.845232800144608  -132.15776378472032  -241.14821138595673  -194.46298078139864  -58.79727067054734  -252.63215285454444  -171.72419769784076  -43.734606256385895  -161.3484713617902  -73.9944494812537  -140.83929306330174  -291.6679441256781  -265.4724798938091  -60.0766378866231  -129.37468040895268  -140.99396877278267  -259.9906174725164  -102.9110272460735  -100.2900354201044  -123.44002341482661  -51.12727750940763  -67.65877574940973  -388.27661935004824  -78.9030821355571  -89.49479984200357  -187.1740641561225  -315.57462838538504  -374.6815917096699  -57.18639313580224  -135.19623160280878  -348.4885513965936  -166.68812322903352  -277.0881454910683  -86.95744592759905  -207.0714718793308  -45.58015993932617  -240.99756089642872  -198.07107894286884  -134.43173012844358  -125.27485723466506  -79.47365567088067  12.58436375718614  -419.1229109797967  -114.80687548180921  -77.78412392554131  -233.99022035123787  -83.01602572081782  -31.632354596566024  -156.7739453825431  -203.16228003718422  -275.6245355177199  -312.93739728022894  -134.93177058847658  -176.00948471129868  -152.14369628283083  -83.56379405307982  -145.63292536662004  -323.8580630084408  -216.87920107330817  -117.04620174661866  -169.93996973168302  -441.7879263956102  -55.398334646016245  -135.3025245327317  -19.12162552677595  -272.68893363521227  -77.69014324357173  -201.56655324127487  -93.97563103243519  -294.73686127204076  -90.59979419811833  -231.12619336543557  -293.6186146744267  -36.403904181347066  -513.4465096980726  -19.740569992784764  -156.39648331335695  -230.91101593134474  -63.68852399998689  
-58.84997224264157  -140.24110018314613  -73.09026948347764  -167.46664314242705  -350.0610899344864  -44.700022584557814  -27.51490961663447  -19.290308979333417  -153.32494867147406  -17.935897263679323  -219.2160588871428  -43.954497334742314  -331.5882635429681  -180.98296826630317  -39.90595976671642  69.43854902515471  0.0  -67.96474730103753  -135.2545859334019  -117.72383777327755  -47.47767831579358  -61.815194868777496  39.59331622501011  -62.7192147595656  -171.709662360802  -125.02443175624393  10.64127835460738  -183.19360382938973  -102.28564867268605  25.703942768768826  -91.90992233663547  -4.555900456098982  -71.40074403814702  -222.22939510052336  -196.03393086865438  9.361911138531624  -59.93613138379797  -71.55541974762795  -190.55206844736168  -33.47247822091879  -30.85148639494969  -54.0014743896719  18.311271515747094  1.7797732757449864  -318.83807032489347  -9.464533110402385  -20.05625081684886  -117.7355151309678  -246.1360793602303  -305.2430426845151  12.25215588935248  -65.75768257765407  -279.05000237143884  -97.24957420387881  -207.64959646591356  -17.51889690244434  -137.6329228541761  23.85838908582855  -171.559011871274  -128.63252991771412  -64.99318110328886  -55.83630820951035  -10.03510664572596  82.02291278234085  -349.684361954642  -45.3683264566545  -8.345574900386595  -164.55167132608315  -13.577476695663108  37.8061944285887  -87.33539635738839  -133.7237310120295  -206.18598649256515  -243.4988482550742  -65.49322156332187  -106.57093568614397  -82.70514725767612  -14.125245027925104  -76.19437634146533  -254.41951398328607  -147.44065204815345  -47.60765272146395  -100.50142070652831  -372.3493773704555  14.040214379138476  -65.86397550757698  50.31692349837877  -203.25038461005752  -8.251594218417011  -132.12800421612016  -24.537082007280475  -225.298312246886  -21.161245172963618  -161.68764434028085  -224.18006564927194  33.034644843807655  -444.007960672918  49.69797903236996  -86.95793428820224  -161.47246690619002  5.7500250251678295  
9.114775058395963  -72.2763528821086  -5.125522182440108  -99.50189584138951  -282.09634263344884  23.26472471647972  40.449837684403064  48.674438321704116  -85.36020137043653  50.02885003735821  -151.25131158610526  24.01024996629522  -263.6235162419306  -113.01822096526564  28.058787534321112  137.40329632619225  67.96474730103753  0.0  -67.28983863236436  -49.75909047224002  20.48706898524395  6.1495524322600374  107.55806352604765  5.245532541471931  -103.74491505976448  -57.059684455206394  78.60602565564491  -115.2288565283522  -34.32090137164852  93.66869006980636  -23.94517503559794  63.40884684493855  -3.435996737109491  -154.26464779948583  -128.06918356761685  77.32665843956916  8.028615917239563  -3.5906724465904176  -122.58732114632414  34.492269080118746  37.113260906087845  13.963272911365635  86.27601881678463  69.74452057678252  -250.87332302385596  58.50021419063515  47.908496484188674  -49.770767829930264  -178.17133205919276  -237.2782953834776  80.21690319039001  2.2070647233834677  -211.08525507040133  -29.284826902841274  -139.68484916487603  50.445850398593194  -69.66817555313855  91.82313638686608  -103.59426457023648  -60.66778261667659  2.971566197748672  12.128439091527184  57.92964065531157  149.9876600833784  -281.7196146536044  22.596420844383033  59.61917240065094  -96.58692402504562  54.387270605374425  105.77094172962623  -19.370649056350857  -65.75898371099197  -138.22123919152762  -175.53410095403666  2.471525737715666  -38.606188385106435  -14.740399956638583  53.83950227311243  -8.229629040427795  -186.45476668224853  -79.47590474711592  20.357094579573584  -32.536673405490774  -304.38463006941794  82.00496168017601  2.1007717934605523  118.2816707994163  -135.28563730902  59.71315308262052  -64.16325691508263  43.42766529375706  -157.33356494584848  46.803502128073916  -93.72289703924332  -156.2153183482344  100.99939214484519  -376.0432133718804  117.66272633340749  -18.993186987164705  -93.50771960515249  73.71477232620536  
