Height_Data

node	height
0	89.39859682915441
1	79.67440544809163
2	178.4080376716182
3	121.19815451714743
4	83.56190400683876
5	128.42418271800665
6	213.2954747648366
7	164.7483888562263
8	165.60115187320727
9	61.94382321578324
10	154.6007805395179
11	54.35382024559202
12	183.20546094080257
13	50.82462228569425
14	90.59635758126915
15	61.60993886088371
16	72.80223003614817
17	142.45899085539315
18	387.8624341988301
19	60.13580492669981
20	369.21256082496376
21	126.11485374422621
22	232.0756022679864
23	90.9389401479577
24	138.47376432467811
25	443.3154686973309
26	355.27701408076126
27	145.84604859188667
28	38.86813760598353
29	174.03111711755224
30	43.20977666393178
31	84.41248290513514
32	47.00480657615044
33	168.57347448764824
34	43.39063259893822
35	118.35433735238831
36	106.70664645822897
37	71.18275276549222
38	130.80199055204562
39	48.27178881562016
40	157.9723104494823
41	115.58575748332453
42	51.32947883118734
43	93.5620179119254
44	67.1933514157403
45	125.92089372588393
46	39.642160445803405
47	160.50168390800295
48	90.28285868967659
49	54.35382024559202
50	78.11816253999055
51	70.55410258884267
52	334.8229477863957
53	80.54590050205412
54	64.44279597773837
55	78.33256665062153
56	91.16321558023891
57	171.4922361312629
58	145.03401617103648
59	146.52951014836597
60	134.82253633048592
61	122.34869882947551
62	132.06205398024267
63	132.69462910756224
64	322.3344664373343
65	154.9435262815267
66	81.9224983054962
67	113.64728437572516
68	89.1386292831816
69	122.73190910530265
70	56.298374575158455
71	230.26555822342988
72	97.98536604348861
73	170.05925215737355
74	87.51908314201218
75	106.00559923332794
76	66.86816586066877
77	58.705848895057684
78	173.22436845910852
79	81.5246103403166
80	62.796829505071344
81	56.87687040500579
82	152.01188151960054
83	71.25099035713808
84	239.57392967669446
85	116.60991587797054
86	256.68571201941495
87	43.30925753624409
88	133.08789783353924
89	372.4088255039137
90	121.52760435580922
91	157.31140702447254
92	259.8619549193286
93	86.23061137969337
94	87.3219768357481
95	65.28682450759449
96	184.24656002530747
97	116.40660475066727
98	194.23090822208158
99	103.98117712998526
100	211.68723954365237



height_matrix
0.0  9.72419138106278  -89.00944084246377  -31.799557687993016  5.836692822315655  -39.025585888852234  -123.89687793568218  -75.3497920270719  -76.20255504405286  27.454773613371174  -65.20218371036349  35.044776583562395  -93.80686411164815  38.57397454346017  -1.197760752114732  27.788657968270705  16.59636679300624  -53.06039402623874  -298.4638373696757  29.2627919024546  -279.81396399580933  -36.716256915071796  -142.677005438832  -1.5403433188032807  -49.0751674955237  -353.9168718681765  -265.87841725160683  -56.44745176273226  50.53045922317089  -84.63252028839783  46.18882016522264  4.986113924019278  42.39379025300397  -79.17487765849383  46.007964230216196  -28.9557405232339  -17.30804962907456  18.21584406366219  -41.40339372289121  41.12680801353425  -68.5737136203279  -26.187160654170114  38.069117997967076  -4.163421082770981  22.20524541341412  -36.522296896729515  49.75643638335101  -71.10308707884853  -0.884261860522173  35.044776583562395  11.280434289163864  18.844494240311747  -245.42435095724124  8.85269632710029  24.955800851416043  11.066030178532884  -1.7646187510844982  -82.09363930210849  -55.63541934188207  -57.13091331921156  -45.4239395013315  -32.950102000321095  -42.66345715108825  -43.29603227840782  -232.93586960817987  -65.54492945237227  7.476098523658209  -24.24868754657075  0.25996754597281324  -33.333312276148234  33.10022225399596  -140.86696139427545  -8.586769214334197  -80.66065532821914  1.8795136871422358  -16.607002404173528  22.530430968485646  30.69274793409673  -83.8257716299541  7.873986488837815  26.60176732408307  32.521726424148625  -62.61328469044612  18.147606472016335  -150.17533284754006  -27.211319048816122  -167.28711519026052  46.089339292910324  -43.68930100438483  -283.0102286747593  -32.1290075266548  -67.91281019531813  -170.46335809017415  3.1679854494610424  2.076619993406311  24.111772321559926  -94.84796319615306  -27.008007921512856  -104.83231139292717  -14.582580300830841  -122.28864271449795  
-9.72419138106278  0.0  -98.73363222352656  -41.523749069055796  -3.887498558747126  -48.749777269915015  -133.62106931674498  -85.07398340813468  -85.92674642511564  17.730582232308393  -74.92637509142627  25.320585202499615  -103.53105549271093  28.849783162397387  -10.921952133177513  18.064466587207924  6.872175411943459  -62.78458540730152  -308.18802875073845  19.53860052139182  -289.5381553768721  -46.440448296134576  -152.40119681989478  -11.264534699866061  -58.79935887658648  -363.64106324923927  -275.6026086326696  -66.17164314379504  40.806267842108106  -94.35671166946061  36.464628784159856  -4.738077457043502  32.66959887194119  -88.89906903955661  36.283772849153415  -38.67993190429668  -27.03224101013734  8.491652682599408  -51.12758510395399  31.40261663247147  -78.29790500139067  -35.911352035232895  28.344926616904296  -13.887612463833761  12.481054032351338  -46.246488277792295  40.03224500228823  -80.82727845991131  -10.608453241584954  25.320585202499615  1.5562429081010833  9.120302859248966  -255.14854233830403  -0.8714950539624908  15.231609470353263  1.3418387974701034  -11.488810132147279  -91.81783068317127  -65.35961072294485  -66.85510470027434  -55.148130882394284  -42.674293381383876  -52.38764853215103  -53.0202236594706  -242.66006098924265  -75.26912083343505  -2.248092857404572  -33.97287892763353  -9.464223835089967  -43.057503657211015  23.37603087293318  -150.59115277533823  -18.310960595396978  -90.38484670928192  -7.844677693920545  -26.33119378523631  12.806239587422866  20.96855655303395  -93.54996301101689  -1.8502048922249656  16.87757594302029  22.797535043085844  -72.3374760715089  8.423415090953554  -159.89952422860284  -36.9355104298789  -177.0113065713233  36.365147911847544  -53.41349238544761  -292.73442005582206  -41.853198907717584  -77.63700157638091  -180.18754947123693  -6.556205931601738  -7.64757138765647  14.387580940497145  -104.57215457721584  -36.73219930257564  -114.55650277398995  -24.306771681893622  -132.01283409556072  
89.00944084246377  98.73363222352656  0.0  57.20988315447076  94.84613366477943  49.98385495361154  -34.88743709321841  13.659648815391876  12.806885798410917  116.46421445583495  23.80725713210029  124.05421742602617  -4.797423269184378  127.58341538592394  87.81168009034904  116.79809881073447  105.60580763547001  35.949046816225035  -209.4543965272119  118.27223274491837  -190.80452315334557  52.29318392739198  -53.66756459636821  87.4690975236605  39.934273346940074  -264.90743102571275  -176.86897640914307  32.56198907973152  139.53990006563467  4.376920554065947  135.19826100768643  93.99555476648305  131.40323109546773  9.834563183969948  135.01740507267996  60.053700319229876  71.70139121338921  107.22528490612596  47.606047119572565  130.13624885599802  20.43572722213588  62.82228018829366  127.07855884043084  84.8460197596928  111.2146862558779  52.48714394573426  138.7658772258148  17.906353763615243  88.1251789819416  124.05421742602617  100.28987513162764  107.85393508277552  -156.41491011477748  97.86213716956406  113.96524169387982  100.07547102099666  87.24482209137928  6.9158015403552895  33.374021500581705  31.878527523252217  43.58550134113227  56.05933884214268  46.34598369137552  45.71340856405595  -143.9264287657161  23.464511390091502  96.48553936612198  64.76075329589302  89.26940838843659  55.67612856631554  122.10966309645974  -51.85752055181169  80.42267162812958  8.34878551424464  90.88895452960601  72.40243843829025  111.53987181094942  119.7021887765605  5.18366921250967  96.88342733130159  115.61120816654685  121.5311672666124  26.396156152017653  107.15704731448011  -61.16589200507627  61.79812179364765  -78.27767434779676  135.0987801353741  45.320139838078944  -194.00078783229552  56.88043331580897  21.096630647145645  -81.4539172477104  92.17742629192482  91.08606083587009  113.1212131640237  -5.838522353689285  62.00143292095092  -15.822870550463392  74.42686054163293  -33.27920187203418  
31.799557687993016  41.523749069055796  -57.20988315447076  0.0  37.63625051030867  -7.2260282008592185  -92.09732024768917  -43.550234339078884  -44.40299735605984  59.25433130136419  -33.40262602237047  66.84433427155541  -62.00730642365514  70.37353223145318  30.601796935878284  59.58821565626372  48.395924480999255  -21.260836338245724  -266.6642796816827  61.06234959044762  -248.01440630781633  -4.91669922707878  -110.87744775083897  30.259214369189735  -17.275609807530685  -322.1173141801835  -234.07885956361383  -24.64789407473924  82.33001691116391  -52.83296260040481  77.98837785321565  36.785671612012294  74.19334794099699  -47.37531997050081  77.8075219182092  2.843817164759116  14.491508058918456  50.015401751655205  -9.603836034898194  72.92636570152726  -36.77415593233488  5.6123970338229014  69.86867568596008  27.636136605222035  54.004803101407134  -4.722739208736499  81.55599407134403  -39.303529390855516  30.915295827470842  66.84433427155541  43.07999197715688  50.64405192830476  -213.62479326924824  40.652254015093305  56.75535853940906  42.8655878665259  30.034938936908517  -50.29408161411547  -23.835861653889054  -25.331355631218543  -13.624381813338488  -1.1505443123280799  -10.863899463095237  -11.496474590414806  -201.13631192018687  -33.74537176437926  39.275656211651224  7.550870141422266  32.05952523396583  -1.5337545881552188  64.89977994198898  -109.06740370628245  23.21278847365882  -48.86109764022612  33.67907137513525  15.192555283819487  54.32998865647866  62.492305622089745  -52.02621394196109  39.67354417683083  58.401325012076086  64.32128411214164  -30.813727002453106  49.94716416000935  -118.37577515954703  4.588238639176893  -135.48755750226752  77.88889698090334  -11.889743316391815  -251.21067098676627  -0.32944983866178745  -36.113252507325114  -138.66380040218115  34.96754313745406  33.87617768139933  55.91133000955294  -63.048405508160045  4.791549766480159  -73.03275370493415  17.216977387162174  -90.48908502650494  
-5.836692822315655  3.887498558747126  -94.84613366477943  -37.63625051030867  0.0  -44.86227871116789  -129.73357075799782  -81.18648484938755  -82.03924786636851  21.61808079105552  -71.03887653267914  29.20808376124674  -99.64355693396381  32.73728172114451  -7.034453574430387  21.95196514595505  10.759673970690585  -58.897086848554395  -304.30053019199136  23.426099080138947  -285.650656818125  -42.55294973738745  -148.51369826114762  -7.377036141118936  -54.911860317839356  -359.75356469049217  -271.7151100739225  -62.28414458504791  44.69376640085523  -90.46921311071348  40.35212734290698  -0.8505788982963765  36.557097430688316  -85.01157048080948  40.17127140790054  -34.792433345549554  -23.144742451390215  12.379151241346534  -47.240086545206864  35.2901151912186  -74.41040644264355  -32.02385347648577  32.23242517565142  -10.000113905086636  16.368552591098464  -42.35898971904517  43.919743561035354  -76.93977990116419  -6.720954682837828  29.20808376124674  5.443741466848209  13.007801417996092  -251.26104377955693  3.016003504784635  19.11910802910039  5.229337356217229  -7.601311573400153  -87.93033212442414  -61.472112164197725  -62.96760614152721  -51.26063232364716  -38.78679482263675  -48.50014997340391  -49.132725100723476  -238.77256243049555  -71.38162227468793  1.6394057013425538  -30.085380368886405  -5.576725276342842  -39.17000509846389  27.263529431680304  -146.70365421659113  -14.423462036649852  -86.49734815053479  -3.957179135173419  -22.443695226489183  16.69373814616999  24.856055111781075  -89.66246445226976  2.03729366652216  20.765074501767415  26.68503360183297  -68.44997751276178  12.31091364970068  -156.0120256698557  -33.04801187113178  -173.1238080125762  40.25264647059467  -49.525993826700486  -288.84692149707496  -37.96570034897046  -73.74950301763378  -176.30005091248984  -2.6687073728546125  -3.760072828909344  18.27507949924427  -100.68465601846871  -32.84470074382851  -110.66900421524282  -20.419273123146496  -128.12533553681362  
39.025585888852234  48.749777269915015  -49.98385495361154  7.2260282008592185  44.86227871116789  0.0  -84.87129204682995  -36.324206138219665  -37.176969155200624  66.48035950222341  -26.17659782151125  74.07036247241463  -54.78127822279592  77.5995604323124  37.8278251367375  66.81424385712293  55.621952681858474  -14.034808137386506  -259.43825148082345  68.28837779130683  -240.7883781069571  2.3093289737804383  -103.65141954997975  37.48524257004895  -10.049581606671467  -314.89128597932427  -226.8528313627546  -17.421865873880023  89.55604511202313  -45.606934399545594  85.21440605407487  44.01169981287151  81.4193761418562  -40.14929176964159  85.03355011906842  10.069845365618335  21.717536259777674  57.24142995251442  -2.3778078340389754  80.15239390238648  -29.54812773147566  12.83842523468212  77.0947038868193  34.86216480608125  61.23083130226635  2.5032889921227195  88.78202227220325  -32.0775011899963  38.14132402833006  74.07036247241463  50.3060201780161  57.87008012916398  -206.39876506838903  47.878282215952524  63.98138674026828  50.09161606738512  37.260967137767736  -43.06805341325625  -16.609833453029836  -18.105327430359324  -6.398353612479269  6.075483888531139  -3.6378712622360183  -4.2704463895555875  -193.91028371932765  -26.51934356352004  46.50168441251044  14.776898342281484  39.28555343482505  5.692273612704  72.1258081428482  -101.84137550542323  30.438816674518037  -41.6350694393669  40.90509957599447  22.418583484678706  61.55601685733788  69.71833382294896  -44.80018574110187  46.89957237769005  65.6273532129353  71.54731231300086  -23.587698801593888  57.17319236086857  -111.14974695868781  11.814266840036112  -128.2615293014083  85.11492518176256  -4.663715115532597  -243.98464278590706  6.896578362197431  -28.887224306465896  -131.43777220132193  42.193571338313276  41.102205882258545  63.13735821041216  -55.822377307300826  12.017577967339378  -65.80672550407493  24.443005588021393  -83.26305682564572  
123.89687793568218  133.62106931674498  34.88743709321841  92.09732024768917  129.73357075799782  84.87129204682995  0.0  48.547085908610285  47.69432289162933  151.35165154905337  58.6946942253187  158.9416545192446  30.09001382403403  162.47085247914237  122.69911718356745  151.68553590395288  140.4932447286884  70.83648390944344  -174.5669594339935  153.15966983813678  -155.91708606012716  87.18062102061039  -18.7801275031498  122.3565346168789  74.82171044015848  -230.01999393249432  -141.98153931592466  67.44942617294993  174.42733715885308  39.264357647284356  170.08569810090484  128.88299185970146  166.29066818868614  44.72200027718836  169.90484216589837  94.94113741244828  106.58882830660762  142.1127219993444  82.49348421279097  165.02368594921643  55.32316431535429  97.70971728151207  161.96599593364925  119.7334568529112  146.1021233490963  87.37458103895267  173.6533143190332  52.79379085683365  123.01261607516001  158.9416545192446  135.17731222484605  142.74137217599394  -121.52747302155908  132.74957426278246  148.85267878709823  134.96290811421505  122.13225918459769  41.8032386335737  68.26145859380011  66.76596461647063  78.47293843435068  90.94677593536109  81.23342078459393  80.60084565727436  -109.0389916724977  58.35194848330991  131.3729764593404  99.64819038911143  124.156845481655  90.56356565953395  156.99710018967815  -16.97008345859328  115.31010872134799  43.23622260746305  125.77639162282442  107.28987553150866  146.42730890416783  154.5896258697789  40.07110630572808  131.77086442452  150.49864525976525  156.4186043598308  61.28359324523606  142.04448440769852  -26.278454911857864  96.68555888686606  -43.39023725457835  169.98621722859252  80.20757693129735  -159.1133507390771  91.76787040902738  55.984067740364054  -46.566480154491984  127.06486338514323  125.9734979290885  148.0086502572421  29.048914739529124  96.88887001416933  19.064566542755017  109.31429763485134  1.6082352211842306  
75.3497920270719  85.07398340813468  -13.659648815391876  43.550234339078884  81.18648484938755  36.324206138219665  -48.547085908610285  0.0  -0.8527630169809584  102.80456564044307  10.147608316708414  110.3945686106343  -18.457072084576254  113.92376657053207  74.15203127495717  103.1384499953426  91.94615882007814  22.28939800083316  -223.1140453426038  104.6125839295265  -204.46417196873745  38.633535112000104  -67.32721341176008  73.80944870826862  26.2746245315482  -278.5670798411046  -190.52862522453495  18.902340264339642  125.8802512502428  -9.282728261325929  121.53861219229454  80.33590595109118  117.74358228007587  -3.8250856314219277  121.35775625728809  46.394051503838  58.04174239799734  93.56563609073409  33.94639830418069  116.47660004060614  6.776078406744006  49.162631372901785  113.41891002503897  71.18637094430092  97.55503744048602  38.827495130342385  125.10622841042291  4.246704948223368  74.46553016654973  110.3945686106343  86.63022631623576  94.19428626738365  -170.07455893016936  84.20248835417219  100.30559287848794  86.41582220560478  73.5851732759874  -6.743847275036586  19.71437268518983  18.21887870786034  29.925852525740396  42.399690026750804  32.68633487598365  32.05375974866408  -157.586077581108  9.804862574699627  82.82589055073011  51.10110448050115  75.60975957304471  42.016479750923665  108.45001428106787  -65.51716936720356  66.7630228127377  -5.310863301147236  77.22930571421414  58.74278962289837  97.88022299555755  106.04253996116863  -8.475979602882205  83.22377851590971  101.95155935115497  107.87151845122052  12.736507336625777  93.49739849908823  -74.82554082046815  48.13847297825578  -91.93732316318864  121.43913131998222  31.66049102268707  -207.6604366476874  43.220784500417096  7.436981831753769  -95.11356606310227  78.51777747653294  77.42641202047821  99.46156434863182  -19.49817116908116  48.34178410555904  -29.482519365855268  60.76721172624106  -46.938850687426054  
76.20255504405286  85.92674642511564  -12.806885798410917  44.40299735605984  82.03924786636851  37.176969155200624  -47.69432289162933  0.8527630169809584  0.0  103.65732865742403  11.000371333689372  111.24733162761525  -17.604309067595295  114.77652958751302  75.00479429193813  103.99121301232356  92.7989218370591  23.142161017814118  -222.26128232562283  105.46534694650745  -203.6114089517565  39.48629812898106  -66.47445039477913  74.66221172524958  27.127387548529157  -277.71431682412367  -189.675862207554  19.7551032813206  126.73301426722375  -8.42996524434497  122.3913752092755  81.18866896807214  118.59634529705683  -2.9723226144409693  122.21051927426905  47.24681452081896  58.8945054149783  94.41839910771505  34.79916132116165  117.3293630575871  7.628841423724964  50.015394389882744  114.27167304201993  72.03913396128188  98.40780045746698  39.68025814732334  125.95899142740387  5.099467965204326  75.31829318353068  111.24733162761525  87.48298933321672  95.0470492843646  -169.2217959131884  85.05525137115315  101.1583558954689  87.26858522258574  74.43793629296836  -5.891084258055628  20.567135702170788  19.0716417248413  30.778615542721354  43.25245304373176  33.539097892964605  32.906522765645036  -156.73331456412703  10.657625591680585  83.67865356771107  51.95386749748211  76.46252259002567  42.86924276790462  109.30277729804882  -64.6644063502226  67.61578582971866  -4.458100284166278  78.0820687311951  59.59555263987933  98.7329860125385  106.89530297814959  -7.623216585901247  84.07654153289067  102.80432236813593  108.72428146820148  13.589270353606736  94.35016151606919  -73.97277780348719  48.991235995236735  -91.08456014620768  122.29189433696318  32.51325403966803  -206.80767363070643  44.073547517398055  8.289744848734728  -94.26080304612131  79.3705404935139  78.27917503745917  100.31432736561278  -18.645408152100202  49.19454712254  -28.62975634887431  61.619974743222016  -46.086087670445096  
-27.454773613371174  -17.730582232308393  -116.46421445583495  -59.25433130136419  -21.61808079105552  -66.48035950222341  -151.35165154905337  -102.80456564044307  -103.65732865742403  0.0  -92.65695732373466  7.590002970191222  -121.26163772501933  11.119200930088994  -28.652534365485906  0.3338843548995314  -10.858406820364934  -80.51516763960991  -325.91861098304685  1.808018289083428  -307.2687376091805  -64.17103052844297  -170.13177905220317  -28.995116932174454  -76.52994110889487  -381.37164548154766  -293.333190864978  -83.90222537610343  23.075685609799713  -112.087293901769  18.734046551851463  -22.468659689351895  14.939016639632797  -106.629651271865  18.553190616845022  -56.41051413660507  -44.762823242445734  -9.238929549708985  -68.85816733626238  13.672034400163078  -96.02848723369907  -53.64193426754129  10.614344384595903  -31.618194696142154  -5.249528199957055  -63.97707051010069  22.301662769979835  -98.5578606922197  -28.339035473893347  7.590002970191222  -16.17433932420731  -8.610279373059427  -272.8791245706124  -18.602077286270884  -2.4989727619551303  -16.38874343483829  -29.219392364455672  -109.54841291547966  -83.09019295525324  -84.58568693258273  -72.87871311470268  -60.40487561369227  -70.11823076445943  -70.750805891779  -260.39064322155104  -92.99970306574345  -19.978675089712965  -51.703461159941924  -27.19480606739836  -60.78808588951941  5.645448640624785  -168.32173500764662  -36.04154282770537  -108.11542894159031  -25.575259926228938  -44.0617760175447  -4.924342644885527  3.237974320725556  -111.28054524332528  -19.58078712453336  -0.8530062892881034  5.066952810777451  -90.0680583038173  -9.307167141354839  -177.63010646091124  -54.666092662187296  -194.7418888036317  18.63456567953915  -71.144074617756  -310.46500228813045  -59.58378114002598  -95.3675838086893  -197.91813170354533  -24.28678816391013  -25.378153619964863  -3.343001291811248  -122.30273680952423  -54.46278153488403  -132.28708500629835  -42.037353914202015  -149.7434163278691  
65.20218371036349  74.92637509142627  -23.80725713210029  33.40262602237047  71.03887653267914  26.17659782151125  -58.6946942253187  -10.147608316708414  -11.000371333689372  92.65695732373466  0.0  100.24696029392588  -28.604680401284668  103.77615825382365  64.00442295824875  92.99084167863418  81.79855050336973  12.141789684124745  -233.2616536593122  94.46497561281808  -214.61178028544586  28.48592679529169  -77.4748217284685  63.661840391560204  16.127016214839784  -288.71468815781304  -200.67623354124336  8.754731947631228  115.73264293353438  -19.430336578034343  111.39100387558612  70.18829763438276  107.59597396336746  -13.972693948130342  111.21014794057967  36.246443187129586  47.894134081288925  83.41802777402567  23.798789987472276  106.32899172389773  -3.3715299099644085  39.01502305619337  103.27130170833055  61.038762627592504  87.4074291237776  28.67988681363397  114.9586200937145  -5.9009033684850465  64.31792184984131  100.24696029392588  76.48261799952735  84.04667795067523  -180.22216724687777  74.05488003746378  90.15798456177953  76.26821388889637  63.43756495927899  -16.891455591745  9.566764368481415  8.071270391151927  19.778244209031982  32.25208171004239  22.538726559275233  21.906151431955664  -167.7336858978164  -0.3427457420087876  72.6782822340217  40.953496163792735  65.4621512563363  31.86887143421525  98.30240596435945  -75.66477768391198  56.61541449602929  -15.45847161785565  67.08169739750572  48.59518130618996  87.73261467884913  95.89493164446021  -18.62358791959062  73.0761701992013  91.80395103444656  97.72391013451211  2.5888990199173634  83.34979018237982  -84.97314913717656  37.99086466154736  -102.08493147989705  111.29152300327381  21.512882705978654  -217.8080449643958  33.07317618370868  -2.710626484954645  -105.26117437981068  68.37016915982453  67.2788037037698  89.31395603192341  -29.645779485789575  38.19417578885063  -39.63012768256368  50.619603409532644  -57.08645900413447  
-35.044776583562395  -25.320585202499615  -124.05421742602617  -66.84433427155541  -29.20808376124674  -74.07036247241463  -158.9416545192446  -110.3945686106343  -111.24733162761525  -7.590002970191222  -100.24696029392588  0.0  -128.85164069521056  3.529197959897772  -36.24253733567713  -7.25611861529169  -18.448409790556155  -88.10517060980114  -333.50861395323807  -5.781984681107794  -314.8587405793717  -71.76103349863419  -177.7217820223944  -36.585119902365676  -84.1199440790861  -388.9616484517389  -300.92319383516923  -91.49222834629465  15.485682639608491  -119.67729687196022  11.144043581660242  -30.058662659543117  7.349013669441575  -114.21965424205622  10.9631876466538  -64.0005171067963  -52.352826212636955  -16.828932519900206  -76.4481703064536  6.082031429971856  -103.61849020389029  -61.23193723773251  3.024341414404681  -39.208197666333376  -12.839531170148277  -71.56707348029191  14.711659799788613  -106.14786366241093  -35.92903844408457  0.0  -23.76434229439853  -16.20028234325065  -280.46912754080364  -26.192080256462106  -10.088975732146352  -23.97874640502951  -36.809395334646894  -117.13841588567088  -90.68019592544447  -92.17568990277395  -80.4687160848939  -67.99487858388349  -77.70823373465065  -78.34080886197022  -267.98064619174227  -100.58970603593467  -27.568678059904187  -59.293464130133145  -34.78480903758958  -68.37808885971063  -1.9445543295664365  -175.91173797783784  -43.63154579789659  -115.70543191178153  -33.16526289642016  -51.65177898773592  -12.51434561507675  -4.352028649465666  -118.8705482135165  -27.17079009472458  -8.443009259479325  -2.5230501594137706  -97.65806127400852  -16.89717011154606  -185.22010943110246  -62.25609563237852  -202.33189177382292  11.044562709347929  -78.73407758794723  -318.05500525832167  -67.1737841102172  -102.95758677888053  -205.50813467373655  -31.876791134101353  -32.968156590156084  -10.93300426200247  -129.89273977971544  -62.05278450507525  -139.87708797648958  -49.62735688439324  -157.33341929806033  
93.80686411164815  103.53105549271093  4.797423269184378  62.00730642365514  99.64355693396381  54.78127822279592  -30.09001382403403  18.457072084576254  17.604309067595295  121.26163772501933  28.604680401284668  128.85164069521056  0.0  132.38083865510833  92.60910335953342  121.59552207991885  110.4032309046544  40.74647008540941  -204.65697325802753  123.06965601410275  -186.0070998841612  57.09060719657636  -48.87014132718383  92.26652079284487  44.73169661612445  -260.1100077565284  -172.0715531399587  37.359412348915896  144.33732333481905  9.174343823250325  139.9956842768708  98.79297803566743  136.2006543646521  14.631986453154326  139.81482834186434  64.85112358841425  76.4988144825736  112.02270817531034  52.40347038875694  134.9336721251824  25.23315049132026  67.61970345747804  131.87598210961522  89.64344302887717  116.01210952506227  57.28456721491864  143.56330049499917  22.70377703279962  92.92260225112598  128.85164069521056  105.08729840081202  112.6513583519599  -151.6174868455931  102.65956043874844  118.7626649630642  104.87289429018104  92.04224536056365  11.713224809539668  38.17144476976608  36.675950792436595  48.38292461031665  60.85676211132706  51.1434069605599  50.51083183324033  -139.12900549653173  28.26193465927588  101.28296263530636  69.5581765650774  94.06683165762097  60.47355183549992  126.90708636564412  -47.06009728262731  85.22009489731396  13.146208783429017  95.68637779879039  77.19986170747462  116.3372950801338  124.49961204574488  9.981092481694049  101.68085060048597  120.40863143573122  126.32859053579678  31.19357942120203  111.95447058366449  -56.368468735891895  66.59554506283203  -73.48025107861238  139.8962034045585  50.11756310726332  -189.20336456311114  61.67785658499335  25.894053916330023  -76.65649397852602  96.9748495611092  95.88348410505446  117.91863643320808  -1.041099084504907  66.7988561901353  -11.025447281279014  79.22428381081731  -28.4817786028498  
-38.57397454346017  -28.849783162397387  -127.58341538592394  -70.37353223145318  -32.73728172114451  -77.5995604323124  -162.47085247914237  -113.92376657053207  -114.77652958751302  -11.119200930088994  -103.77615825382365  -3.529197959897772  -132.38083865510833  0.0  -39.7717352955749  -10.785316575189462  -21.977607750453927  -91.6343685696989  -337.03781191313584  -9.311182641005566  -318.3879385392695  -75.29023145853196  -181.25097998229217  -40.11431786226345  -87.64914203898387  -392.49084641163665  -304.452391795067  -95.02142630619242  11.95648467971072  -123.206494831858  7.61484562176247  -33.58786061944089  3.8198157095438035  -117.748852201954  7.4339896867560284  -67.52971506669407  -55.88202417253473  -20.35813047979798  -79.97736826635138  2.5528334700740842  -107.14768816378806  -64.76113519763028  -0.5048565454930909  -42.73739562623115  -16.36872913004605  -75.09627144018968  11.182461839890841  -109.6770616223087  -39.45823640398234  -3.529197959897772  -27.293540254296303  -19.72948030314842  -283.9983255007014  -29.721278216359877  -13.618173692044124  -27.507944364927283  -40.338593294544665  -120.66761384556865  -94.20939388534224  -95.70488786267173  -83.99791404479167  -71.52407654378126  -81.23743169454842  -81.87000682186799  -271.50984415164004  -104.11890399583244  -31.09787601980196  -62.82266209003092  -38.314006997487354  -71.9072868196084  -5.473752289464208  -179.44093593773562  -47.160743757794364  -119.2346298716793  -36.69446085631793  -55.180976947633695  -16.04354357497452  -7.881226609363438  -122.39974617341427  -30.699988054622352  -11.972207219377097  -6.0522481193115425  -101.18725923390629  -20.426368071443832  -188.74930739100023  -65.78529359227629  -205.8610897337207  7.515364749450157  -82.263275547845  -321.58420321821944  -70.70298207011497  -106.4867847387783  -209.03733263363432  -35.405989093999125  -36.497354550053856  -14.462202221900242  -133.4219377396132  -65.58198246497302  -143.40628593638735  -53.15655484429101  -160.8626172579581  
1.197760752114732  10.921952133177513  -87.81168009034904  -30.601796935878284  7.034453574430387  -37.8278251367375  -122.69911718356745  -74.15203127495717  -75.00479429193813  28.652534365485906  -64.00442295824875  36.24253733567713  -92.60910335953342  39.7717352955749  0.0  28.986418720385437  17.794127545120972  -51.86263327412401  -297.26607661756094  30.460552654569334  -278.6162032436946  -35.518496162957064  -141.47924468671727  -0.3425825666885487  -47.87740674340897  -352.71911111606175  -264.6806564994921  -55.249691010617525  51.72821997528562  -83.4347595362831  47.38658091733737  6.18387467613401  43.5915510051187  -77.9771169063791  47.20572498233093  -27.757979771119167  -16.110288876959828  19.41360481577692  -40.20563297077648  42.32456876564898  -67.37595286821316  -24.989399902055382  39.26687875008181  -2.965660330656249  23.40300616552885  -35.32453614461478  50.95419713546574  -69.9053263267338  0.31349889159255895  36.24253733567713  12.478195041278596  20.04225499242648  -244.2265902051265  10.050457079215022  26.153561603530775  12.263790930647616  -0.5668579989697662  -80.89587854999375  -54.43765858976734  -55.933152567096826  -44.22617874921677  -31.752341248206363  -41.46569639897352  -42.09827152629309  -231.73810885606514  -64.34716870025754  8.67385927577294  -23.050926794456018  1.4577282980875452  -32.1355515240335  34.29798300611069  -139.66920064216072  -7.389008462219465  -79.4628945761044  3.0772744392569678  -15.409241652058796  23.72819172060038  31.89050868621146  -82.62801087783937  9.071747240952547  27.799528076197802  33.71948717626336  -61.41552393833139  19.345367224131067  -148.97757209542533  -26.01355829670139  -166.0893544381458  47.287100045025056  -42.4915402522701  -281.81246792264454  -30.93124677454007  -66.7150494432034  -169.26559733805942  4.365746201575774  3.274380745521043  25.309533073674658  -93.65020244403833  -25.810247169398124  -103.63455064081244  -13.38481954871611  -121.09088196238322  
-27.788657968270705  -18.064466587207924  -116.79809881073447  -59.58821565626372  -21.95196514595505  -66.81424385712293  -151.68553590395288  -103.1384499953426  -103.99121301232356  -0.3338843548995314  -92.99084167863418  7.25611861529169  -121.59552207991885  10.785316575189462  -28.986418720385437  0.0  -11.192291175264465  -80.84905199450944  -326.2524953379464  1.4741339341838966  -307.6026219640801  -64.50491488334251  -170.46566340710268  -29.329001287073986  -76.8638254637944  -381.7055298364472  -293.6670752198776  -84.23610973100295  22.74180125490018  -112.42117825666853  18.400162196951932  -22.802544044251427  14.605132284733266  -106.96353562676452  18.21930626194549  -56.744398491504604  -45.096707597345265  -9.572813904608516  -69.19205169116191  13.338150045263546  -96.36237158859859  -53.97581862244082  10.280460029696371  -31.952079051041686  -5.5834125548565865  -64.31095486500021  21.967778415080303  -98.89174504711923  -28.672919828792878  7.25611861529169  -16.50822367910684  -8.944163727958959  -273.213008925512  -18.935961641170415  -2.8328571168546617  -16.72262778973782  -29.553276719355203  -109.88229727037918  -83.42407731015277  -84.91957128748226  -73.2125974696022  -60.7387599685918  -70.45211511935895  -71.08469024667852  -260.7245275764506  -93.33358742064297  -20.312559444612496  -52.037345514841455  -27.528690422297892  -61.12197024441894  5.311564285725254  -168.65561936254616  -36.3754271826049  -108.44931329648983  -25.90914428112847  -44.39566037244423  -5.258226999785059  2.9040899658260244  -111.6144295982248  -19.91467147943289  -1.1868906441876348  4.73306845587792  -90.40194265871682  -9.64105149625437  -177.96399081581075  -54.99997701708683  -195.07577315853123  18.30068132463962  -71.47795897265553  -310.79888664303  -59.91766549492551  -95.70146816358883  -198.25201605844487  -24.620672518809663  -25.712037974864394  -3.6768856467107796  -122.63662116442376  -54.79666588978356  -132.62096936119787  -42.371238269101546  -150.07730068276865  
-16.59636679300624  -6.872175411943459  -105.60580763547001  -48.395924480999255  -10.759673970690585  -55.621952681858474  -140.4932447286884  -91.94615882007814  -92.7989218370591  10.858406820364934  -81.79855050336973  18.448409790556155  -110.4032309046544  21.977607750453927  -17.794127545120972  11.192291175264465  0.0  -69.65676081924498  -315.06020416268194  12.666425109448362  -296.4103307888156  -53.312623708078036  -159.2733722318382  -18.13671011180952  -65.67153428852994  -370.51323866118275  -282.4747840446131  -73.0438185557385  33.93409243016465  -101.22888708140407  29.592453372216397  -11.610252868986962  25.79742345999773  -95.77124445150007  29.411597437209956  -45.55210731624014  -33.9044164220808  1.619477270655949  -57.99976051589745  24.53044122052801  -85.17008041333413  -42.783527447176354  21.472751204960836  -20.75978787577722  5.608878620407879  -53.118663689735754  33.16006959034477  -87.69945387185477  -17.480628653528413  18.448409790556155  -5.315932503842376  2.2481274473055066  -262.0207177502475  -7.74367046590595  8.359434058409803  -5.530336614473356  -18.360985544090738  -98.69000609511473  -72.23178613488831  -73.7272801122178  -62.02030629433774  -49.546468793327335  -59.25982394409449  -59.89239907141406  -249.53223640118614  -82.14129624537851  -9.120268269348031  -40.84505433957699  -16.336399247033427  -49.929679069154474  16.50385546098972  -157.46332818728172  -25.183136007340437  -97.25702212122538  -14.716853105864004  -33.20336919717977  5.934064175479406  14.09638114109049  -100.42213842296034  -8.722380304168425  10.00540053107683  15.925359631142385  -79.20965148345236  1.551239679010095  -166.77169964054627  -43.80768584182236  -183.8834819832668  29.492972499904084  -60.28566779739107  -299.60659546776554  -48.72537431966104  -84.50917698832437  -187.05972488318042  -13.428381343545198  -14.519746799599929  7.515405528553686  -111.4443299891593  -43.604374714519096  -121.4286781859334  -31.17894709383708  -138.8850095075042  
53.06039402623874  62.78458540730152  -35.949046816225035  21.260836338245724  58.897086848554395  14.034808137386506  -70.83648390944344  -22.28939800083316  -23.142161017814118  80.51516763960991  -12.141789684124745  88.10517060980114  -40.74647008540941  91.6343685696989  51.86263327412401  80.84905199450944  69.65676081924498  0.0  -245.40344334343695  82.32318592869333  -226.7535699695706  16.344137111166944  -89.61661141259324  51.52005070743546  3.985226530715039  -300.85647784193776  -212.8180232253681  -3.3870577364935173  103.59085324940963  -31.572126262159088  99.24921419146138  58.04650795025802  95.45418427924271  -26.114483632255087  99.06835825645493  24.10465350300484  35.75234439716418  71.27623808990093  11.65700030334753  94.18720203977298  -15.513319594089154  26.873233372068626  91.12951202420581  48.89697294346776  75.26563943965286  16.538097129509225  102.81683040958976  -18.042693052609792  52.17613216571657  88.10517060980114  64.3408283154026  71.90488826655049  -192.36395693100252  61.91309035333903  78.01619487765478  64.12642420477162  51.29577527515424  -29.033245275869746  -2.5750253156433303  -4.0705192929728184  7.636454524907236  20.110292025917644  10.396936875150487  9.764361747830918  -179.87547558194115  -12.484535426133533  60.53649254989695  28.81170647966799  53.32036157221155  19.727081750090505  86.1606162802347  -87.80656736803672  44.47362481190454  -27.600261301980396  54.939907713380975  36.45339162206521  75.59082499472439  83.75314196033547  -30.765377603715365  60.934380515076555  79.66216135032181  85.58212045038736  -9.552890664207382  71.20800049825507  -97.11493882130131  25.849074977422617  -114.2267211640218  99.14973331914906  9.371093021853909  -229.94983464852055  20.931386499583937  -14.85241616907939  -117.40296406393543  56.22837947569978  55.13701401964505  77.17216634779867  -41.78756916991432  26.052386104725883  -51.77191736668843  38.4778137254079  -69.22824868825921  
