Height_Data

node	height
0	252.28607441772414
1	113.56554247809513
2	71.53491346092515
3	132.0236744372939
4	168.9314030072351
5	96.44567424961365
6	71.06818589284937
7	109.91527744345562
8	72.36003478959559
9	218.27471335725937
10	278.5781841788584
11	325.444020943983
12	140.27090468390824
13	79.3260912036698
14	47.144708114981036
15	98.7378066091399
16	114.32644327010748
17	61.9490824814836
18	22.402957095897246
19	84.63628068569919
20	255.9356070356366
21	146.65395229918204
22	55.63080275769041
23	43.71256759218481
24	170.76829527421611
25	205.80595496699127
26	177.7108606978096
27	152.19348436558488
28	76.49823097657331
29	207.27693298738131
30	112.68850201871709
31	229.75124112765081
32	219.20324351136998
33	211.64450848836114
34	83.37622683108314
35	96.66610018391474
36	240.08454423064654
37	104.19298294090346
38	65.12016821643198
39	103.29160138233622
40	85.8674014999973
41	119.87527312600459
42	161.40784922003473
43	164.2692026195449
44	178.28517381764357
45	150.0876261295031
46	157.6824365352508
47	104.89327741263295
48	97.3652288601993
49	321.79244320557876
50	277.4542189052966
51	183.01332961522806
52	147.49468558277837
53	198.59375277196645
54	193.61787711185076
55	66.16296856478783
56	62.6268640096819
57	134.33469457433168
58	238.78112048691438
59	183.55215383318085
60	102.52613280209275
61	181.02360258558258
62	85.84201197261771
63	228.97037451787995
64	101.66508289413115
65	160.76665707216952
66	118.99925433718914
67	132.39381841757597
68	87.95210481588079
69	98.3355850282868
70	191.07860749646449
71	203.47967727190897
72	200.64463303508603
73	111.76823853185823
74	164.75230510255787
75	544.406618454843
76	138.0873184833192
77	108.82253299884614
78	64.680546649891
79	99.22738986028986
80	203.72396075685825
81	45.698055337079786
82	147.78369407623907
83	162.77707035279815
84	302.6607320686172
85	539.6641811563488
86	181.4826730588566
87	48.58705022921144
88	62.51601906949471
89	435.53786633496037
90	230.04799454916648
91	40.29667574483246
92	92.67976922589837
93	248.88143322972982
94	190.0006503828171
95	186.31442305375717
96	113.91885776852276
97	179.61698062208134
98	181.83478744954465
99	142.66909919977138
100	276.489928370683



height_matrix
0.0  138.720531939629  180.75116095679897  120.26239998043025  83.35467141048903  155.84040016811048  181.21788852487475  142.3707969742685  179.92603962812854  34.011361060464765  -26.29210976113427  -73.15794652625885  112.0151697338159  172.95998321405432  205.1413663027431  153.54826780858423  137.95963114761668  190.33699193624054  229.8831173218269  167.64979373202493  -3.649532617912456  105.6321221185421  196.65527166003372  208.5735068255393  81.51777914350802  46.48011945073287  74.57521371991453  100.09259005213926  175.7878434411508  45.00914143034282  139.59757239900705  22.534833290073323  33.08283090635416  40.641565929363  168.90984758664098  155.6199742338094  12.201530187077594  148.0930914768207  187.16590620129216  148.9944730353879  166.41867291772684  132.41080129171957  90.8782251976894  88.01687179817924  74.00090060008057  102.19844828822104  94.60363788247335  147.39279700509118  154.92084555752484  -69.50636878785463  -25.168144487572476  69.27274480249608  104.79138883494576  53.69232164575769  58.66819730587338  186.1231058529363  189.65921040804224  117.95137984339246  13.504953930809762  68.73392058454328  149.7599416156314  71.26247183214156  166.44406244510643  23.31569989984419  150.62099152359298  91.51941734555461  133.286820080535  119.89225600014817  164.33396960184336  153.95048938943734  61.20746692125965  48.80639714581517  51.64144138263811  140.5178358858659  87.53376931516627  -292.1205440371189  114.19875593440494  143.46354141887798  187.60552776783314  153.05868455743428  48.56211366086589  206.58801908064436  104.50238034148506  89.50900406492599  -50.374657650893084  -287.3781067386247  70.80340135886755  203.69902418851268  189.77005534822942  -183.25179191723623  22.238079868557662  211.98939867289167  159.60630519182575  3.404641187994315  62.28542403490704  65.97165136396697  138.3672166492014  72.6690937956428  70.45128696817949  109.61697521795276  -24.203853952958866  
-138.720531939629  0.0  42.03062901716997  -18.458131959198766  -55.36586052913998  17.11986822848148  42.497356585245754  3.650265034639503  41.20550768849954  -104.70917087916425  -165.01264170076328  -211.87847846588787  -26.705362205813117  34.23945127442532  66.4208343631141  14.82773586895523  -0.7609007920123503  51.616459996611525  91.16258538219788  28.929261792395934  -142.37006455754147  -33.08840982108691  57.934739720404714  69.85297488591031  -57.20275279612099  -92.24041248889614  -64.14531821971448  -38.627941887489754  37.067311501521814  -93.71139050928619  0.877040459378037  -116.18569864955569  -105.63770103327485  -98.07896601026602  30.18931564701198  16.89944229418039  -126.51900175255142  9.372559537191663  48.44537426166315  10.2739410957589  27.698140978097825  -6.309730647909461  -47.84230674193961  -50.703660141449774  -64.71963133954844  -36.52208365140797  -44.11689405715566  8.67226506546217  16.20031361789583  -208.22690072748364  -163.8886764272015  -69.44778713713293  -33.92914310468325  -85.02821029387133  -80.05233463375563  47.40257391330729  50.93867846841322  -20.769152096236553  -125.21557800881925  -69.98661135508573  11.039409676002379  -67.45806010748746  27.723530505477413  -115.40483203978482  11.900459583963979  -47.2011145940744  -5.433711859094018  -18.828275939480847  25.613437662214338  15.229957449808325  -77.51306501836936  -89.91413479381384  -87.0790905569909  1.7973039462368945  -51.186762624462744  -430.8410759767479  -24.52177600522407  4.7430094792489825  48.884995828204126  14.338152617805264  -90.15841827876312  67.86748714101535  -34.21815159814395  -49.21152787470302  -189.0951895905221  -426.0986386782537  -67.91713058076147  64.97849224888368  51.049523408600415  -321.9723238568653  -116.48245207107135  73.26886673326266  20.885773252196756  -135.3158907516347  -76.43510790472197  -72.74888057566204  -0.35331529042763066  -66.05143814398622  -68.26924497144952  -29.103556721676256  -162.92438589258788  
-180.75116095679897  -42.03062901716997  0.0  -60.48876097636874  -97.39648954630995  -24.910760788688492  0.46672756807578253  -38.38036398253047  -0.8251213286704342  -146.7397998963342  -207.04327071793324  -253.90910748305782  -68.73599122298309  -7.791177742744651  24.390205345944118  -27.20289314821474  -42.79152980918232  9.585830979441553  49.131956365027904  -13.101367224774037  -184.40069357471145  -75.11903883825688  15.904110703234743  27.822345868740342  -99.23338181329096  -134.27104150606613  -106.17594723688445  -80.65857090465973  -4.963317515648157  -135.74201952645615  -41.153588557791934  -158.21632766672565  -147.6683300504448  -140.109595027436  -11.841313370157991  -25.131186722989582  -168.54963076972138  -32.65806947997831  6.414745244493176  -31.75668792141107  -14.332488039072146  -48.34035966507943  -89.87293575910958  -92.73428915861975  -106.75026035671841  -78.55271266857794  -86.14752307432563  -33.3583639517078  -25.83031539927414  -250.2575297446536  -205.91930544437145  -111.4784161543029  -75.95977212185322  -127.0588393110413  -122.0829636509256  5.371944896137322  8.90804945124325  -62.799781113406524  -167.24620702598924  -112.0172403722557  -30.991219341167593  -109.48868912465743  -14.307098511692558  -157.4354610569548  -30.130169433205992  -89.23174361124437  -47.46434087626399  -60.85890495665082  -16.417191354955634  -26.800671567361647  -119.54369403553933  -131.94476381098383  -129.10971957416086  -40.23332507093308  -93.21739164163272  -472.8717049939179  -66.55240502239404  -37.28761953792099  6.854366811034154  -27.692476399364708  -132.1890472959331  25.836858123845367  -76.24878061531392  -91.242156891873  -231.12581860769205  -468.12926769542366  -109.94775959793144  22.94786323171371  9.018894391430443  -364.0029528740352  -158.51308108824134  31.23823771609269  -21.144855764973215  -177.34651976880468  -118.46573692189195  -114.77950959283201  -42.3839443075976  -108.08206716115619  -110.2998739886195  -71.13418573884623  -204.95501490975784  
-120.26239998043025  18.458131959198766  60.48876097636874  0.0  -36.90772856994121  35.578000187680246  60.95548854444452  22.10839699383827  59.663639647698304  -86.25103891996548  -146.55450974156452  -193.4203465066891  -8.24723024661435  52.69758323362409  84.87896632231286  33.285867828154  17.697231167186416  70.07459195581029  109.62071734139664  47.3873937515947  -123.9119325983427  -14.630277861888146  76.39287167960347  88.31110684510908  -38.74462083692222  -73.78228052969737  -45.687186260515716  -20.169809928290988  55.52544346072058  -75.25325855008742  19.335172418576803  -97.72756669035692  -87.17956907407608  -79.62083405106725  48.64744760621075  35.357574253379155  -108.06086979335265  27.83069149639043  66.90350622086191  28.732073054957667  46.15627293729659  12.148401311289305  -29.384174782740843  -32.24552818225101  -46.261499380349676  -18.0639516922092  -25.658762097956895  27.130397024660937  34.6584455770946  -189.76876876828487  -145.43054446800272  -50.98965517793417  -15.471011145484482  -66.57007833467256  -61.59420267455687  65.86070587250606  69.396810427612  -2.3110201370377865  -106.75744604962048  -51.52847939588696  29.497541635201145  -48.99992814828869  46.18166246467618  -96.94670008058606  30.358591543162746  -28.74298263487563  13.024420100104749  -0.37014398028208007  44.071569621413104  33.68808940900709  -59.054933059170594  -71.45600283461508  -68.62095859779214  20.25543590543566  -32.72863066526398  -412.38294401754916  -6.063644046025303  23.20114143844775  67.34312778740289  32.79628457700403  -71.70028631956436  86.32561910021411  -15.760019638945181  -30.753395915504257  -170.63705763132333  -407.64050671905494  -49.4589986215627  83.43662420808245  69.50765536779917  -303.5141918976665  -98.02432011187258  91.72699869246142  39.34390521139552  -116.85775879243593  -57.97697594552321  -54.290748616463276  18.104816668771136  -47.59330618478745  -49.81111301225076  -10.64542476247749  -144.4662539333891  
-83.35467141048903  55.36586052913998  97.39648954630995  36.90772856994121  0.0  72.48572875762146  97.86321711438573  59.01612556377948  96.57136821763952  -49.34331035002427  -109.6467811716233  -156.5126179367479  28.660498323326863  89.6053118035653  121.78669489225408  70.19359639809521  54.60495973712763  106.9823205257515  146.52844591133785  84.29512232153591  -87.00420402840149  22.277450708053067  113.30060024954469  125.2188354150503  -1.8368922669810104  -36.87455195975616  -8.779457690574503  16.737918641650225  92.4331720306618  -38.34552998014621  56.24290098851802  -60.81983812041571  -50.27184050413487  -42.713105481126036  85.55517617615196  72.26530282332037  -71.15314122341144  64.73842006633164  103.81123479080313  65.63980162489888  83.0640015072378  49.05612988123052  7.52355378720037  4.662200387690206  -9.353770810408463  18.84377687773201  11.248966471984318  64.03812559460215  71.56617414703581  -152.86104019834366  -108.52281589806151  -14.081926607992955  21.43671742445673  -29.662349764731346  -24.686474104615655  102.76843444244727  106.30453899755321  34.59670843290343  -69.84971747967927  -14.620750825945748  66.40527020514236  -12.092199578347476  83.08939103461739  -60.03897151064484  67.26632011310396  8.164745935065582  49.93214867004596  36.53758458965913  80.97929819135432  70.5958179789483  -22.14720448922938  -34.548274264673864  -31.713230027850926  57.163164475376874  4.179097904677235  -375.475215447608  30.84408452391591  60.10887000838896  104.2508563573441  69.70401314694524  -34.79255774962314  123.23334767015533  21.147708930996032  6.154332654436956  -133.72932906138212  -370.73277814911376  -12.551270051621486  120.34435277802366  106.41538393774039  -266.60646332772524  -61.11659154193137  128.63472726240263  76.25163378133674  -79.95003022249472  -21.069247375581995  -17.383020046522063  55.01254523871235  -10.685577614846238  -12.903384442309545  26.262303807463724  -107.5585253634479  
-155.84040016811048  -17.11986822848148  24.910760788688492  -35.578000187680246  -72.48572875762146  0.0  25.377488356764275  -13.469603193841976  24.085639460018058  -121.82903910764573  -182.13250992924475  -228.99834669436933  -43.825230434294596  17.11958304594384  49.30096613463261  -2.2921323595262493  -17.88076902049383  34.496591768130045  74.0427171537164  11.809393563914455  -159.48993278602296  -50.20827804956839  40.814871491923235  52.733106657428834  -74.32262102460247  -109.36028071737762  -81.26518644819596  -55.747810115971234  19.947443273040335  -110.83125873776767  -16.242827769103442  -133.30556687803715  -122.75756926175633  -115.1988342387475  13.069447418530501  -0.22042593430109036  -143.63886998103288  -7.747308691289817  31.325506033181668  -6.845927132722579  10.578272749616346  -23.42959887639094  -64.96217497042109  -67.82352836993125  -81.83949956802992  -53.64195187988945  -61.23676228563714  -8.44760316301931  -0.9195546105856494  -225.3467689559651  -181.00854465568295  -86.56765536561441  -51.04901133316473  -102.1480785223528  -97.17220286223711  30.282705684825814  33.81881023993174  -37.88902032471803  -142.33544623730074  -87.10647958356721  -6.080458552479101  -84.57792833596893  10.603662276995934  -132.52470026826632  -5.2194086445175  -64.32098282255588  -22.553580087575497  -35.948144167962326  8.493569433732858  -1.8899107786731548  -94.63293324685084  -107.03400302229532  -104.19895878547239  -15.322564282244585  -68.30663085294422  -447.9609442052294  -41.64164423370555  -12.376858749232497  31.765127599722646  -2.7817156106762155  -107.2782865072446  50.74761891253386  -51.33801982662543  -66.3313961031845  -206.21505781900356  -443.2185069067352  -85.03699880924295  47.8586240204022  33.929655180118935  -339.0921920853467  -133.60232029955284  56.14899850478118  3.765905023715277  -152.4357589801162  -93.55497613320345  -89.86874880414352  -17.47318351890911  -83.1713063724677  -85.389113199931  -46.223424950157735  -180.04425412106934  
-181.21788852487475  -42.497356585245754  -0.46672756807578253  -60.95548854444452  -97.86321711438573  -25.377488356764275  0.0  -38.84709155060625  -1.2918488967462167  -147.20652746441  -207.50999828600902  -254.3758350511336  -69.20271879105887  -8.257905310820433  23.923477777868335  -27.669620716290524  -43.258257377258104  9.11910341136577  48.66522879695212  -13.56809479284982  -184.86742114278724  -75.58576640633267  15.43738313515896  27.35561830066456  -99.70010938136674  -134.7377690741419  -106.64267480496024  -81.12529847273551  -5.43004508372394  -136.20874709453193  -41.62031612586772  -158.68305523480143  -148.1350576185206  -140.57632259551178  -12.308040938233773  -25.597914291065365  -169.01635833779716  -33.12479704805409  5.948017676417393  -32.223415489486854  -14.799215607147929  -48.807087233155215  -90.33966332718536  -93.20101672669553  -107.2169879247942  -79.01944023665372  -86.61425064240142  -33.825091519783584  -26.297042967349924  -250.72425731272938  -206.38603301244723  -111.94514372237869  -76.426499689929  -127.52556687911708  -122.54969121900139  4.905217328061539  8.441321883167468  -63.26650868148231  -167.71293459406502  -112.48396794033148  -31.457946909243375  -109.95541669273321  -14.773826079768341  -157.9021886250306  -30.596897001281775  -89.69847117932015  -47.93106844433977  -61.3256325247266  -16.883918923031416  -27.26739913543743  -120.01042160361511  -132.4114913790596  -129.57644714223665  -40.70005263900886  -93.6841192097085  -473.33843256199367  -67.01913259046982  -37.75434710599677  6.387639242958372  -28.15920396744049  -132.6557748640089  25.370130555769585  -76.7155081833897  -91.70888445994878  -231.59254617576784  -468.59599526349945  -110.41448716600722  22.48113566363793  8.55216682335466  -364.469680442111  -158.97980865631712  30.771510148016908  -21.611583333048998  -177.81324733688047  -118.93246448996773  -115.2462371609078  -42.850671875673385  -108.54879472923197  -110.76660155669528  -71.60091330692201  -205.42174247783362  
-142.3707969742685  -3.650265034639503  38.38036398253047  -22.10839699383827  -59.01612556377948  13.469603193841976  38.84709155060625  0.0  37.555242653860034  -108.35943591380375  -168.66290673540277  -215.52874350052736  -30.35562724045262  30.589186239785818  62.770569328474586  11.177470834315727  -4.411165826651853  47.96619496197202  87.51232034755837  25.27899675775643  -146.02032959218099  -36.738674855726416  54.28447468576521  66.20270985127081  -60.85301783076049  -95.89067752353564  -67.79558325435399  -42.27820692212926  33.41704646688231  -97.36165554392569  -2.773224575261466  -119.83596368419519  -109.28796606791435  -101.72923104490552  26.539050612372478  13.249177259540886  -130.1692667871909  5.72229450255216  44.795109227023644  6.623676061119397  24.047875943458322  -9.959995682548964  -51.49257177657911  -54.35392517608928  -68.36989637418795  -40.17234868604747  -47.767159091795165  5.022000030822667  12.550048583256327  -211.87716576212313  -167.53894146184098  -73.09805217177244  -37.57940813932275  -88.67847532851083  -83.70259966839514  43.75230887866779  47.28841343377372  -24.419417130876056  -128.86584304345877  -73.63687638972523  7.389144641362876  -71.10832514212696  24.07326547083791  -119.05509707442432  8.250194549324476  -50.8513796287139  -9.08397689373352  -22.47854097412035  21.963172627574835  11.579692415168822  -81.16333005300886  -93.56439982845335  -90.72935559163041  -1.8529610884026084  -54.83702765910225  -434.4913410113874  -28.172041039863572  1.0927444446094796  45.23473079356462  10.687887583165761  -93.80868331340263  64.21722210637583  -37.86841663278345  -52.861792909342526  -192.74545462516159  -429.7489037128932  -71.56739561540097  61.32822721424418  47.39925837396091  -325.62258889150473  -120.13271710571085  69.61860169862317  17.235508217557253  -138.96615578627421  -80.08537293936148  -76.39914561030155  -4.003580325067134  -69.70170317862572  -71.91951000608903  -32.75382175631576  -166.57465092722737  
-179.92603962812854  -41.20550768849954  0.8251213286704342  -59.663639647698304  -96.57136821763952  -24.085639460018058  1.2918488967462167  -37.555242653860034  0.0  -145.91467856766377  -206.2181493892628  -253.0839861543874  -67.91086989431265  -6.966056414074217  25.215326674614552  -26.377771819544307  -41.96640848051189  10.410952308111987  49.95707769369834  -12.276245896103603  -183.57557224604102  -74.29391750958645  16.729232031905177  28.647467197410776  -98.40826048462053  -133.4459201773957  -105.35082590821402  -79.83344957598929  -4.138196186977723  -134.9168981977857  -40.3284672291215  -157.3912063380552  -146.84320872177437  -139.28447369876557  -11.016192041487557  -24.30606539431915  -167.72450944105094  -31.832948151307875  7.23986657316361  -30.931566592740637  -13.507366710401712  -47.515238336409  -89.04781443043915  -91.90916782994931  -105.92513902804798  -77.7275913399075  -85.3224017456552  -32.53324262303737  -25.005194070603707  -249.43240841598316  -205.094184115701  -110.65329482563247  -75.13465079318279  -126.23371798237086  -121.25784232225517  6.197066224807756  9.733170779913685  -61.97465978473609  -166.4210856973188  -111.19211904358527  -30.16609801249716  -108.66356779598699  -13.481977183022124  -156.61033972828437  -29.305048104535558  -88.40662228257393  -46.639219547593555  -60.033783627980384  -15.5920700262852  -25.975550238691213  -118.7185727068689  -131.1196424823134  -128.28459824549043  -39.40820374226264  -92.39227031296228  -472.04658366524745  -65.7272836937236  -36.462498209250555  7.679488139704588  -26.867355070694273  -131.36392596726267  26.6619794525158  -75.42365928664348  -90.41703556320256  -230.30069727902162  -467.30414636675323  -109.122638269261  23.772984560384145  9.844015720100877  -363.17783154536477  -157.6879597595709  32.063359044763125  -20.31973443630278  -176.52139844013425  -117.64061559322151  -113.95438826416158  -41.55882297892717  -107.25694583248575  -109.47475265994906  -70.3090644101758  -204.1298935810874  
-34.011361060464765  104.70917087916425  146.7397998963342  86.25103891996548  49.34331035002427  121.82903910764573  147.20652746441  108.35943591380375  145.91467856766377  0.0  -60.303470821599035  -107.16930758672362  78.00380867335113  138.94862215358955  171.13000524227834  119.53690674811948  103.9482700871519  156.32563087577577  195.87175626136212  133.63843267156017  -37.66089367837722  71.62076105807733  162.64391059956895  174.56214576507455  47.50641808304326  12.468758390268107  40.563852659449765  66.0812289916745  141.77648238068605  10.997780369878058  105.58621133854228  -11.476527770391442  -0.9285301541106037  6.6302048688982325  134.8984865261762  121.60861317334464  -21.80983087338717  114.08173041635591  153.1545451408274  114.98311197492315  132.40731185726207  98.39944023125479  56.86686413722464  54.005510737714474  39.989539539615805  68.18708722775628  60.592276822008586  113.38143594462642  120.90948449706008  -103.51772984831939  -59.17950554803724  35.26138374203131  70.780027774481  19.680960585292922  24.656836245408613  152.11174479247154  155.64784934757748  83.9400187829277  -20.506407129655003  34.72255952407852  115.74858055516663  37.25111077167679  132.43270138464166  -10.695661160620574  116.60963046312823  57.50805628508985  99.27545902007023  85.8808949396834  130.3226085413786  119.93912832897257  27.196105860794887  14.795036085350404  17.63008032217334  106.50647482540114  53.5224082547015  -326.1319050975837  80.18739487394018  109.45218035841323  153.59416670736837  119.04732349696951  14.550752600401125  172.5766580201796  70.4910192810203  55.497643004461224  -84.38601871135785  -321.38946779908946  36.79204029840278  169.68766312804792  155.75869428776465  -217.263152977701  -11.773281191907103  177.9780376124269  125.594944131361  -30.60671987247045  28.274062974442273  31.960290303502205  104.35585558873662  38.65773273517803  36.43992590771472  75.60561415748799  -58.21521501342363  
26.29210976113427  165.01264170076328  207.04327071793324  146.55450974156452  109.6467811716233  182.13250992924475  207.50999828600902  168.66290673540277  206.2181493892628  60.303470821599035  0.0  -46.865836765124584  138.30727949495017  199.2520929751886  231.43347606387738  179.8403775697185  164.25174090875095  216.6291016973748  256.17522708296116  193.9419034931592  22.642577143221814  131.92423187967637  222.947381421168  234.86561658667358  107.80988890464229  72.77222921186714  100.8673234810488  126.38469981327353  202.07995320228508  71.30125119147709  165.88968216014132  48.82694305120759  59.37494066748843  66.93367569049727  195.20195734777525  181.91208399494366  38.493639948211865  174.38520123795496  213.45801596242643  175.28658279652217  192.7107826788611  158.70291105285384  117.17033495882367  114.30898155931351  100.29301036121484  128.49055804935531  120.89574764360762  173.68490676622545  181.2129553186591  -43.214259026720356  1.1239652735617938  95.56485456363035  131.08349859608003  79.98443140689196  84.96030706700765  212.41521561407058  215.9513201691765  144.24348960452673  39.79706369194403  95.02603034567755  176.05205137676566  97.55458159327583  192.7361722062407  49.60780966097846  176.91310128472725  117.81152710668889  159.57892984166926  146.18436576128244  190.62607936297763  180.2425991505716  87.49957668239392  75.09850690694944  77.93355114377238  166.80994564700018  113.82587907630054  -265.82843427598465  140.4908656955392  169.75565118001225  213.8976375289674  179.35079431856855  74.85422342200016  232.88012884177863  130.79449010261933  115.80111382606026  -24.082547889758814  -261.0859969774904  97.09551112000182  229.99113394964695  216.0621651093637  -156.95968215610196  48.53018962969193  238.28150843402594  185.89841495296002  29.696750949128585  88.57753379604131  92.26376112510124  164.65932641033567  98.96120355677706  96.74339672931376  135.90908497908703  2.088255808175404  
73.15794652625885  211.87847846588787  253.90910748305782  193.4203465066891  156.5126179367479  228.99834669436933  254.3758350511336  215.52874350052736  253.0839861543874  107.16930758672362  46.865836765124584  0.0  185.17311626007475  246.11792974031317  278.29931282900196  226.70621433484308  211.11757767387553  263.49493846249936  303.04106384808574  240.8077402582838  69.5084139083464  178.79006864480095  269.8132181862926  281.73145335179817  154.67572566976688  119.63806597699173  147.73316024617338  173.2505365783981  248.94578996740967  118.16708795660168  212.7555189252659  95.69277981633218  106.24077743261302  113.79951245562185  242.06779411289983  228.77792076006824  85.35947671333645  221.25103800307954  260.323852727551  222.15241956164675  239.5766194439857  205.56874781797842  164.03617172394826  161.1748183244381  147.15884712633942  175.3563948144799  167.7615844087322  220.55074353135004  228.0787920837837  3.651577738404228  47.98980203868638  142.43069132875493  177.94933536120462  126.85026817201654  131.82614383213223  259.28105237919516  262.81715693430107  191.1093263696513  86.66290045706862  141.89186711080214  222.91788814189024  144.4204183584004  239.60200897136528  96.47364642610304  223.77893804985183  164.67736387181347  206.44476660679385  193.05020252640702  237.49191612810222  227.1084359156962  134.3654134475185  121.96434367207402  124.79938790889696  213.67578241212476  160.69171584142512  -218.96259751086006  187.3567024606638  216.62148794513683  260.763474294092  226.21663108369313  121.72006018712474  279.7459656069032  177.66032686774392  162.66695059118484  22.78328887536577  -214.22016021236584  143.9613478851264  276.85697071477153  262.9280018744883  -110.09384539097738  95.39602639481652  285.14734519915055  232.7642517180846  76.56258771425317  135.4433705611659  139.12959789022582  211.52516317546025  145.82704032190165  143.60923349443834  182.7749217442116  48.95409257329999  
-112.0151697338159  26.705362205813117  68.73599122298309  8.24723024661435  -28.660498323326863  43.825230434294596  69.20271879105887  30.35562724045262  67.91086989431265  -78.00380867335113  -138.30727949495017  -185.17311626007475  0.0  60.94481348023844  93.12619656892721  41.53309807476835  25.944461413800767  78.32182220242464  117.86794758801099  55.63462399820905  -115.66470235172835  -6.383047615273796  84.64010192621782  96.55833709172343  -30.497390590307873  -65.53505028308302  -37.439956013901366  -11.922579681676638  63.77267370733493  -67.00602830347307  27.582402665191154  -89.48033644374257  -78.93233882746173  -71.3736038044529  56.8946778528251  43.604804499993506  -99.8136395467383  36.07792174300478  75.15073646747626  36.97930330157202  54.40350318391094  20.395631557903656  -21.136944536126492  -23.998297935636657  -38.014269133735326  -9.816721445594851  -17.411531851342545  35.37762727127529  42.90567582370895  -181.52153852167052  -137.18331422138837  -42.74242493131982  -7.223780898870132  -58.32284808805821  -53.34697242794252  74.10793611912041  77.64404067422635  5.936210109576564  -98.51021580300613  -43.28124914927261  37.744771881815495  -40.75269790167434  54.42889271129053  -88.6994698339717  38.605821789777096  -20.49575238826128  21.2716503467191  7.87708626633227  52.318799868027455  41.93531965562144  -50.80770281255624  -63.20877258800073  -60.37372835117779  28.50266615205001  -24.481400418649628  -404.1357137709348  2.1835862005890476  31.4483716850621  75.59035803401724  41.04351482361838  -63.453056072950005  94.57284934682846  -7.512789392330831  -22.506165668889906  -162.38982738470898  -399.39327647244056  -41.21176837494835  91.6838544546968  77.75488561441352  -295.26696165105216  -89.77708986525823  99.97422893907577  47.59113545800987  -108.61052854582158  -49.72974569890886  -46.043518369848925  26.352046915385486  -39.3460759381731  -41.56388276563641  -2.398194515863139  -136.21902368677476  
-172.95998321405432  -34.23945127442532  7.791177742744651  -52.69758323362409  -89.6053118035653  -17.11958304594384  8.257905310820433  -30.589186239785818  6.966056414074217  -138.94862215358955  -199.2520929751886  -246.11792974031317  -60.94481348023844  0.0  32.18138308868877  -19.41171540547009  -35.00035206643767  17.377008722186204  56.923134107772555  -5.3101894820293865  -176.6095158319668  -67.32786109551223  23.695288445979394  35.61352361148499  -91.44220407054631  -126.47986376332146  -98.3847694941398  -72.86739316191507  2.827860227096494  -127.95084178371151  -33.362410815047284  -150.425149923981  -139.87715230770016  -132.31841728469135  -4.05013562741334  -17.34000898024493  -160.75845302697672  -24.866891737233658  14.205922987237827  -23.96551017866642  -6.541310296327495  -40.54918192233478  -82.08175801636493  -84.9431114158751  -98.95908261397376  -70.76153492583329  -78.35634533158098  -25.56718620896315  -18.03913765652949  -242.46635200190894  -198.1281277016268  -103.68723841155825  -68.16859437910857  -119.26766156829665  -114.29178590818096  13.163122638881973  16.699227193987902  -55.008603370661874  -159.45502928324458  -104.22606262951105  -23.200041598422942  -101.69751138191278  -6.5159207689479075  -149.64428331421016  -22.33899169046134  -81.44056586849972  -39.67316313351934  -53.06772721390617  -8.626013612210983  -19.009493824616996  -111.75251629279468  -124.15358606823916  -121.31854183141623  -32.442147328188426  -85.42621389888807  -465.08052725117324  -58.76122727964939  -29.496441795176338  14.645544553778805  -19.901298656620057  -124.39786955318844  33.62803586659002  -68.45760287256927  -83.45097914912834  -223.3346408649474  -460.338089952679  -102.15658185518679  30.739040974458362  16.810072134175094  -356.21177513129055  -150.72190334549668  39.02941545883734  -13.353678022228564  -169.55534202606003  -110.6745591791473  -106.98833185008736  -34.59276656485295  -100.29088941841154  -102.50869624587484  -63.343007996101576  -197.16383716701318  
-205.1413663027431  -66.4208343631141  -24.390205345944118  -84.87896632231286  -121.78669489225408  -49.30096613463261  -23.923477777868335  -62.770569328474586  -25.215326674614552  -171.13000524227834  -231.43347606387738  -278.29931282900196  -93.12619656892721  -32.18138308868877  0.0  -51.59309849415886  -67.18173515512643  -14.804374366502564  24.74175101908379  -37.491572570718155  -208.79089892065556  -99.50924418420101  -8.486094642709375  3.4321405227962245  -123.62358715923509  -158.66124685201024  -130.56615258282858  -105.04877625060385  -29.353522861592275  -160.1322248724003  -65.54379390373606  -182.6065330126698  -172.05853539638895  -164.4998003733801  -36.23151871610211  -49.5213920689337  -192.9398361156655  -57.04827482592243  -17.975460101450942  -56.14689326735519  -38.722693385016264  -72.73056501102354  -114.2631411050537  -117.12449450456387  -131.14046570266254  -102.94291801452206  -110.53772842026976  -57.74856929765192  -50.22052074521826  -274.64773509059773  -230.30951079031558  -135.86862150024703  -100.34997746779734  -151.44904465698542  -146.47316899686973  -19.018260449806796  -15.482155894700867  -87.18998645935065  -191.63641237193335  -136.40744571819982  -55.38142468711171  -133.87889447060155  -38.697303857636676  -181.82566640289892  -54.52037477915011  -113.6219489571885  -71.85454622220811  -85.24911030259494  -40.80739670089975  -51.190876913305765  -143.93389938148346  -156.33496915692794  -153.499924920105  -64.6235304168772  -117.60759698757684  -497.261910339862  -90.94261036833817  -61.67782488386511  -17.535838534909963  -52.082681745308825  -156.57925264187722  1.4466527779012495  -100.63898596125804  -115.63236223781712  -255.5160239536362  -492.5194730413678  -134.33796494387556  -1.4423421142304065  -15.371310954513675  -388.39315821997934  -182.90328643418545  6.848032370148573  -45.53506111091733  -201.7367251147488  -142.85594226783607  -139.16971493877614  -66.77414965354171  -132.4722725071003  -134.69007933456362  -95.52439108479035  -229.34522025570197  
-153.54826780858423  -14.82773586895523  27.20289314821474  -33.285867828154  -70.19359639809521  2.2921323595262493  27.669620716290524  -11.177470834315727  26.377771819544307  -119.53690674811948  -179.8403775697185  -226.70621433484308  -41.53309807476835  19.41171540547009  51.59309849415886  0.0  -15.58863666096758  36.788724127656295  76.33484951324265  14.101525923440704  -157.1978004264967  -47.91614569004214  43.107003851449484  55.025239016955084  -72.03048866507622  -107.06814835785137  -78.97305408866971  -53.455677756444985  22.239575632566584  -108.53912637824142  -13.950695409577193  -131.0134345185109  -120.46543690223008  -112.90670187922125  15.36157977805675  2.071706425225159  -141.34673762150663  -5.4551763317635675  33.61763839270792  -4.55379477319633  12.870405109142595  -21.13746651686469  -62.67004261089484  -65.531396010405  -79.54736720850367  -51.3498195203632  -58.94462992611089  -6.15547080349306  1.3725777489406  -223.05463659643885  -178.7164122961567  -84.27552300608816  -48.75687897363848  -99.85594616282656  -94.88007050271086  32.57483804435206  36.11094259945799  -35.59688796519178  -140.0433138777745  -84.81434722404096  -3.7883261929528516  -82.28579597644269  12.895794636522183  -130.23256790874007  -2.927276284991251  -62.02885046302963  -20.261447728049248  -33.65601180843608  10.785701793259108  0.40222158085309445  -92.34080088732459  -104.74187066276907  -101.90682642594614  -13.030431922718336  -66.01449849341797  -445.66881184570315  -39.3495118741793  -10.084726389706248  34.057259959248896  -0.48958325114996626  -104.98615414771835  53.03975127206011  -49.04588746709918  -64.03926374365825  -203.9229254594773  -440.9263745472089  -82.7448664497167  50.15075637992845  36.221787539645184  -336.80005972582046  -131.3101879400266  58.44113086430743  6.058037383241526  -150.14362662058994  -91.2628437736772  -87.57661644461727  -15.18105115938286  -80.87917401294145  -83.09698084040475  -43.931292590631486  -177.7521217615431  
-137.95963114761668  0.7609007920123503  42.79152980918232  -17.697231167186416  -54.60495973712763  17.88076902049383  43.258257377258104  4.411165826651853  41.96640848051189  -103.9482700871519  -164.25174090875095  -211.11757767387553  -25.944461413800767  35.00035206643767  67.18173515512643  15.58863666096758  0.0  52.377360788623875  91.92348617421023  29.690162584408284  -141.6091637655291  -32.32750902907456  58.695640512417064  70.61387567792266  -56.44185200410864  -91.47951169688379  -63.38441742770213  -37.867041095477404  37.828212293534165  -92.95048971727384  1.6379412513903873  -115.42479785754334  -104.8768002412625  -97.31806521825366  30.95021643902433  17.66034308619274  -125.75810096053907  10.133460329204013  49.2062750536755  11.03484188777125  28.459041770110176  -5.548829855897111  -47.08140594992726  -49.942759349437424  -63.95873054753609  -35.76118285939562  -43.35599326514331  9.43316585747452  16.96121440990818  -207.4659999354713  -163.12777563518915  -68.68688634512058  -33.1682423126709  -84.26730950185897  -79.29143384174328  48.16347470531964  51.69957926042557  -20.008251304224203  -124.4546772168069  -69.22571056307338  11.800310468014729  -66.6971593154751  28.484431297489763  -114.64393124777247  12.66136037597633  -46.44021380206205  -4.672811067081668  -18.067375147468496  26.374338454226688  15.990858241820675  -76.75216422635701  -89.1532340018015  -86.31818976497856  2.5582047382492448  -50.425861832450394  -430.0801751847356  -23.76087521321172  5.503910271261333  49.645896620216476  15.099053409817614  -89.39751748675077  68.62838793302768  -33.4572508061316  -48.45062708269067  -188.33428879850976  -425.33773788624137  -67.15622978874912  65.73939304089603  51.810424200612765  -321.2114230648529  -115.721551279059  74.02976752527502  21.646674044209107  -134.55498995962233  -75.67420711270962  -71.98797978364969  0.4075855015847196  -65.29053735197387  -67.50834417943717  -28.342655929663906  -162.16348510057554  
-190.33699193624054  -51.616459996611525  -9.585830979441553  -70.07459195581029  -106.9823205257515  -34.496591768130045  -9.11910341136577  -47.96619496197202  -10.410952308111987  -156.32563087577577  -216.6291016973748  -263.49493846249936  -78.32182220242464  -17.377008722186204  14.804374366502564  -36.788724127656295  -52.377360788623875  0.0  39.54612538558635  -22.68719820421559  -193.986524554153  -84.70486981769844  6.318279723793189  18.23651488929879  -108.81921279273251  -143.85687248550767  -115.76177821632601  -90.24440188410128  -14.54914849508971  -145.32785050589771  -50.73941953723349  -167.80215864616721  -157.25416102988638  -149.69542600687754  -21.427144349599544  -34.717017702431136  -178.13546174916294  -42.24390045941986  -3.1710857349483774  -41.342518900852625  -23.9183190185137  -57.926190644520986  -99.45876673855113  -102.3201201380613  -116.33609133615997  -88.13854364801949  -95.73335405376719  -42.944194931149354  -35.416146378715695  -259.8433607240952  -215.505136423813  -121.06424713374446  -85.54560310129477  -136.64467029048285  -131.66879463036716  -4.2138860833042315  -0.6777815281983024  -72.38561209284808  -176.83203800543077  -121.60307135169725  -40.577050320609146  -119.07452010409898  -23.89292949113411  -167.02129203639635  -39.716000412647546  -98.81757459068592  -57.05017185570554  -70.44473593609237  -26.003022334397187  -36.3865025468032  -129.12952501498089  -141.53059479042537  -138.69555055360243  -49.81915605037463  -102.80322262107427  -482.4575359733594  -76.1382360018356  -46.87345051736254  -2.731464168407399  -37.27830737880626  -141.77487827537465  16.251027144403814  -85.83461159475547  -100.82798787131455  -240.71164958713362  -477.7150986748652  -119.53359057737299  13.362032252272158  -0.5669365880111101  -373.5887838534768  -168.09891206768287  21.652406736651137  -30.73068674441477  -186.93235074824622  -128.0515679013335  -124.36534057227357  -51.969775287039155  -117.66789814059774  -119.88570496806105  -80.72001671828778  -214.5408458891994  
