Height_Data

node	height
0	220.36253374453995
1	205.87230334890097
2	118.34218971615307
3	311.2774451091209
4	146.81355985135778
5	158.88271654960974
6	184.24719134077338
7	120.30814986636048
8	325.1968697992379
9	176.1038912259787
10	216.59749485130524
11	161.09389487042895
12	163.04102100837062
13	57.021178274430774
14	258.1497213350995
15	103.29707981715042
16	117.31229243545356
17	212.02546806006072
18	130.02120667052185
19	151.48697632933113
20	306.6934580231275
21	76.34165313037965
22	98.04581855189414
23	97.0678086711573
24	158.88271654960974
25	167.419364158184
26	148.8466476289901
27	291.09020243587577
28	207.19410724754022
29	108.420012647923
30	250.6120927098591
31	57.90458042211686
32	167.08377326517692
33	63.51479365242043
34	164.3662972993066
35	131.10860975864554
36	247.78274066545185
37	392.71542700767884
38	115.65696872701282
39	246.8465780214867
40	161.36333187443984
41	237.4507248263402
42	153.52711950791058
43	34.08816584547542
44	102.1559854800703
45	50.406439384229515
46	362.8594656057451
47	38.7617021615412
48	57.75800709160782
49	218.9281500976716
50	155.57975155248428
51	39.433471771294016
52	60.476097927006634
53	156.30320612787258
54	150.5078024956456
55	84.26521770938606
56	177.0661270105587
57	163.72941292292992
58	36.84130817207982
59	98.35476012340756
60	134.95817539342866
61	92.21978547160373
62	78.6555375745172
63	144.4395405008597
64	174.35852204824027
65	228.96160317103536
66	175.0180350857027
67	54.654644216915806
68	172.9707961649714
69	51.87401516462804
70	187.80606342579648
71	56.5381050942978
72	65.01023405599169
73	84.35967541351586
74	102.72378632239943
75	103.94887943906565
76	67.20471287567699
77	194.12474961172217
78	97.70528586452009
79	245.0870053392545
80	75.21449772052036
81	204.91936098671746
82	125.7145529273185
83	178.3708276120382
84	180.4472219408297
85	121.38595810595643
86	159.09097472799695
87	348.36247337822505
88	67.941619384378
89	131.8444294988118
90	188.61701712973334
91	160.0672239110145
92	82.33139746595239
93	240.16359994989378
94	175.75953166935307
95	315.56977026058235
96	208.32357336285494
97	141.80686390180276
98	158.372961591005
99	191.15530343939858
100	117.09205344896483



height_matrix
0.0  28.98046079127795  204.04068805677375  -181.8298227291619  147.09794778636433  122.95963438986041  72.23068480753312  200.10876775635893  -209.6686721093959  88.51728503712246  7.5300777864694055  118.53727774822198  114.64302547233865  326.6827109402183  -75.57437518111914  234.13090785477905  206.10048261817278  16.674131368958456  180.6826541480362  137.75111483041763  -172.66184855717512  288.0417612283206  244.6334303852916  246.5894501467653  122.95963438986041  105.88633917271187  143.0317722310997  -141.45533738267164  26.336852993999457  223.8850421932339  -60.499117930638306  324.9159066448462  106.55752095872606  313.69548018423905  111.99247289046667  178.5078479717888  -54.84041384182382  -344.7057865262778  209.41113003505424  -52.968088553893494  117.99840374020022  -34.17638216360052  133.67082847325872  372.54873579812903  236.4130965289393  339.91218872062086  -284.99386372241025  363.2016631659975  325.20905330586424  2.8687672937367097  129.56556438411133  361.85812394649184  319.7728716350666  128.11865523333472  139.7094624977887  272.19463207030776  86.59281346796251  113.26624164322004  367.0424511449203  244.01554724226477  170.80871670222257  256.28549654587243  283.4139923400455  151.8459864873605  92.00802339259934  -17.198138852990837  90.68899731767448  331.41577905524827  94.78347515913708  336.9770371598238  65.11294063748693  327.6488573004843  310.70459937709654  272.00571666204814  235.27749484428102  232.8273086109486  306.3156417377259  52.47556826563556  245.3144957600397  -49.44894318942909  290.29607204803915  30.886345515644962  189.2959616344429  83.9834122650035  79.83062360742048  197.95315127716702  122.54311803308599  -255.9998792673702  304.84182872032386  177.0362084914563  63.49103322961321  120.59061966705087  276.0622725571751  -39.60213241070767  89.20600415037376  -190.4144730320848  24.077920763370003  157.11133968547438  123.97914430706987  58.41446061028273  206.54096059115022  
-28.98046079127795  0.0  175.0602272654958  -210.81028352043984  118.11748699508638  93.97917359858246  43.250224016255174  171.12830696508098  -238.64913290067386  59.536824245844514  -21.450383004808543  89.55681695694403  85.6625646810607  297.7022501489404  -104.55483597239709  205.1504470635011  177.12002182689483  -12.306329422319493  151.70219335675824  108.77065403913969  -201.64230934845307  259.06130043704263  215.65296959401365  217.60898935548735  93.97917359858246  76.90587838143392  114.05131143982175  -170.4357981739496  -2.6436077972784915  194.90458140195594  -89.47957872191625  295.93544585356824  77.57706016744811  284.7150193929611  83.01201209918872  149.52738718051086  -83.82087463310177  -373.68624731755574  180.4306692437763  -81.94854934517144  89.01794294892227  -63.15684295487847  104.69036768198077  343.5682750068511  207.43263573766134  310.9317279293429  -313.9743245136882  334.22120237471955  296.2285925145863  -26.11169349754124  100.58510359283338  332.8776631552139  290.7924108437887  99.13819444205677  110.72900170651076  243.2141712790298  57.612352676684566  84.28578085194209  338.0619903536423  215.03508645098682  141.82825591094462  227.30503575459448  254.43353154876755  122.86552569608256  63.02756260132139  -46.178599644268786  61.70853652639653  302.4353182639703  65.80301436785913  307.99657636854585  36.13247984620898  298.66839650920633  281.72413858581854  243.02525587077022  206.29703405300307  203.84684781967064  277.33518094644796  23.49510747435761  216.33403496876176  -78.42940398070704  261.31561125676126  1.905884724367013  160.31550084316495  55.002951473725545  50.85016281614253  168.97269048588907  93.56265724180804  -284.98034005864815  275.86136792904597  148.05574770017836  34.51057243833526  91.61015887577292  247.08181176589716  -68.58259320198562  60.22554335909581  -219.39493382336275  -4.902540027907946  128.13087889419643  94.99868351579192  29.433999819004782  177.56049979987228  
-204.04068805677375  -175.0602272654958  0.0  -385.8705107859356  -56.942740270409416  -81.08105366691333  -131.81000324924062  -3.9319203004148164  -413.70936016616963  -115.52340301965128  -196.51061027030434  -85.50341030855176  -89.3976625844351  122.6420228834446  -279.61506323789285  30.090219798005307  2.0597945613990305  -187.3665566878153  -23.358033908737553  -66.28957322635611  -376.70253661394884  84.00107317154684  40.59274232851786  42.548762089991556  -81.08105366691333  -98.15434888406187  -61.00891582567405  -345.49602543944536  -177.7038350627743  19.84435413646014  -264.539805987412  120.87521858807243  -97.48316709804769  109.65479212746529  -92.04821516630707  -25.53284008498494  -258.88110189859754  -548.7464745830515  5.370441978280496  -257.00877661066727  -86.04228431657353  -238.21707022037427  -70.36985958351502  168.5080477413553  32.372408472165546  135.87150066384712  -489.03455177918397  159.16097510922373  121.1683652490905  -201.17192076303704  -74.47512367266242  157.81743588971813  115.73218357829288  -75.92203282343903  -64.33122555898504  68.15394401353402  -117.44787458881123  -90.7744464135537  163.0017630881465  39.97485918549103  -33.23197135455118  52.24480848909869  79.37330428327175  -52.19470156941324  -112.0326646641744  -221.23882690976458  -113.35169073909927  127.37509099847453  -109.25721289763666  132.93634910305008  -138.92774741928682  123.60816924371055  106.66391132032277  67.96502860527443  31.236806787507277  28.786620554174846  102.27495368095217  -151.5651197911382  41.27380770326596  -253.48963124620283  86.25538399126543  -173.15434254112878  -14.744726422330842  -120.05727579177025  -124.21006444935327  -6.087536779606722  -81.49757002368776  -460.0405673241439  100.80114066355014  -27.00447956531744  -140.54965482716054  -83.45006838972287  72.02158450040136  -243.6428204674814  -114.83468390639999  -394.4551610888585  -179.96276729340374  -46.92934837129937  -80.06154374970387  -145.62622744649101  2.500272534376478  
181.8298227291619  210.81028352043984  385.8705107859356  0.0  328.9277705155262  304.7894571190223  254.060507536695  381.9385904855208  -27.838849380234024  270.34710776628435  189.3599005156313  300.3671004773839  296.47284820150054  508.5125336693802  106.25544754804275  415.960730583941  387.93030534733464  198.50395409812035  362.5124768771981  319.5809375595795  9.16797417198677  469.87158395748247  426.4632531144535  428.41927287592716  304.7894571190223  287.71616190187376  324.8615949602616  40.374485346490246  208.16667572316135  405.7148649223958  121.33070479852358  506.7457293740081  288.38734368788795  495.52530291340094  293.82229561962856  360.3376707009507  126.98940888733807  -162.8759637971159  391.2409527642161  128.8617341752684  299.8282264693621  147.65344056556137  315.5006512024206  554.3785585272909  418.2429192581012  521.7420114497827  -103.16404099324836  545.0314858951593  507.03887603502614  184.6985900228986  311.3953871132732  543.6879466756537  501.6026943642285  309.9484779624966  321.5392852269506  454.02445479946965  268.4226361971244  295.09606437238193  548.8722738740821  425.84536997142663  352.63853943138446  438.1153192750343  465.24381506920736  333.6758092165224  273.83784612176123  164.63168387617105  272.51882004683637  513.2456017844102  276.613297888299  518.8068598889857  246.94276336664882  509.47868002964617  492.5344221062584  453.8355393912101  417.1073175734429  414.6571313401105  488.1454644668878  234.30539099479745  427.1443184892016  132.3808795397328  472.1258947772011  212.71616824480685  371.1257843636048  265.8132349941654  261.66044633658237  379.7829740063289  304.3729407622479  -74.17005653820831  486.6716514494858  358.8660312206182  245.3208559587751  302.42044239621276  457.892095286337  142.22769031845422  271.03582687953565  -8.58465030292291  205.9077434925319  338.94116241463627  305.80896703623176  240.24428333944462  388.3707833203121  
-147.09794778636433  -118.11748699508638  56.942740270409416  -328.9277705155262  0.0  -24.138313396503918  -74.8672629788312  53.0108199699946  -356.76661989576024  -58.58066274924187  -139.56786999989492  -28.560670038142348  -32.45492231402568  179.584763153854  -222.67232296748347  87.03296006841472  59.00253483180845  -130.42381641740587  33.58470636167186  -9.346832955946695  -319.75979634353945  140.94381344195625  97.53548259892727  99.49150236040097  -24.138313396503918  -41.21160861365246  -4.0661755552646355  -288.553285169036  -120.76109479236487  76.78709440686956  -207.59706571700264  177.81795885848186  -40.54042682763827  166.59753239787472  -35.10547489589766  31.409900185424476  -201.93836162818815  -491.8037343126421  62.31318224868991  -200.06603634025782  -29.099544046164112  -181.27432994996485  -13.427119313105607  225.4507880117647  89.31514874257496  192.81424093425653  -432.0918115087746  216.10371537963317  178.11110551949992  -144.22918049262762  -17.532383402253004  214.76017616012751  172.6749238487023  -18.97929255302961  -7.388485288575623  125.09668428394343  -60.505134318401815  -33.83170614314429  219.94450335855592  96.91759945590044  23.71076891585824  109.1875487595081  136.31604455368117  4.748038700996176  -55.08992439376499  -164.29608663935517  -56.40895046868985  184.31783126888394  -52.31447262722725  189.87908937345946  -81.9850071488774  180.55090951411995  163.60665159073218  124.90776887568384  88.1795470579167  85.72936082458426  159.21769395136158  -94.62237952072877  98.21654797367538  -196.54689097579342  143.19812426167485  -116.21160227071937  42.198013848078574  -63.114535521360835  -67.26732417894385  50.855203490802694  -24.55482975327834  -403.09782705373453  157.74388093395956  29.938260705091977  -83.60691455675112  -26.507328119313456  128.96432477081078  -186.700080197072  -57.89194363599057  -337.51242081844913  -123.02002702299433  10.013391899110047  -23.118803479294456  -88.6834871760816  59.443012804785894  
-122.95963438986041  -93.97917359858246  81.08105366691333  -304.7894571190223  24.138313396503918  0.0  -50.72894958232729  77.14913336649852  -332.6283064992563  -34.44234935273795  -115.429556603391  -4.42235664163843  -8.316608917521762  203.72307655035792  -198.53400957097955  111.17127346491864  83.14084822831236  -106.28550302090196  57.72301975817578  14.791480440557223  -295.62148294703553  165.08212683846017  121.67379599543119  123.62981575690489  0.0  -17.07329521714854  20.072137841239282  -264.41497177253206  -96.62278139586095  100.92540780337347  -183.45875232049872  201.95627225498578  -16.402113431134353  190.73584579437863  -10.96716149939374  55.548213581928394  -177.80004823168423  -467.6654209161382  86.45149564519383  -175.9277229437539  -4.961230649660195  -157.13601655346093  10.711194083398311  249.58910140826862  113.45346213907888  216.95255433076045  -407.95349811227067  240.2420287761371  202.24941891600383  -120.0908670961237  6.605929994250914  238.89848955663143  196.8132372452062  5.159020843474309  16.749828107928295  149.23499768044735  -36.3668209218979  -9.69339274664037  244.08281675505984  121.05591285240436  47.84908231236216  133.32586215601202  160.45435795018508  28.886352097500094  -30.95161099726107  -140.15777324285125  -32.270637072185934  208.45614466538785  -28.17615923072333  214.01740276996338  -57.84669375237348  204.68922291062387  187.7449649872361  149.04608227218776  112.31786045442061  109.86767422108818  183.3560073478655  -70.48406612422485  122.3548613701793  -172.4085775792895  167.33643765817877  -92.07328887421545  66.33632724458249  -38.97622212485692  -43.129010782439934  74.99351688730661  -0.416516356774423  -378.9595136572306  181.88219433046348  54.076574101595895  -59.4686011602472  -2.3690147228095384  153.1026381673147  -162.56176680056808  -33.753630239486654  -313.3741074219452  -98.88171362649041  34.151705295613965  1.0195099172094615  -64.54517377957768  83.58132620128981  
-72.23068480753312  -43.250224016255174  131.81000324924062  -254.060507536695  74.8672629788312  50.72894958232729  0.0  127.8780829488258  -281.89935691692904  16.28660022958934  -64.70060702106372  46.30659294068886  42.41234066480553  254.4520261326852  -147.80505998865226  161.90022304724593  133.86979781063965  -55.55655343857467  108.45196934050307  65.52043002288451  -244.89253336470824  215.81107642078746  172.40274557775848  174.35876533923218  50.72894958232729  33.65565436517875  70.80108742356657  -213.68602219020477  -45.893831813533666  151.65435738570076  -132.72980273817143  252.68522183731307  34.326836151192936  241.46479537670592  39.76178808293355  106.27716316425568  -127.07109864935694  -416.9364713338109  137.18044522752112  -125.19877336142662  45.767718932667094  -106.40706697113364  61.4401436657256  300.3180509905959  164.18241172140617  267.68150391308774  -357.2245485299434  290.9709783584644  252.97836849833112  -69.36191751379641  57.3348795765782  289.6274391389587  247.5421868275335  55.8879704258016  67.47877769025558  199.96394726277464  14.362128660429391  41.03555683568692  294.8117663373871  171.78486243473165  98.57803189468945  184.0548117383393  211.18330753251237  79.61530167982738  19.777338585066218  -89.42882366052396  18.458312510141354  259.18509424771514  22.55279035160396  264.74635235229067  -7.117744170046194  255.41817249295116  238.4739145695634  199.77503185451505  163.0468100367479  160.59662380341547  234.0849569301928  -19.755116541897564  173.08381095250658  -121.67962799696221  218.06538724050606  -41.34433929188816  117.06527682690978  11.752727457470371  7.599938799887354  125.7224664696339  50.312433225552866  -328.2305640749033  232.61114391279077  104.80552368392318  -8.739651577919915  48.35993485951775  203.83158774964198  -111.83281721824079  16.975319342840635  -262.6451578396179  -48.15276404416312  84.88065487794125  51.74845949953675  -13.816224197250392  134.3102757836171  
-200.10876775635893  -171.12830696508098  3.9319203004148164  -381.9385904855208  -53.0108199699946  -77.14913336649852  -127.8780829488258  0.0  -409.77743986575484  -111.59148271923647  -192.57868996988952  -81.57149000813695  -85.46574228402028  126.57394318385941  -275.68314293747807  34.022140098420124  5.991714861813847  -183.43463638740047  -19.426113608322737  -62.357652925941295  -372.77061631353405  87.93299347196165  44.524662628932674  46.48068239040637  -77.14913336649852  -94.22242858364706  -57.076995525259235  -341.5641051390306  -173.77191476235947  23.776274436874957  -260.60788568699724  124.80713888848724  -93.55124679763287  113.5867124278801  -88.11629486589226  -21.600919784570124  -254.94918159818275  -544.8145542826367  9.302362278695313  -253.07685631025242  -82.11036401615871  -234.28514991995945  -66.4379392831002  172.4399680417701  36.30432877258036  139.80342096426193  -485.1026314787692  163.09289540963857  125.10028554950532  -197.24000046262222  -70.5432033722476  161.74935619013291  119.66410387870769  -71.99011252302421  -60.39930525857022  72.08586431394883  -113.51595428839641  -86.84252611313889  166.93368338856132  43.906779485905844  -29.30005105413636  56.176728789513504  83.30522458368657  -48.262781268998424  -108.10074436375959  -217.30690660934977  -109.41977043868445  131.30701129888934  -105.32529259722185  136.86826940346486  -134.995827118872  127.54008954412537  110.59583162073758  71.89694890568924  35.16872708792209  32.71854085458966  106.20687398136698  -147.63319949072337  45.205728003680775  -249.55771094578802  90.18730429168025  -169.22242224071397  -10.812806121916026  -116.12535549135544  -120.27814414893845  -2.155616479191906  -77.56564972327294  -456.10864702372913  104.73306096396496  -23.072559264902623  -136.61773452674572  -79.51814808930806  75.95350480081618  -239.7109001670666  -110.90276360598517  -390.52324078844373  -176.03084699298893  -42.99742807088455  -76.12962344928906  -141.6943071460762  6.4321928347912944  
209.6686721093959  238.64913290067386  413.70936016616963  27.838849380234024  356.76661989576024  332.6283064992563  281.89935691692904  409.77743986575484  0.0  298.1859571465184  217.19874989586532  328.2059498576179  324.31169758173456  536.3513830496142  134.09429692827678  443.799579964175  415.76915472756866  226.34280347835437  390.3513262574321  347.41978693981355  37.006823552220794  497.7104333377165  454.3021024946875  456.2581222561612  332.6283064992563  315.5550112821078  352.7004443404956  68.21333472672427  236.00552510339537  433.5537143026298  149.1695541787576  534.5845787542421  316.226193068122  523.3641522936349  321.6611449998626  388.1765200811847  154.8282582675721  -135.03711441688188  419.0798021444501  156.70058355550242  327.66707584959613  175.4922899457954  343.33950058265464  582.217407907525  446.08176863833523  549.5808608300167  -75.32519161301434  572.8703352753934  534.8777254152601  212.53743940313262  339.23423649350724  571.5267960558878  529.4415437444625  337.78732734273063  349.3781346071846  481.8633041797037  296.2614855773584  322.93491375261596  576.7111232543161  453.68421935166066  380.4773888116185  465.95416865526835  493.0826644494414  361.5146585967564  301.67669550199525  192.47053325640508  300.3576694270704  541.0844511646442  304.452147268533  546.6457092692198  274.78161274688284  537.3175294098802  520.3732714864924  481.6743887714441  444.94616695367694  442.4959807203445  515.9843138471218  262.1442403750315  454.98316786943565  160.21972891996683  499.9647441574351  240.55501762504088  398.9646337438388  293.6520843743994  289.4992957168164  407.62182338656294  332.2117901424819  -46.33120715797429  514.5105008297198  386.7048806008522  273.1597053390091  330.2592917764468  485.730944666571  170.06653969868825  298.87467625976967  19.254199077311114  233.74659287276592  366.7800117948703  333.6478164164658  268.08313271967864  416.20963270054614  
-88.51728503712246  -59.536824245844514  115.52340301965128  -270.34710776628435  58.58066274924187  34.44234935273795  -16.28660022958934  111.59148271923647  -298.1859571465184  0.0  -80.98720725065306  30.01999271109952  26.125740435216187  238.16542590309587  -164.0916602182416  145.6136228176566  117.58319758105031  -71.843153668164  92.16536911091373  49.23382979329517  -261.1791335942976  199.52447619119812  156.11614534816914  158.07216510964284  34.44234935273795  17.36905413558941  54.51448719397723  -229.9726224197941  -62.180432043123005  135.36775715611142  -149.01640296776077  236.39862160772373  18.040235921603596  225.17819514711658  23.47518785334421  89.99056293466634  -143.35769887894628  -433.22307156340025  120.89384499793178  -141.48537359101596  29.481118703077755  -122.69366720072298  45.15354343613626  284.03145076100657  147.89581149181683  251.3949036834984  -373.5111487595327  274.68437812887504  236.69176826874178  -85.64851774338575  41.04827934698886  273.3408389093694  231.25558659794416  39.60137019621226  51.192177460666244  183.6773470331853  -1.924471569159948  24.74895660609758  278.52516610779776  155.4982622051423  82.2914316651001  167.76821150874997  194.89670730292303  63.32870145023804  3.4907383554768785  -105.7154238901133  2.171712280552015  242.8984940181258  6.266190122014621  248.45975212270133  -23.404344399635534  239.13157226336182  222.18731433997405  183.4884316249257  146.76020980715856  144.31002357382613  217.79835670060345  -36.041716771486904  156.79721072291724  -137.96622822655155  201.77878701091672  -57.6309395214775  100.77867659732044  -4.533872772118968  -8.686661429701985  109.43586624004456  34.025832995963526  -344.51716430449267  216.32454368320143  88.51892345433384  -25.026251807509254  32.07333462992841  187.54498752005264  -128.11941744783013  0.6887191132512953  -278.93175806920726  -64.43936427375246  68.59405464835191  35.46185926994741  -30.10282442683973  118.02367555402776  
-7.5300777864694055  21.450383004808543  196.51061027030434  -189.3599005156313  139.56786999989492  115.429556603391  64.70060702106372  192.57868996988952  -217.19874989586532  80.98720725065306  0.0  111.00719996175258  107.11294768586924  319.1526331537489  -83.10445296758854  226.60083006830965  198.57040483170337  9.14405358248905  173.1525763615668  130.22103704394823  -180.19192634364452  280.5116834418512  237.1033525988222  239.0593723602959  115.429556603391  98.35626138624247  135.5016944446303  -148.98541516914105  18.806775207530052  216.35496440676448  -68.02919571710771  317.3858288583768  99.02744317225665  306.16540239776964  104.46239510399727  170.9777701853194  -62.37049162829322  -352.2358643127472  201.88105224858484  -60.4981663403629  110.46832595373081  -41.70645995006993  126.14075068678932  365.0186580116596  228.8830187424699  332.38211093415146  -292.52394150887966  355.6715853795281  317.67897551939484  -4.661310492732696  122.03548659764192  354.32804616002244  312.2427938485972  120.58857744686532  132.1793847113193  264.66455428383836  79.06273568149311  105.73616385675064  359.5123733584509  236.48546945579537  163.27863891575316  248.75541875940303  275.8839145535761  144.3159087008911  84.47794560612994  -24.728216639460243  83.15891953120507  323.88570126877886  87.25339737266768  329.4469593733544  57.582862851017524  320.1187795140149  303.17452159062714  264.47563887557874  227.74741705781162  225.2972308244792  298.7855639512565  44.94549047916615  237.7844179735703  -56.97902097589849  282.76599426156974  23.356267729175556  181.7658838479735  76.45333447853409  72.30054582095107  190.42307349069762  115.01304024661658  -263.5299570538396  297.31175093385446  169.5061307049869  55.9609554431438  113.06054188058147  268.5321947707057  -47.13221019717707  81.67592636390435  -197.9445508185542  16.547842976900597  149.58126189900497  116.44906652060047  50.884382823813326  199.01088280468082  
-118.53727774822198  -89.55681695694403  85.50341030855176  -300.3671004773839  28.560670038142348  4.42235664163843  -46.30659294068886  81.57149000813695  -328.2059498576179  -30.01999271109952  -111.00719996175258  0.0  -3.894252275883332  208.14543319199635  -194.11165292934112  115.59363010655707  87.5632048699508  -101.86314637926353  62.14537639981421  19.213837082195653  -291.1991263053971  169.5044834800986  126.09615263706962  128.05217239854332  4.42235664163843  -12.65093857551011  24.494494482877712  -259.9926151308936  -92.20042475422252  105.3477644450119  -179.0363956788603  206.3786288966242  -11.979756789495923  195.15820243601706  -6.5448048577553095  59.970570223566824  -173.3776915900458  -463.2430642744998  90.87385228683226  -171.50536630211548  -0.5388740080217644  -152.7136599118225  15.133550725036741  254.01145804990705  117.87581878071731  221.37491097239888  -403.53114147063224  244.66438541777552  206.67177555764226  -115.66851045448527  11.028286635889344  243.32084619826986  201.23559388684464  9.58137748511274  21.172184749566725  153.65735432208578  -31.944464280259467  -5.27103610500194  248.50517339669827  125.47826949404279  52.27143895400059  137.74821879765045  164.87671459182351  33.308708739138524  -26.52925435562264  -135.73541660121282  -27.848280430547504  212.87850130702628  -23.7538025890849  218.4397594116018  -53.42433711073505  209.1115795522623  192.16732162887453  153.4684389138262  116.74021709605904  114.29003086272661  187.77836398950393  -66.06170948258642  126.77721801181772  -167.98622093765107  171.7587942998172  -87.65093223257702  70.75868388622092  -34.55386548321849  -38.706654140801504  79.41587352894504  4.005840284864007  -374.5371570155922  186.3045509721019  58.498930743234325  -55.04624451860877  2.0533419188288917  157.52499480895312  -158.13941015892965  -29.331273597848224  -308.9517507803068  -94.45935698485198  38.574061937252395  5.441866558847892  -60.12281713793925  88.00368284292824  
-114.64302547233865  -85.6625646810607  89.3976625844351  -296.47284820150054  32.45492231402568  8.316608917521762  -42.41234066480553  85.46574228402028  -324.31169758173456  -26.125740435216187  -107.11294768586924  3.894252275883332  0.0  212.03968546787968  -190.2174006534578  119.4878823824404  91.45745714583413  -97.9688941033802  66.03962867569754  23.108089358078985  -287.30487402951377  173.39873575598193  129.99040491295295  131.94642467442665  8.316608917521762  -8.756686299626779  28.388746758761044  -256.0983628550103  -88.30617247833919  109.24201672089524  -175.14214340297696  210.27288117250754  -8.085504513612591  199.0524547119004  -2.6505525818719775  63.864822499450156  -169.48343931416247  -459.34881199861644  94.76810456271559  -167.61111402623214  3.3553782678615676  -148.81940763593917  19.027803000920073  257.9057103257904  121.77007105660064  225.2691632482822  -399.6368891947489  248.55863769365885  210.5660278335256  -111.77425817860194  14.922538911772676  247.2150984741532  205.12984616272797  13.475629760996071  25.066437025450057  157.5516065979691  -28.050212004376135  -1.376783829118608  252.3994256725816  129.37252176992612  56.16569122988392  141.64247107353378  168.77096686770685  37.202961015021856  -22.63500207973931  -131.8411643253295  -23.954028154664172  216.77275358290962  -19.859550313201566  222.33401168748514  -49.53008483485172  213.00583182814563  196.06157390475786  157.36269118970952  120.63446937194237  118.18428313860994  191.67261626538726  -62.16745720670309  130.67147028770106  -164.09196866176774  175.65304657570053  -83.75667995669369  74.65293616210425  -30.659613207335155  -34.81240186491817  83.31012580482837  7.900092560747339  -370.64290473970885  190.19880324798524  62.39318301911766  -51.15199224272544  5.947594194712224  161.41924708483646  -154.24515788304632  -25.43702132196489  -305.05749850442345  -90.56510470896865  42.46831421313573  9.336118834731224  -56.22856486205592  91.89793511881157  
-326.6827109402183  -297.7022501489404  -122.6420228834446  -508.5125336693802  -179.584763153854  -203.72307655035792  -254.4520261326852  -126.57394318385941  -536.3513830496142  -238.16542590309587  -319.1526331537489  -208.14543319199635  -212.03968546787968  0.0  -402.25708612133747  -92.55180308543929  -120.58222832204557  -310.0085795712599  -146.00005679218214  -188.9315961098007  -499.34455949739345  -38.64094971189776  -82.04928055492674  -80.09326079345304  -203.72307655035792  -220.79637176750646  -183.65093870911863  -468.13804832289  -300.34585794621887  -102.79766874698446  -387.18182887085663  -1.766804295372168  -220.12518998149227  -12.987230755979311  -214.69023804975166  -148.17486296842952  -381.52312478204215  -671.3884974664961  -117.2715809051641  -379.6507994941118  -208.6843072000181  -360.85909310381885  -193.0118824669596  45.8660248579107  -90.26961441127905  13.229477780402519  -611.6765746626286  36.518952225779145  -1.4736576343540975  -323.8139436464816  -197.117146556107  35.175413006273516  -6.909839305151721  -198.5640557068836  -186.97324844242962  -54.48807886991058  -240.0898974722558  -213.4164692969983  40.35974020470191  -82.66716369795357  -155.87399423799576  -70.39721439434591  -43.268718600172846  -174.83672445285782  -234.674687547619  -343.88084979320917  -235.99371362254385  4.733068115029937  -231.89923578108125  10.294326219605466  -261.5697703027314  0.9661463602659524  -15.978111563121828  -54.67699427817017  -91.40521609593732  -93.85540232926975  -20.36706920249243  -274.20714267458277  -81.36821518017864  -376.1316541296474  -36.386638892179164  -295.79636542457337  -137.38674930577542  -242.69929867521483  -246.85208733279785  -128.7295596630513  -204.13959290713234  -582.6825902075885  -21.840882219894453  -149.64650244876202  -263.1916777106051  -206.09209127316745  -50.620438383043236  -366.284843350926  -237.47670678984457  -517.0971839723031  -302.6047901768483  -169.57137125474395  -202.70356663314845  -268.2682503299356  -120.14175034906812  
75.57437518111914  104.55483597239709  279.61506323789285  -106.25544754804275  222.67232296748347  198.53400957097955  147.80505998865226  275.68314293747807  -134.09429692827678  164.0916602182416  83.10445296758854  194.11165292934112  190.2174006534578  402.25708612133747  0.0  309.7052830358982  281.6748577992919  92.2485065500776  256.25702932915533  213.32549001153677  -97.08747337605598  363.6161364094397  320.20780556641074  322.1638253278844  198.53400957097955  181.460714353831  218.60614741221883  -65.8809622015525  101.9112281751186  299.45941737435305  15.075257250480831  400.4902818259653  182.1318961398452  389.2698553653582  187.5668480715858  254.08222315290794  20.73396133929532  -269.13141134515865  284.98550521617335  22.606286627225643  193.57277892131935  41.397993017518615  209.24520365437786  448.12311097924817  311.98747171005846  415.48656390174  -209.41948854129112  438.77603834711664  400.7834284869834  78.44314247485585  205.13993956523046  437.432499127611  395.34724681618576  203.69303041445386  215.28383767890784  347.7690072514269  162.16718864908165  188.84061682433918  442.61682632603936  319.5899224233839  246.3830918833417  331.85987172699157  358.9883675211646  227.42036166847964  167.58239857371848  58.3762363281283  166.26337249879361  406.9901542363674  170.35785034025622  412.55141234094293  140.68731581860607  403.2232324816034  386.2789745582156  347.58009184316734  310.85187002540016  308.40168379206773  381.89001691884505  128.0499434467547  320.88887094115887  26.12543199169005  365.87044722915834  106.4607206967641  264.87033681556204  159.55778744612263  155.40499878853961  273.52752645828616  198.11749321420513  -180.42550408625107  380.41620390144305  252.61058367257544  139.06540841073235  196.16499484817  351.63664773829424  35.97224277041147  164.7803793314929  -114.84009785096566  99.65229594448914  232.68571486659351  199.553519488189  133.98883579140187  282.11533577226936  
-234.13090785477905  -205.1504470635011  -30.090219798005307  -415.960730583941  -87.03296006841472  -111.17127346491864  -161.90022304724593  -34.022140098420124  -443.799579964175  -145.6136228176566  -226.60083006830965  -115.59363010655707  -119.4878823824404  92.55180308543929  -309.7052830358982  0.0  -28.030425236606277  -217.4567764858206  -53.44825370674286  -96.37979302436142  -406.7927564119542  53.91085337354153  10.50252253051255  12.458542291986248  -111.17127346491864  -128.24456868206718  -91.09913562367936  -375.5862452374507  -207.7940548607796  -10.245865661545167  -294.6300257854174  90.78499879006712  -127.573386896053  79.56457232945998  -122.13843496431238  -55.62305988299025  -288.9713216966029  -578.8366943810569  -24.71977781972481  -287.0989964086725  -116.13250411457884  -268.3072900183796  -100.46007938152033  138.41782794335  2.2821886741602384  105.78128086584181  -519.1247715771893  129.07075531121842  91.07814545108519  -231.26214056104234  -104.56534347066773  127.7272160917128  85.64196378028757  -106.01225262144433  -94.42144535699035  38.06372421552871  -147.53809438681654  -120.86466621155901  132.9115432901412  9.88463938748572  -63.322191152556485  22.15458869109338  49.28308448526644  -82.28492136741855  -142.1228844621797  -251.3290467077699  -143.44191053710458  97.28487120046923  -139.34743269564197  102.84612930504476  -169.01796721729212  93.51794944570524  76.57369152231746  37.87480880726912  1.1465869895019694  -1.3035992438304618  72.18473388294686  -181.6553395891435  11.183587905260651  -283.5798510442081  56.165164193260125  -203.2445623391341  -44.83494622033615  -150.14749558977556  -154.30028424735858  -36.17775657761203  -111.58778982169306  -490.1307871221493  70.71092086554484  -57.094699363322746  -170.63987462516585  -113.54028818772818  41.93136470239605  -273.7330402654867  -144.9249037044053  -424.5453808868639  -210.05298709140905  -77.01956816930468  -110.15176354770918  -175.71644724449632  -27.58994726362883  
-206.10048261817278  -177.12002182689483  -2.0597945613990305  -387.93030534733464  -59.00253483180845  -83.14084822831236  -133.86979781063965  -5.991714861813847  -415.76915472756866  -117.58319758105031  -198.57040483170337  -87.5632048699508  -91.45745714583413  120.58222832204557  -281.6748577992919  28.030425236606277  0.0  -189.42635124921432  -25.417828470136584  -68.34936778775514  -378.76233117534787  81.9412786101478  38.53294776711883  40.488967528592525  -83.14084822831236  -100.2141434454609  -63.06871038707308  -347.5558200008444  -179.76362962417332  17.78455957506111  -266.59960054881105  118.8154240266734  -99.54296165944672  107.59499756606625  -94.1080097277061  -27.59263464638397  -260.94089645999657  -550.8062691444505  3.3106474168814657  -259.0685711720663  -88.10207887797256  -240.2768647817733  -72.42965414491405  166.44825317995628  30.312613910766515  133.81170610244808  -491.094346340583  157.1011805478247  119.10857068769147  -203.23171532443607  -76.53491823406145  155.7576413283191  113.67238901689385  -77.98182738483806  -66.39102012038407  66.09414945213499  -119.50766915021026  -92.83424097495273  160.94196852674747  37.915064624092  -35.29176591595021  50.18501392769966  77.31350972187272  -54.25449613081227  -114.09245922557344  -223.2986214711636  -115.4114853004983  125.3152964370755  -111.3170074590357  130.87655454165105  -140.98754198068585  121.54837468231152  104.60411675892374  65.9052340438754  29.177012226108246  26.726825992775815  100.21515911955314  -153.62491435253722  39.21401314186693  -255.54942580760186  84.1955894298664  -175.21413710252781  -16.804520983729873  -122.11707035316928  -126.2698590107523  -8.147331341005753  -83.55736458508679  -462.10036188554295  98.74134610215111  -29.06427412671647  -142.60944938855957  -85.5098629511219  69.96178993900233  -245.70261502888044  -116.89447846779902  -396.51495565025755  -182.02256185480277  -48.9891429326984  -82.1213383111029  -147.68602200789005  0.4404779729774475  
-16.674131368958456  12.306329422319493  187.3665566878153  -198.50395409812035  130.42381641740587  106.28550302090196  55.55655343857467  183.43463638740047  -226.34280347835437  71.843153668164  -9.14405358248905  101.86314637926353  97.9688941033802  310.0085795712599  -92.2485065500776  217.4567764858206  189.42635124921432  0.0  164.00852277907774  121.07698346145918  -189.33597992613358  271.3676298593621  227.95929901633315  229.91531877780685  106.28550302090196  89.21220780375342  126.35764086214124  -158.1294687516301  9.662721625041002  207.21091082427543  -77.17324929959676  308.24177527588773  89.8833895897676  297.0213488152806  95.31834152150822  161.83371660283035  -71.51454521078227  -361.37991789523625  192.7369986660958  -69.64221992285195  101.32427237124176  -50.85051353255898  116.99669710430027  355.8746044291706  219.73896515998084  323.2380573516624  -301.6679950913687  346.52753179703905  308.5349219369058  -13.805364075221746  112.89143301515287  345.1839925775334  303.09874026610817  111.44452386437627  123.03533112883025  255.5205007013493  69.91868209900406  96.59211027426159  350.3683197759618  227.34141587330632  154.1345853332641  239.61136517691398  266.73986097108707  135.17185511840205  75.33389202364089  -33.87227022194929  74.01486594871602  314.7416476862898  78.10934379017863  320.30290579086534  48.43880926852847  310.9747259315258  294.0304680081381  255.33158529308972  218.60336347532257  216.15317724199014  289.64151036876746  35.8014368966771  228.64036439108125  -66.12307455838754  273.6219406790807  14.212214146686506  172.62183026548445  67.30928089604504  63.15649223846202  181.27901990820857  105.86898666412753  -272.67401063632866  288.1676973513654  160.36207712249785  46.81690186065475  103.91648829809242  259.38814118821665  -56.276263779666124  72.5318727814153  -207.08860440104326  7.403789394411547  140.43720831651592  107.30501293811142  41.740329241324275  189.86682922219177  
