Height_Data

node	height
0	78.80872838132301
1	129.63263011239096
2	182.9970650732072
3	88.2896366588625
4	148.53241296309557
5	62.86406512429018
6	210.93618079570993
7	111.88611741837563
8	92.8648464862912
9	210.46769937976825
10	204.60329482591612
11	208.0369298077817
12	101.34626173088596
13	149.8686521711736
14	191.03992816922488
15	69.14958096949302
16	49.83750330679069
17	66.24957495707424
18	194.44164481369754
19	49.93402271926244
20	103.76626149697455
21	50.843306434957206
22	191.97727309786288
23	57.943918141268156
24	142.68968494474498
25	242.21156822005685
26	191.3815179453802
27	98.63436057564276
28	215.9246518044071
29	154.73042765380265
30	69.63464515321574
31	28.65950539285755
32	66.39590836307583
33	130.67462014974063
34	187.9746421045574
35	185.07894988217288
36	106.3745378886458
37	164.78961399691815
38	136.0242654997161
39	59.108524928944036
40	71.85990291866524
41	156.36933158931708
42	369.4356426577347
43	117.16477303902914
44	93.35179300700385
45	73.90821131795103
46	363.5103650352942
47	379.3408711813193
48	116.81863286194519
49	157.1202832315912
50	100.99100410211739
51	194.74297399756298
52	306.56289974173836
53	256.3385664422774
54	79.80514389304393
55	65.07921044892858
56	107.72384449262452
57	238.79536966112758
58	113.37328710103984
59	178.95658926806405
60	360.41407352504484
61	170.48723180154653
62	138.26712287196122
63	53.331963630712906
64	291.3233105317509
65	321.9577147634463
66	130.28507323711088
67	144.49789590195834
68	168.24822877338815
69	55.8826614200981
70	65.50359995275919
71	172.79260081377282
72	96.35417313035568
73	178.3305394989441
74	85.4445011172794
75	396.097582071736
76	85.62494978976899
77	166.18966429478465
78	197.5904329144404
79	272.50760199103337
80	460.7592932450453
81	84.83047530157486
82	169.49694428237314
83	162.68329969923903
84	80.50083557080187
85	71.90075525346563
86	215.78543262847947
87	69.93594178553984
88	93.98144745455855
89	403.8236446116636
90	69.52337588082074
91	59.28783278186239
92	92.05505544326347
93	92.70306344252302
94	108.22696305393787
95	181.50672014840623
96	109.07026270879842
97	79.80514389304393
98	79.39069302427568
99	161.92323446513714
100	180.97403945022901



height_matrix
0.0  -50.82390173106795  -104.1883366918842  -9.480908277539498  -69.72368458177256  15.944663257032829  -132.12745241438694  -33.077389037052626  -14.056118104968192  -131.65897099844523  -125.79456644459312  -129.22820142645867  -22.53753334956295  -71.0599237898506  -112.23119978790187  9.659147411829991  28.97122507453232  12.559153424248763  -115.63291643237453  28.87470566206057  -24.957533115651543  27.9654219463658  -113.16854471653987  20.86481024005485  -63.880956563421975  -163.40283983873383  -112.5727895640572  -19.825632194319752  -137.1159234230841  -75.92169927247964  9.174083228107264  50.14922298846545  12.412820018247174  -51.865891768417626  -109.1659137232344  -106.27022150084987  -27.565809507322797  -85.98088561559514  -57.2155371183931  19.70020345237897  6.948825462657766  -77.56060320799408  -290.6269142764117  -38.356044657706136  -14.543064625680842  4.900517063371979  -284.7016366539712  -300.5321427999963  -38.00990448062218  -78.3115548502682  -22.18227572079438  -115.93424561623998  -227.75417136041534  -177.52983806095438  -0.9964155117209259  13.72951793239443  -28.915116111301515  -159.9866412798046  -34.56455871971683  -100.14786088674104  -281.6053451437218  -91.67850342022352  -59.45839449063821  25.4767647506101  -212.51458215042788  -243.14898638212327  -51.47634485578787  -65.68916752063534  -89.43950039206514  22.926066961224905  13.305128428563819  -93.98387243244981  -17.54544474903267  -99.52181111762108  -6.635772735956394  -317.28885369041296  -6.816221408445983  -87.38093591346164  -118.7817045331174  -193.69887360971035  -381.95056486372226  -6.021746920251857  -90.68821590105013  -83.87457131791602  -1.692107189478861  6.907973127857375  -136.97670424715648  8.872786595783168  -15.172719073235541  -325.0149162303406  9.28535250050227  19.520895599460616  -13.246327061940462  -13.89433506120001  -29.418234672614858  -102.69799176708322  -30.261534327475417  -0.9964155117209259  -0.5819646429526699  -83.11450608381413  -102.16531106890601  
50.82390173106795  0.0  -53.364434960816254  41.34299345352845  -18.89978285070461  66.76856498810078  -81.30355068331897  17.746512694015323  36.76778362609976  -80.83506926737729  -74.97066471352517  -78.40429969539073  28.286368381505  -20.236022058782652  -61.40729805683392  60.48304914289794  79.79512680560026  63.38305515531671  -64.80901470130658  79.69860739312853  25.866368615416405  78.78932367743374  -62.34464298547192  71.6887119711228  -13.057054832354027  -112.57893810766589  -61.748887832989254  30.998269536748197  -86.29202169201614  -25.097797541411694  59.99798495917521  100.9731247195334  63.23672174931512  -1.0419900373496773  -58.34201199216645  -55.44631976978192  23.25809222374515  -35.15698388452719  -6.391635387325152  70.52410518344692  57.772727193725714  -26.73670147692613  -239.80301254534376  12.467857073361813  36.28083710538711  55.72441879443993  -233.87773492290327  -249.70824106892834  12.813997250445766  -27.487653119200246  28.64162601027357  -65.11034388517203  -176.9302696293474  -126.70593632988644  49.82748621934702  64.55341966346238  21.908785619766434  -109.16273954873662  16.25934301135112  -49.323959155673094  -230.78144341265389  -40.85460168915557  -8.634492759570264  76.30066648167805  -161.69068041935995  -192.32508465105533  -0.6524431247199232  -14.865265789567388  -38.61559866099719  73.74996869229285  64.12903015963177  -43.159970701381866  33.27845698203528  -48.697909386553135  44.188128995111555  -266.46495195934506  44.007680322621965  -36.55703418239369  -67.95780280204946  -142.8749718786424  -331.12666313265436  44.80215481081609  -39.86431416998218  -33.05066958684807  49.13179454158909  57.73187485892532  -86.15280251608851  59.69668832685112  35.65118265783241  -274.1910144992727  60.10925423157022  70.34479733052856  37.577574669127486  36.92956666986794  21.40566705845309  -51.874090036015275  20.562367403592532  49.82748621934702  50.24193708811528  -32.290604352746186  -51.34140933783806  
104.1883366918842  53.364434960816254  0.0  94.7074284143447  34.46465211011164  120.13299994891703  -27.93911572250272  71.11094765483158  90.13221858691601  -27.47063430656104  -21.606229752708913  -25.03986473457448  81.65080334232125  33.1284129020336  -8.042863096017669  113.8474841037142  133.15956176641652  116.74749011613297  -11.444579740490326  133.06304235394478  79.23080357623266  132.15375863825  -8.980208024655667  125.05314693193905  40.30738012846223  -59.21450314684964  -8.384452872173  84.36270449756445  -32.92758673119988  28.26663741940456  113.36241991999147  154.33755968034967  116.60115671013138  52.32244492346658  -4.977577031350194  -2.0818848089656683  76.6225271845614  18.20745107628906  46.9727995734911  123.88854014426317  111.13716215454197  26.627733483890125  -186.4385775845275  65.83229203417807  89.64527206620336  109.08885375525618  -180.51329996208702  -196.3438061081121  66.17843221126202  25.87678184161601  82.00606097108982  -11.745908924355774  -123.56583466853115  -73.34150136907019  103.19192118016328  117.91785462427863  75.27322058058269  -55.79830458792037  69.62377797216737  4.04047580514316  -177.41700845183763  12.509833271660682  44.72994220124599  129.6651014424943  -108.3262454585437  -138.96064969023908  52.71199183609633  38.499169171248866  14.748836299819061  127.11440365310911  117.49346512044802  10.204464259434388  86.64289194285153  4.666525574263119  97.55256395592781  -213.10051699852878  97.37211528343822  16.80740077842256  -14.593367841233203  -89.51053691782616  -277.76222817183805  98.16658977163235  13.500120790834075  20.31376537396818  102.49622950240534  111.09630981974158  -32.78836755527226  113.06112328766737  89.01561761864866  -220.8265795384564  113.47368919238647  123.70923229134482  90.94200962994374  90.29400163068419  74.77010201926934  1.4903449248009792  73.92680236440879  103.19192118016328  103.60637204893153  21.073830608070068  2.0230256229781958  
9.480908277539498  -41.34299345352845  -94.7074284143447  0.0  -60.24277630423306  25.425571534572327  -122.64654413684742  -23.596480759513128  -4.575209827428694  -122.17806272090574  -116.31365816705362  -119.74729314891918  -13.05662507202345  -61.5790155123111  -102.75029151036237  19.14005568936949  38.45213335207182  22.04006170178826  -106.15200815483503  38.35561393960007  -15.476624838112045  37.4463302239053  -103.68763643900037  30.34571851759435  -54.40004828588248  -153.92193156119436  -103.0918812865177  -10.344723916780254  -127.63501514554459  -66.44079099494014  18.654991505646763  59.63013126600495  21.893728295786673  -42.38498349087813  -99.6850054456949  -96.78931322331037  -18.0849012297833  -76.49997733805564  -47.7346288408536  29.18111172991847  16.429733740197264  -68.07969493045458  -281.1460059988722  -28.875136380166637  -5.062156348141343  14.381425340911477  -275.22072837643174  -291.0512345224568  -28.528996203082684  -68.8306465727287  -12.701367443254881  -106.45333733870048  -218.27326308287587  -168.0489297834149  8.484492765818572  23.210426209933928  -19.434207833762017  -150.50573300226506  -25.08365044217733  -90.66695260920154  -272.12443686618235  -82.19759514268402  -49.977486213098715  34.9576730281496  -203.03367387288841  -233.6680781045838  -41.99543657824837  -56.20825924309584  -79.95859211452564  32.4069752387644  22.786036706103317  -84.50296415491032  -8.06453647149317  -90.04090284008159  2.8451355415831046  -307.8079454128735  2.664686869093515  -77.90002763592214  -109.30079625557791  -184.21796533217088  -372.4696565861828  3.459161357287641  -81.20730762351063  -74.39366304037652  7.788801088060637  16.388881405396873  -127.49579596961696  18.353694873322667  -5.691810795696043  -315.5340079528011  18.76626077804177  29.001803877000114  -3.765418784400964  -4.413426783660512  -19.93732639507536  -93.21708348954373  -20.78062604993592  8.484492765818572  8.898943634586828  -73.63359780627464  -92.68440279136651  
69.72368458177256  18.89978285070461  -34.46465211011164  60.24277630423306  0.0  85.66834783880539  -62.40376783261436  36.64629554471993  55.66756647680437  -61.93528641667268  -56.070881862820556  -59.50451684468612  47.18615123220961  -1.336239208078041  -42.50751520612931  79.38283199360255  98.69490965630487  82.28283800602132  -45.90923185060197  98.59839024383314  44.766151466121016  97.68910652813835  -43.44486013476731  90.58849482182741  5.842728018350584  -93.67915525696128  -42.84910498228464  49.89805238745281  -67.39223884131152  -6.198014690707083  78.89776780987982  119.87290757023801  82.13650460001973  17.857792813354934  -39.44222914146184  -36.54653691907731  42.15787507444976  -16.257201033822582  12.508147463379458  89.42388803415153  76.67251004443033  -7.836918626221518  -220.90322969463915  31.367639924066424  55.18061995609172  74.62420164514454  -214.97795207219866  -230.80845821822373  31.713780101150377  -8.587870268495635  47.54140886097818  -46.21056103446742  -158.0304867786428  -107.80615347918183  68.72726907005163  83.45320251416699  40.808568470471045  -90.26295669803201  35.15912586205573  -30.424176304968483  -211.88166056194927  -21.95481883845096  10.265290091134347  95.20044933238266  -142.79089756865534  -173.42530180035072  18.247339725984688  4.0345170611372225  -19.715815810292582  92.64975154299746  83.02881301033638  -24.260187850677255  52.17823983273989  -29.798126535848525  63.087911845816166  -247.56516910864042  62.907463173326576  -17.657251331689082  -49.058019951344846  -123.9751890279378  -312.2268802819497  63.7019376615207  -20.96453131927757  -14.150886736143462  68.0315773922937  76.63165770962993  -67.2530196653839  78.59647117755573  54.55096550853702  -255.29123164856804  79.00903708227483  89.24458018123318  56.4773575198321  55.82934952057255  40.3054499091577  -32.974307185310664  39.46215025429714  68.72726907005163  69.14171993881989  -13.390821502041575  -32.44162648713345  
-15.944663257032829  -66.76856498810078  -120.13299994891703  -25.425571534572327  -85.66834783880539  0.0  -148.07211567141974  -49.022052294085455  -30.00078136200102  -147.60363425547808  -141.73922970162596  -145.17286468349153  -38.48219660659578  -87.00458704688343  -128.17586304493472  -6.285515845202838  13.026561817499491  -3.3855098327840665  -131.57757968940734  12.930042405027741  -40.90219637268437  12.020758689332972  -129.11320797357268  4.920146983022022  -79.8256198204548  -179.34750309576668  -128.51745282109005  -35.77029545135258  -153.0605866801169  -91.86636252951247  -6.770580028925565  34.204559731432624  -3.5318432387856546  -67.81055502545045  -125.11057698026723  -122.2148847578827  -43.510472764355626  -101.92554887262797  -73.16020037542593  3.7555401953461427  -8.995837794375063  -93.5052664650269  -306.57157753344455  -54.300707914738965  -30.48772788271367  -11.04414619366085  -300.64629991100406  -316.47680605702914  -53.95456773765501  -94.25621810730102  -38.12693897782721  -131.8789088732728  -243.6988346174482  -193.47450131798723  -16.941078768753755  -2.2151453246383994  -44.859779368334344  -175.9313045368374  -50.50922197674966  -116.09252414377387  -297.5500084007547  -107.62316667725635  -75.40305774767104  9.532101493577272  -228.45924540746074  -259.0936496391561  -67.4210081128207  -81.63383077766817  -105.38416364909797  6.981403704192076  -2.63953482846901  -109.92853568948264  -33.4901080060655  -115.46647437465391  -22.580435992989223  -333.2335169474458  -22.760884665478812  -103.32559917049447  -134.72636779015022  -209.6435368667432  -397.8952281207551  -21.966410177284686  -106.63287915808296  -99.81923457494885  -17.63677044651169  -9.036690129175454  -152.92136750418928  -7.071876661249661  -31.11738233026837  -340.95957948737345  -6.659310756530559  3.5762323424277866  -29.19099031897329  -29.83899831823284  -45.36289792964769  -118.64265502411605  -46.206197584508246  -16.941078768753755  -16.5266278999855  -99.05916934084696  -118.10997432593884  
132.12745241438694  81.30355068331897  27.93911572250272  122.64654413684742  62.40376783261436  148.07211567141974  0.0  99.0500633773343  118.07133430941873  0.4684814159416817  6.332885969793807  2.899250987928241  109.58991906482397  61.06752862453632  19.89625262648505  141.7865998262169  161.09867748891924  144.68660583863567  16.494535982012394  161.0021580764475  107.16991929873538  160.09287436075272  18.958907697847053  152.9922626544418  68.24649585096495  -31.275387424346917  19.55466285032972  112.30182022006717  -4.988471008697161  56.20575314190728  141.30153564249417  182.2766754028524  144.54027243263408  80.2615606459693  22.961538691152526  25.85723091353705  104.56164290706413  46.14656679879178  74.91191529599382  151.8276558667659  139.07627787704467  54.566849206392845  -158.4994618620248  93.77140775668079  117.58438778870608  137.02796947775892  -152.5741842395843  -168.40469038560937  94.11754793376474  53.81589756411873  109.94517669359254  16.193206798146946  -95.62671894602843  -45.40238564656747  131.13103690266598  145.85697034678134  103.21233630308541  -27.85918886541765  97.5628936946701  31.97959152764588  -149.4778927293349  40.4489489941634  72.66905792374871  157.604217164997  -80.38712973604098  -111.02153396773636  80.65110755859905  66.43828489375159  42.68795202232178  155.0535193756118  145.43258084295076  38.14357998193711  114.58200766535425  32.60564129676584  125.49167967843053  -185.16140127602606  125.31123100594094  44.74651650092528  13.345747881269517  -61.57142119532344  -249.82311244933535  126.10570549413507  41.439236513336795  48.2528810964709  130.43534522490808  139.0354255422443  -4.849251832769539  141.0002390101701  116.95473334115138  -192.88746381595368  141.4128049148892  151.64834801384754  118.88112535244646  118.23311735318691  102.70921774177206  29.4294606473037  101.8659180869115  131.13103690266598  131.54548777143424  49.01294633057279  29.962141345480916  
33.077389037052626  -17.746512694015323  -71.11094765483158  23.596480759513128  -36.64629554471993  49.022052294085455  -99.0500633773343  0.0  19.021270932084434  -98.58158196139262  -92.71717740754049  -96.15081238940606  10.539855687489677  -37.982534752797974  -79.15381075084925  42.73653644888262  62.048614111584946  45.63654246130139  -82.5555273953219  61.952094699113196  8.119855921401083  61.04281098341843  -80.09115567948724  53.94219927710748  -30.80356752636935  -130.3254508016812  -79.49540052700458  13.251756842732874  -104.03853438603146  -42.84431023542702  42.25147226515989  83.22661202551808  45.4902090552998  -18.788502731365  -76.08852468618177  -73.19283246379725  5.511579529729829  -52.903496578542516  -24.138148081340475  52.7775924894316  40.02621449971039  -44.48321417094145  -257.54952523935907  -5.27865562065351  18.534324411371784  37.977906100424605  -251.62424761691858  -267.45475376294365  -4.932515443569557  -45.23416581321557  10.895113316258247  -82.85685657918735  -194.67678232336272  -144.45244902390175  32.0809735253317  46.806906969447056  4.162272925751111  -126.90925224275195  -1.4871696826642022  -67.07047184968842  -248.5279561066692  -58.601114383170895  -26.381005453585587  58.55415378766273  -179.43719311337526  -210.07159734507064  -18.398955818735246  -32.61177848358271  -56.362111355012516  56.00345599827753  46.382517465616445  -60.90648339539719  15.531944288019957  -66.44442208056846  26.441616301096232  -284.21146465336034  26.261167628606643  -54.303546876409015  -85.70431549606478  -160.62148457265772  -348.87317582666964  27.05564211680077  -57.6108268639975  -50.797182280863396  31.385281847573765  39.98536216491  -103.89931521010384  41.950175632835794  17.904669963817085  -291.93752719328796  42.362741537554896  52.59828463651324  19.831061975112164  19.183053975852616  3.659154364437768  -69.6206027300306  2.8158547095772093  32.0809735253317  32.495424394099956  -50.03711704676151  -69.08792203185338  
14.056118104968192  -36.76778362609976  -90.13221858691601  4.575209827428694  -55.66756647680437  30.00078136200102  -118.07133430941873  -19.021270932084434  0.0  -117.60285289347705  -111.73844833962492  -115.17208332149049  -8.481415244594757  -57.00380568488241  -98.17508168293368  23.715265516798183  43.02734317950051  26.615271529216955  -101.57679832740634  42.93082376702876  -10.901415010683351  42.02154005133399  -99.11242661157168  34.92092834502304  -49.82483845845378  -149.34672173376566  -98.51667145908901  -5.76951408935156  -123.05980531811589  -61.86558116751145  23.230201333075456  64.20534109343365  26.468938123215366  -37.809773663449434  -95.1097956182662  -92.21410339588168  -13.509691402354605  -71.92476751062695  -43.15941901342491  33.756321557347164  21.004943567625958  -63.504485103025885  -276.57079617144353  -24.299926552737944  -0.48694652071264954  18.95663516834017  -270.64551854900304  -286.4760246950281  -23.95378637565399  -64.2554367453  -8.126157615826187  -101.87812751127179  -213.69805325544718  -163.4737199559862  13.059702593247266  27.78563603736262  -14.858998006333323  -145.93052317483637  -20.508440614748636  -86.09174278177285  -267.54922703875366  -77.62238531525533  -45.40227638567002  39.53288285557829  -198.45846404545972  -229.0928682771551  -37.42022675081968  -51.633049415667145  -75.38338228709695  36.9821850661931  27.36124653353201  -79.92775432748162  -3.4893266440644766  -85.46569301265289  7.420345369011798  -303.2327355854448  7.239896696522209  -73.32481780849345  -104.72558642814921  -179.64275550474218  -367.8944467587541  8.034371184716335  -76.63209779608194  -69.81845321294783  12.364010915489331  20.964091232825567  -122.92058614218827  22.92890470075136  -1.116600968267349  -310.9587981253724  23.341470605470462  33.57701370442881  0.8097910430277295  0.16178304376818176  -15.362116567646666  -88.64187366211503  -16.205416222507225  13.059702593247266  13.474153462015522  -69.05838797884594  -88.10919296393782  
131.65897099844523  80.83506926737729  27.47063430656104  122.17806272090574  61.93528641667268  147.60363425547808  -0.4684814159416817  98.58158196139262  117.60285289347705  0.0  5.8644045538521254  2.430769571986559  109.12143764888229  60.59904720859464  19.42777121054337  141.31811841027525  160.63019607297755  144.21812442269402  16.026054566070712  160.53367666050582  106.7014378827937  159.62439294481104  18.49042628190537  152.52378123850008  67.77801443502327  -31.7438688402886  19.08618143438804  111.83333880412549  -5.456952424638843  55.7372717259656  140.83305422655252  181.8081939869107  144.07179101669243  79.79307923002762  22.493057275210845  25.38874949759537  104.09316149112244  45.6780853828501  74.44343388005214  151.3591744508242  138.60779646110302  54.098367790451164  -158.96794327796647  93.3029263407391  117.1159063727644  136.5594880618172  -153.04266565552598  -168.87317180155105  93.64906651782306  53.34741614817705  109.47669527765086  15.724725382205264  -96.09520036197011  -45.87086706250915  130.66255548672433  145.38848893083969  102.74385488714373  -28.32767028135933  97.09441227872841  31.5111101117042  -149.9463741452766  39.98046757822172  72.20057650780703  157.13573574905536  -80.85561115198266  -111.49001538367804  80.18262614265737  65.9698034778099  42.2194706063801  154.58503795967016  144.96409942700905  37.67509856599543  114.11352624941257  32.13715988082416  125.02319826248885  -185.62988269196774  124.84274958999926  44.2780350849836  12.877266465327835  -62.03990261126512  -250.29159386527704  125.63722407819338  40.97075509739511  47.78439968052922  129.96686380896637  138.56694412630262  -5.317733248711221  140.5317575942284  116.4862519252097  -193.35594523189536  140.9443234989475  151.17986659790586  118.41264393650478  117.76463593724523  102.24073632583038  28.960979231362018  101.39743667096982  130.66255548672433  131.07700635549259  48.54446491463111  29.493659929539234  
125.79456644459312  74.97066471352517  21.606229752708913  116.31365816705362  56.070881862820556  141.73922970162596  -6.332885969793807  92.71717740754049  111.73844833962492  -5.8644045538521254  0.0  -3.4336349818655663  103.25703309503017  54.734642654742515  13.563366656691244  135.45371385642312  154.76579151912543  138.3537198688419  10.161650012218587  154.6692721066537  100.83703332894157  153.7599883909589  12.626021728053246  146.65937668464795  61.91360988117114  -37.608273394140724  13.221776880535913  105.96893425027336  -11.321356978490968  49.87286717211347  134.9686496727004  175.94378943305858  138.2073864628403  73.92867467617549  16.62865272135872  19.524344943743245  98.22875693727032  39.813680828997974  68.57902932620001  145.4947698969721  132.7433919072509  48.23396323659904  -164.8323478318186  87.43852178688698  111.25150181891227  130.69508350796508  -158.9070702093781  -174.73757635540318  87.78466196397093  47.48301159432492  103.61229072379874  9.860320828353139  -101.95960491582224  -51.735271616361274  124.79815093287219  139.52408437698756  96.8794503332916  -34.19207483521146  91.23000772487629  25.646705557852073  -155.81077869912872  34.116063024369595  66.3361719539549  151.27133119520323  -86.72001570583478  -117.35441993753017  74.31822158880524  60.10539892395778  36.355066052527974  148.72063340581803  139.09969487315692  31.8106940121433  108.24912169556045  26.27275532697203  119.15879370863672  -191.49428724581986  118.97834503614713  38.413630531131474  7.01286191147571  -67.90430716511725  -256.15599841912916  119.77281952434126  35.10635054354299  41.919995126677094  124.10245925511425  132.7025395724505  -11.182137802563346  134.66735304037627  110.62184737135757  -199.2203497857475  135.0799189450954  145.31546204405373  112.54823938265265  111.9002313833931  96.37633177197826  23.096574677509892  95.5330321171177  124.79815093287219  125.21260180164045  42.68006036077898  23.62925537568711  
129.22820142645867  78.40429969539073  25.03986473457448  119.74729314891918  59.50451684468612  145.17286468349153  -2.899250987928241  96.15081238940606  115.17208332149049  -2.430769571986559  3.4336349818655663  0.0  106.69066807689573  58.16827763660808  16.99700163855681  138.8873488382887  158.199426500991  141.78735485070746  13.595284994084153  158.10290708851926  104.27066831080714  157.19362337282448  16.059656709918812  150.09301166651352  65.3472448630367  -34.17463841227516  16.65541186240148  109.40256923213893  -7.887721996625402  53.30650215397904  138.40228465456596  179.37742441492415  141.64102144470587  77.36230965804106  20.062287703224285  22.95797992560881  101.66239191913589  43.24731581086354  72.01266430806558  148.92840487883765  136.17702688911646  51.667598218464605  -161.39871284995303  90.87215676875255  114.68513680077784  134.12871848983065  -155.47343522751254  -171.3039413735376  91.2182969458365  50.91664657619049  107.0459257056643  13.293955810218705  -98.52596993395667  -48.30163663449571  128.23178591473777  142.95771935885313  100.31308531515717  -30.75843985334589  94.66364270674185  29.08034053971764  -152.37714371726315  37.54969800623516  69.76980693582047  154.7049661770688  -83.28638072396922  -113.9207849556646  77.75185657067081  63.539033905823345  39.78870103439354  152.1542683876836  142.5333298550225  35.24432899400887  111.68275667742601  29.706390308837598  122.59242869050229  -188.0606522639543  122.4119800180127  41.84726551299704  10.446496893341276  -64.47067218325168  -252.7223634372636  123.20645450620682  38.539985525408554  45.35363010854266  127.53609423697982  136.13617455431606  -7.74850282069778  138.10098802224184  114.05548235322314  -195.78671480388192  138.51355392696095  148.7490970259193  115.98187436451822  115.33386636525867  99.80996675384382  26.53020965937546  98.96666709898327  128.23178591473777  128.64623678350603  46.11369534264455  27.062890357552675  
22.53753334956295  -28.286368381505  -81.65080334232125  13.05662507202345  -47.18615123220961  38.48219660659578  -109.58991906482397  -10.539855687489677  8.481415244594757  -109.12143764888229  -103.25703309503017  -106.69066807689573  0.0  -48.52239044028765  -89.69366643833892  32.19668076139294  51.50875842409527  35.09668677381171  -93.09538308281158  51.41223901162352  -2.419999766088594  50.50295529592875  -90.63101136697692  43.4023435896178  -41.343423213859026  -140.8653064891709  -90.03525621449425  2.711901155243197  -114.57839007352113  -53.384165922916694  31.711616577670213  72.6867563380284  34.95035336781012  -29.328358418854677  -86.62838037367145  -83.73268815128692  -5.028276157759848  -63.44335226603219  -34.67800376883015  42.23773680194192  29.486358812220715  -55.02306985843113  -268.0893809268488  -15.818511308143187  7.9944687238821075  27.438050412934928  -262.1641033044083  -277.99460945043336  -15.472371131059234  -55.774021500705246  0.3552576287685696  -93.39671226667703  -205.21663801085242  -154.99230471139145  21.541117837842023  36.26705128195738  -6.377582761738566  -137.4491079302416  -12.02702537015388  -77.6103275371781  -259.0678117941589  -69.14097007066057  -36.920861141075264  48.01429810017305  -189.97704880086496  -220.61145303256035  -28.938811506224923  -43.15163417107239  -66.90196704250219  45.463600310787854  35.84266177812677  -71.44633908288687  4.9920886005302805  -76.98427776805813  15.901760613606555  -294.75132034085004  15.721311941116966  -64.84340256389869  -96.24417118355446  -171.16134026014743  -359.41303151415934  16.515786429311092  -68.15068255148718  -61.33703796835307  20.845426160084088  29.445506477420324  -114.43917089759351  31.410319945346117  7.364814276327408  -302.47738288077767  31.82288585006522  42.058428949023565  9.291206287622487  8.643198288362939  -6.880701323051909  -80.16045841752027  -7.724000977912468  21.541117837842023  21.95556870661028  -60.576972734251186  -79.62777771934306  
71.0599237898506  20.236022058782652  -33.1284129020336  61.5790155123111  1.336239208078041  87.00458704688343  -61.06752862453632  37.982534752797974  57.00380568488241  -60.59904720859464  -54.734642654742515  -58.16827763660808  48.52239044028765  0.0  -41.17127599805127  80.71907120168059  100.03114886438291  83.61907721409936  -44.57299264252393  99.93462945191118  46.10239067419906  99.0253457362164  -42.10862092668927  91.92473402990545  7.178967226428625  -92.34291604888324  -41.5128657742066  51.23429159553085  -66.05599963323348  -4.861775482629042  80.23400701795786  121.20914677831605  83.47274380809777  19.194032021432974  -38.105989933383796  -35.21029771099927  43.4941142825278  -14.920961825744541  13.8443866714575  90.76012724222957  78.00874925250837  -6.500679418143477  -219.5669904865611  32.703879132144465  56.51685916416976  75.96044085322258  -213.64171286412062  -229.4722190101457  33.05001930922842  -7.251631060417594  48.87764806905622  -44.87432182638938  -156.69424757056476  -106.46991427110379  70.06350827812967  84.78944172224503  42.144807678549085  -88.92671748995397  36.49536507013377  -29.087937096890442  -210.54542135387123  -20.61857963037292  11.601529299212388  96.5366885404607  -141.4546583605773  -172.08906259227268  19.58357893406273  5.3707562692152635  -18.37957660221454  93.9859907510755  84.36505221841442  -22.923948642599214  53.51447904081793  -28.461887327770484  64.4241510538942  -246.22892990056238  64.24370238140462  -16.32101212361104  -47.721780743266805  -122.63894981985976  -310.8906410738717  65.03817686959874  -19.628292111199528  -12.814647528065422  69.36781660037174  77.96789691770798  -65.91678045730586  79.93271038563377  55.88720471661506  -253.95499244049  80.34527629035287  90.58081938931122  57.81359672791014  57.16558872865059  41.64168911723574  -31.638067977232623  40.798389462375184  70.06350827812967  70.47795914689793  -12.054582293963534  -31.105387279055407  
112.23119978790187  61.40729805683392  8.042863096017669  102.75029151036237  42.50751520612931  128.17586304493472  -19.89625262648505  79.15381075084925  98.17508168293368  -19.42777121054337  -13.563366656691244  -16.99700163855681  89.69366643833892  41.17127599805127  0.0  121.89034719973186  141.20242486243419  124.79035321215063  -3.401716644472657  141.10590544996245  87.27366667225033  140.19662173426767  -0.937344928637998  133.0960100279567  48.3502432244799  -51.17164005083197  -0.34158977615533104  92.40556759358212  -24.884723635182212  36.30950051542223  121.40528301600914  162.38042277636734  124.64401980614905  60.365308019484246  3.0652860646674753  5.960978287052001  84.66539028057908  26.25031417230673  55.01566266950877  131.93140324028084  119.18002525055964  34.670596579907794  -178.39571448850984  73.87515513019574  97.68813516222103  117.13171685127385  -172.47043686606935  -188.30094301209442  74.22129530727969  33.91964493763368  90.04892406710749  -3.703045828338105  -115.52297157251348  -65.29863827305252  111.23478427618095  125.9607177202963  83.31608367660036  -47.7554414919027  77.66664106818504  12.083338901160829  -169.37414535581996  20.55269636767835  52.77280529726366  137.707964538512  -100.28338236252603  -130.9177865942214  60.754854932114  46.542032267266535  22.79169939583673  135.1572667491268  125.53632821646569  18.247327355452057  94.6857550388692  12.709388670280788  105.59542705194548  -205.0576539025111  105.41497837945589  24.85026387444023  -6.550504745215534  -81.46767382180849  -269.7193650758204  106.20945286765001  21.542983886851744  28.35662846998585  110.53909259842301  119.13917291575925  -24.74550445925459  121.10398638368504  97.05848071466633  -212.78371644243873  121.51655228840414  131.7520953873625  98.98487272596141  98.33686472670186  82.81296511528701  9.533208020818648  81.96966546042646  111.23478427618095  111.6492351449492  29.116693704087737  10.065888718995865  
-9.659147411829991  -60.48304914289794  -113.8474841037142  -19.14005568936949  -79.38283199360255  6.285515845202838  -141.7865998262169  -42.73653644888262  -23.715265516798183  -141.31811841027525  -135.45371385642312  -138.8873488382887  -32.19668076139294  -80.71907120168059  -121.89034719973186  0.0  19.31207766270233  2.900006012418771  -125.29206384420452  19.21555825023058  -34.616680527481535  18.30627453453581  -122.82769212836986  11.20566282822486  -73.54010397525197  -173.06198725056385  -122.2319369758872  -29.484779606149743  -146.77507083491406  -85.58084668430963  -0.4850641837227272  40.49007557663546  2.753672606417183  -61.52503918024762  -118.82506113506439  -115.92936891267986  -37.22495691915279  -95.64003302742513  -66.87468453022309  10.04105604054898  -2.7103219491722257  -87.21975061982407  -300.2860616882417  -48.01519206953613  -24.202212037510833  -4.758630348458013  -294.3607840658012  -310.1912902118263  -47.669051892452174  -87.97070226209819  -31.84142313262437  -125.59339302806997  -237.41331877224536  -187.1889854727844  -10.655562923550917  4.070370520564438  -38.574263523131506  -169.64578869163455  -44.22370613154682  -109.80700829857103  -291.26449255555184  -101.33765083205351  -69.1175419024682  15.81761733878011  -222.1737295622579  -252.8081337939533  -61.13549226761786  -75.34831493246533  -99.09864780389513  13.266919549394913  3.6459810167338276  -103.6430198442798  -27.20459216086266  -109.18095852945108  -16.294920147786385  -326.948001102243  -16.475368820275975  -97.04008332529163  -128.44085194494738  -203.35802102154037  -391.6097122755523  -15.680894332081849  -100.34736331288012  -93.53371872974601  -11.351254601308852  -2.7511742839726168  -146.63585165898644  -0.7863608160468232  -24.831866485065532  -334.6740636421706  -0.373794911327721  9.861748187630624  -22.905474473770454  -23.55348247303  -39.07738208444485  -112.35713917891322  -39.92068173930541  -10.655562923550917  -10.241112054782661  -92.77365349564413  -111.824458480736  
-28.97122507453232  -79.79512680560026  -133.15956176641652  -38.45213335207182  -98.69490965630487  -13.026561817499491  -161.09867748891924  -62.048614111584946  -43.02734317950051  -160.63019607297755  -154.76579151912543  -158.199426500991  -51.50875842409527  -100.03114886438291  -141.20242486243419  -19.31207766270233  0.0  -16.412071650283558  -144.60414150690684  -0.09651941247174989  -53.92875819018386  -1.0058031281665194  -142.13976979107218  -8.10641483447747  -92.85218163795429  -192.37406491326615  -141.54401463858952  -48.79685726885207  -166.0871484976164  -104.89292434701196  -19.797141846425056  21.177997913933137  -16.558405056285146  -80.83711684294994  -138.1371387977667  -135.24144657538218  -56.53703458185512  -114.95211069012745  -86.18676219292541  -9.271021622153349  -22.022399611874555  -106.53182828252639  -319.59813935094405  -67.32726973223845  -43.51428970021316  -24.07070801116034  -313.67286172850356  -329.50336787452864  -66.9811295551545  -107.28277992480051  -51.1535007953267  -144.9054706907723  -256.7253964349477  -206.5010631354867  -29.967640586253246  -15.24170714213789  -57.886341185833835  -188.9578663543369  -63.53578379424915  -129.11908596127336  -310.5765702182542  -120.64972849475583  -88.42961956517053  -3.494460323922219  -241.4858072249602  -272.1202114566556  -80.44756993032018  -94.66039259516765  -118.41072546659746  -6.045158113307416  -15.666096645968501  -122.95509750698213  -46.51666982356499  -128.4930361921534  -35.606997810488714  -346.2600787649453  -35.787446482978304  -116.35216098799395  -147.75292960764972  -222.67009868424267  -410.9217899382546  -34.99297199478418  -119.65944097558244  -112.84579639244834  -30.66333226401118  -22.063251946674946  -165.94792932168878  -20.098438478749152  -44.14394414776786  -353.98614130487294  -19.68587257403005  -9.450329475071705  -42.21755213647278  -42.86556013573233  -58.38945974714718  -131.66921684161554  -59.23275940200774  -29.967640586253246  -29.55318971748499  -112.08573115834645  -131.13653614343832  
-12.559153424248763  -63.38305515531671  -116.74749011613297  -22.04006170178826  -82.28283800602132  3.3855098327840665  -144.68660583863567  -45.63654246130139  -26.615271529216955  -144.21812442269402  -138.3537198688419  -141.78735485070746  -35.09668677381171  -83.61907721409936  -124.79035321215063  -2.900006012418771  16.412071650283558  0.0  -128.19206985662328  16.315552237811808  -37.516686539900306  15.406268522117038  -125.72769814078863  8.305656815806088  -76.44010998767074  -175.96199326298262  -125.13194298830597  -32.384785618568515  -149.67507684733283  -88.4808526967284  -3.3850701961414984  37.59006956421669  -0.14633340600158817  -64.42504519266639  -121.72506714748316  -118.82937492509863  -40.12496293157156  -98.5400390398439  -69.77469054264186  7.141050028130209  -5.610327961590997  -90.11975663224284  -303.1860677006605  -50.9151980819549  -27.102218049929604  -7.658636360876784  -297.26079007822  -313.09129622424507  -50.569057904870945  -90.87070827451696  -34.74142914504314  -128.49339904048873  -240.31332478466413  -190.08899148520317  -13.555568935969688  1.170364508145667  -41.47426953555028  -172.54579470405332  -47.12371214396559  -112.7070143109898  -294.1644985679706  -104.23765684447228  -72.01754791488698  12.917611326361339  -225.07373557467668  -255.70813980637206  -64.03549828003663  -78.2483209448841  -101.9986538163139  10.366913536976142  0.7459750043150564  -106.54302585669858  -30.10459817328143  -112.08096454186985  -19.194926160205156  -329.84800711466175  -19.375374832694746  -99.9400893377104  -131.34085795736615  -206.25802703395914  -394.50971828797105  -18.58090034450062  -103.24736932529889  -96.43372474216478  -14.251260613727624  -5.651180296391388  -149.5358576714052  -3.6863668284655944  -27.731872497484304  -337.5740696545894  -3.2738009237464922  6.961742175211853  -25.805480486189225  -26.453488485448773  -41.97738809686362  -115.25714519133199  -42.82068775172418  -13.555568935969688  -13.141118067201432  -95.6736595080629  -114.72446449315477  
