Height_Data

node	height
0	216.85062800216744
1	233.2180008058992
2	91.56946802782618
3	101.42819949839075
4	387.2957270197301
5	87.0950240834689
6	284.8107576813234
7	72.36775308145525
8	230.47945486289137
9	319.733052905526
10	121.31394292092418
11	339.93715489461084
12	200.84115155481305
13	227.0151661850788
14	272.17842979751356
15	425.8732569151136
16	355.87197811400705
17	181.076924133085
18	513.7482351281728
19	61.284694413927326
20	160.10191102052218
21	205.9219145110637
22	97.54775249551496
23	255.5277357881226
24	144.29391086389649
25	100.5737490168116
26	120.69205995044328
27	177.0836790584453
28	254.65139447316798
29	80.86702942283834
30	149.92207328333947
31	118.65642112609345
32	265.18118147949093
33	87.25630057108086
34	146.9837093548371
35	796.2715195287225
36	144.81896361605246
37	324.97980362024475
38	81.3373754777145
39	53.55334644455866
40	155.03244086058214
41	106.471685289237
42	211.71378470502245
43	141.86618739427053
44	190.09282292882335
45	197.9955512464224
46	113.05861809549607
47	228.13991975548615
48	98.73127438155926
49	112.32900091582017
50	137.15215230678052
51	141.85597674939922
52	372.6576463463833
53	64.26385142669464
54	234.99030674776543
55	285.5854778936331
56	131.9327884985741
57	488.40828799271077
58	217.55592370070832
59	124.67341358073378
60	119.73003346058263
61	306.8836228622243
62	160.00208909116665
63	47.07332783905686
64	139.45886988747856
65	93.59410164377846
66	177.4183623207344
67	775.6700601946364
68	110.636420892683
69	178.7801671292379
70	118.91558074354953
71	184.00005254375162
72	233.2180008058992
73	230.10739063197335
74	177.8797644935234
75	135.56652103224374
76	161.81733214172237
77	46.69869708483322
78	158.97059086146808
79	213.4919071073523
80	68.01713941367788
81	200.50134778956175
82	255.64128999543593
83	112.60161449202813
84	91.78800732653345
85	31.093043219545027
86	139.40197219456226
87	119.63838708178395
88	39.35841526268116
89	43.63383789316595
90	151.38397778758466
91	116.91213619867919
92	57.24658562016437
93	434.42422442739326
94	65.02468635594788
95	109.74419406833707
96	170.7819932996426
97	224.9552383092239
98	85.96007108700401
99	472.6928700180175
100	318.29188788078966



height_matrix
0.0  -13.63947733644315  104.40096664528438  96.18535708648056  -142.0375825146356  108.12966993224877  -56.63344139929666  120.40239576726015  -11.357355717269968  -85.73535408613216  79.61390423436937  -102.57210574370285  13.341230372795309  -8.470448485759476  -46.10650149612178  -174.1855240941218  -115.85112509319967  29.811419890902044  -247.41467260500454  129.6382779902001  47.290597484704364  9.107261242586446  99.4190629222104  -32.23092315496265  60.463930948559124  96.89739915446319  80.13214004310346  33.13912411976844  -31.500638725833795  113.31966548277424  55.7737955990233  81.82850573006165  -40.27546123110292  107.99527285923881  58.22243220610862  -482.85074293879586  60.02638698842914  -90.10764634839776  112.92771043704411  136.081067964674  51.51515595132108  91.98245226077536  4.280702747620808  62.48703383991409  22.298170894453392  15.712563963120857  86.4933415888928  -9.407743127765599  98.43279468384014  87.10135590528938  66.41539641282242  62.49554271064018  -129.8391819535132  127.15564714622732  -15.116398954665016  -57.279041576221374  70.76486625299444  -226.29804999211947  -0.5877464154507379  76.8143453511947  80.933828784654  -75.02749571671404  47.37378242583398  141.4810834692588  64.49313176224072  102.71377196532414  32.860221401194195  -465.6828601603909  88.51183925790369  31.725384060774616  81.61253938218158  27.375479548679834  -13.63947733644315  -11.04730219150494  32.4757195905367  67.73675580826973  45.86107988370421  141.79327576444518  48.23336428391613  2.7989340790126107  124.02790715707462  13.624400177171395  -32.32555166105709  86.87417792511609  104.21885056302833  154.797987318852  64.54054650633763  81.01020076698623  147.91017728290524  144.34732509083457  54.55554184548565  83.28207650290686  133.00336865166923  -181.31133035435485  126.5216180385163  89.2553616115253  38.390528918770684  -6.753841922547053  109.07546409596952  -213.20186834654177  -84.5343832321852  
13.63947733644315  0.0  118.04044398172753  109.82483442292371  -128.39810517819245  121.76914726869192  -42.99396406285351  134.0418731037033  2.282121619173182  -72.09587674968901  93.25338157081252  -88.9326284072597  26.98070770923846  5.169028850683674  -32.46702415967863  -160.54604675767865  -102.21164775675652  43.450897227345195  -233.7751952685614  143.27775532664324  60.930074821147514  22.746738579029596  113.05854025865355  -18.591445818519503  74.10340828500227  110.53687649090634  93.77161737954661  46.77860145621159  -17.861161389390645  126.95914281921739  69.41327293546645  95.4679830665048  -26.635983894659773  121.63475019568196  71.86190954255177  -469.21126560235274  73.66586432487229  -76.46816901195461  126.56718777348726  149.7205453011171  65.15463328776423  105.62192959721851  17.920180084063958  76.12651117635724  35.93764823089654  29.352041299564007  100.13281892533595  4.231734208677551  112.0722720202833  100.74083324173253  80.05487374926557  76.13502004708333  -116.19970461707004  140.79512448267047  -1.4769216182218656  -43.639564239778224  84.40434358943759  -212.65857265567632  13.051730920992412  90.45382268763785  94.57330612109715  -61.38801838027089  61.01325976227713  155.12056080570196  78.13260909868387  116.35324930176729  46.499698737637345  -452.04338282394775  102.15131659434684  45.364861397217766  95.25201671862473  41.014956885122984  0.0  2.59217514493821  46.11519692697985  81.37623314471288  59.50055722014736  155.43275310088833  61.87284162035928  16.43841141545576  137.66738449351777  27.263877513614545  -18.68607432461394  100.51365526155924  117.85832789947148  168.43746465529514  78.18002384278078  94.64967810342938  161.54965461934836  157.98680242727772  68.1950191819288  96.92155383935001  146.64284598811236  -167.6718530179117  140.16109537495944  102.89483894796845  52.030006255213834  6.885635413896097  122.71494143241267  -199.56239101009862  -70.89490589574206  
-104.40096664528438  -118.04044398172753  0.0  -8.21560955880382  -246.43854915992  3.7287032869643895  -161.03440804458103  16.001429121975768  -115.75832236255435  -190.13632073141656  -24.787062410915013  -206.97307238898725  -91.05973627248908  -112.87141513104386  -150.50746814140615  -278.5864907394062  -220.25209173848407  -74.58954675438234  -351.81563925028894  25.237311344915703  -57.11036916058002  -95.29370540269794  -4.981903723073984  -136.63188980024705  -43.93703569672526  -7.503567490821197  -24.268826602180923  -71.26184252551595  -135.9016053711182  8.918698837489856  -48.62717104626108  -22.572460915222734  -144.67642787638732  3.5943062139544253  -46.17853443917576  -587.2517095840802  -44.374579656855246  -194.50861299368216  8.526743791759728  31.680101319389593  -52.88581069396331  -12.418514384509024  -100.12026389766358  -41.913932805370294  -82.10279575083099  -88.68840268216353  -17.90762505639158  -113.80870977304998  -5.9681719614442414  -17.299610739995003  -37.98557023246197  -41.905423934644205  -234.2401485987976  22.75468050094294  -119.5173655999494  -161.68000822150577  -33.63610039228995  -330.6990166374039  -104.98871306073512  -27.58662129408968  -23.467137860630388  -179.4284623619984  -57.027184219450405  37.08011682397443  -39.90783488304366  -1.6871946799602426  -71.54074524409019  -570.0838268056752  -15.889127387380697  -72.67558258450977  -22.788427263102804  -77.02548709660455  -118.04044398172753  -115.44826883678932  -71.92524705474769  -36.66421083701465  -58.53988676158018  37.39230911916079  -56.16760236136825  -101.60203256627177  19.626940511790238  -90.77656646811299  -136.72651830634146  -17.526788720168298  -0.18211608225605858  50.397020673567624  -39.86042013894675  -23.390765878298154  43.50921063762084  39.94635844555018  -49.845424799798735  -21.118890142377523  28.602402006384835  -285.71229699963925  22.12065139323191  -15.145605033759082  -66.0104377265137  -111.15480856783144  4.674497450685138  -317.60283499182617  -188.9353498774696  
-96.18535708648056  -109.82483442292371  8.21560955880382  0.0  -238.22293960111617  11.94431284576821  -152.81879848577722  24.217038680779588  -107.54271280375053  -181.92071117261273  -16.571452852111193  -198.7574628301834  -82.84412671368526  -104.65580557224004  -142.29185858260234  -270.3708811806024  -212.03648217968023  -66.37393719557852  -343.60002969148513  33.45292090371952  -48.8947596017762  -87.07809584389412  3.233705835729836  -128.41628024144322  -35.72142613792144  0.7120420679826225  -16.053217043377103  -63.046232966712125  -127.68599581231436  17.134308396293676  -40.41156148745726  -14.356851356418915  -136.4608183175835  11.809915772758245  -37.96292488037194  -579.0361000252765  -36.15897009805143  -186.29300343487833  16.742353350563548  39.89571087819341  -44.67020113515949  -4.202904825705204  -91.90465433885976  -33.698323246566474  -73.88718619202717  -80.47279312335971  -9.69201549758776  -105.59310021424616  2.2474375973595784  -9.084001181191184  -29.769960673658147  -33.689814375840385  -226.02453903999375  30.97029005974676  -111.30175604114558  -153.46439866270194  -25.420490833486127  -322.48340707860007  -96.7731035019313  -19.37101173528586  -15.251528301826568  -171.2128528031946  -48.811574660646585  45.29572638277825  -31.692225324239843  6.528414878843577  -63.32513568528637  -561.8682172468715  -7.673517828576877  -64.45997302570595  -14.572817704298984  -68.80987753780073  -109.82483442292371  -107.2326592779855  -63.709637495943866  -28.44860127821083  -50.32427720277636  45.60791867796461  -47.95199280256443  -93.38642300746795  27.842550070594058  -82.56095690930917  -128.51090874753766  -9.311179161364478  8.033493476547761  58.612630232371444  -31.64481058014293  -15.175156319494334  51.72482019642466  48.161968004354  -41.629815240994915  -12.903280583573704  36.818011565188655  -277.49668744083544  30.33626095203573  -6.929995474955263  -57.79482816770988  -102.93919900902762  12.890107009488958  -309.3872254330223  -180.71974031866577  
142.0375825146356  128.39810517819245  246.43854915992  238.22293960111617  0.0  250.1672524468844  85.40414111533894  262.4399782818958  130.68022679736563  56.30222842850344  221.65148674900496  39.46547677093275  155.3788128874309  133.56713402887613  95.93108101851382  -32.1479415794862  26.186457421435932  171.84900240553765  -105.37709009036894  271.67586050483567  189.32817999933997  151.14484375722205  241.456645436846  109.80665935967295  202.50151346319473  238.9349816690988  222.16972255773908  175.17670663440404  110.5369437888018  255.35724799740984  197.81137811365892  223.86608824469727  101.76212128353268  250.0328553738744  200.2600147207442  -340.8131604241603  202.06396950306475  51.92993616623784  254.96529295167971  278.11865047930957  193.55273846595668  234.02003477541098  146.3182852622564  204.5246163545497  164.335753409089  157.75014647775646  228.5309241035284  132.62983938687  240.47037719847575  229.13893841992498  208.45297892745802  204.5331252252758  12.198400561122412  269.1932296608629  126.92118355997059  84.75854093841423  212.80244876763004  -84.26046747748387  141.44983609918486  218.8519278658303  222.9714112992896  67.01008679792156  189.41136494046958  283.51866598389444  206.53071427687632  244.75135447995973  174.8978039158298  -323.6452776457553  230.5494217725393  173.76296657541022  223.65012189681718  169.41306206331544  128.39810517819245  130.99028032313066  174.5133021051723  209.77433832290535  187.8986623983398  283.83085827908076  190.27094679855173  144.8365165936482  266.0654896717102  155.661982691807  109.71203085357851  228.91176043975167  246.25643307766393  296.8355698334876  206.57812902097322  223.04778328162183  289.9477597975408  286.3849076054702  196.59312436012124  225.31965901754245  275.0409511663048  -39.27374783971925  268.55920055315187  231.2929441261609  180.4281114334063  135.28374059208855  251.11304661060512  -71.16428583190617  57.503199282450396  
-108.12966993224877  -121.76914726869192  -3.7287032869643895  -11.94431284576821  -250.1672524468844  0.0  -164.76311133154542  12.272725835011379  -119.48702564951874  -193.86502401838095  -28.515765697879402  -210.70177567595164  -94.78843955945347  -116.60011841800825  -154.23617142837054  -282.3151940263706  -223.98079502544846  -78.31825004134673  -355.5443425372533  21.508608057951314  -60.83907244754441  -99.02240868966233  -8.710607010038373  -140.36059308721144  -47.66573898368965  -11.232270777785587  -27.997529889145312  -74.99054581248033  -139.63030865808258  5.189995550525467  -52.35587433322547  -26.301164202187124  -148.4051311633517  -0.13439707300996417  -49.90723772614015  -590.9804128710447  -48.103282943819636  -198.23731628064655  4.798040504795338  27.951398032425203  -56.6145139809277  -16.147217671473413  -103.84896718462797  -45.64263609233468  -85.83149903779538  -92.41710596912792  -21.63632834335597  -117.53741306001437  -9.696875248408631  -21.028314026959393  -41.71427351942636  -45.634127221608594  -237.96885188576198  19.02597721397855  -123.24606888691379  -165.40871150847016  -37.36480367925434  -334.42771992436826  -108.71741634769951  -31.31532458105407  -27.195841147594777  -183.1571656489628  -60.755887506414794  33.35141353701004  -43.63653817000805  -5.415897966924632  -75.26944853105458  -573.8125300926397  -19.617830674345086  -76.40428587147416  -26.517130550067193  -80.75419038356894  -121.76914726869192  -119.17697212375371  -75.65395034171208  -40.39291412397904  -62.26859004854457  33.6636058321964  -59.89630564833264  -105.33073585323616  15.898237224825849  -94.50526975507738  -140.45522159330585  -21.255492007132688  -3.910819369220448  46.668317386603235  -43.58912342591114  -27.119469165262544  39.78050735065645  36.21765515858579  -53.574128086763125  -24.847593429341913  24.873698719420446  -289.44100028660364  18.39194810626752  -18.874308320723472  -69.73914101347809  -114.88351185479583  0.9457941637207483  -321.33153827879056  -192.664053164434  
56.63344139929666  42.99396406285351  161.03440804458103  152.81879848577722  -85.40414111533894  164.76311133154542  0.0  177.0358371665568  45.27608568202669  -29.101912686835504  136.24734563366604  -45.93866434440619  69.97467177209197  48.16299291353718  10.526939903174878  -117.55208269482515  -59.21768369390301  86.4448612901987  -190.78123120570788  186.27171938949675  103.92403888400102  65.7407026418831  156.05250432150706  24.402518244334004  117.09737234785578  153.53084055375984  136.7655814424001  89.7725655190651  25.132802673462862  169.9531068820709  112.40723699831996  138.4619471293583  16.357980168193734  164.62871425853547  114.85587360540528  -426.2173015394992  116.6598283877258  -33.47420494910111  169.56115183634077  192.71450936397065  108.14859735061773  148.615893660072  60.914144146917465  119.12047523921075  78.93161229375005  72.34600536241751  143.12678298818946  47.22569827153106  155.0662360831368  143.73479730458604  123.04883781211907  119.12898410993684  -73.20574055421653  183.78908854552398  41.51704244463164  -0.6456001769247166  127.3983076522911  -169.66460859282282  56.04569498384592  133.44778675049136  137.56727018395065  -18.394054317417385  104.00722382513064  198.11452486855546  121.12657316153738  159.3472133646208  89.49366280049085  -409.0494187610942  145.14528065720035  88.35882546007127  138.24598078147824  84.00892094797649  42.99396406285351  45.58613920779172  89.10916098983336  124.37019720756639  102.49452128300086  198.42671716374184  104.86680568321279  59.43237547830927  180.66134855637128  70.25784157646805  24.307889738239567  143.50761932441276  160.85229196232498  211.43142871814865  121.17398790563429  137.6436421662829  204.5436186822019  200.98076649013123  111.1889832447823  139.91551790220353  189.6368100509659  -124.6778889550582  183.15505943781295  145.88880301082196  95.02397031806734  49.879599476749604  165.70890549526618  -156.56842694724511  -27.90094183288855  
-120.40239576726015  -134.0418731037033  -16.001429121975768  -24.217038680779588  -262.4399782818958  -12.272725835011379  -177.0358371665568  0.0  -131.7597514845301  -206.1377498533923  -40.78849153289078  -222.974501510963  -107.06116539446484  -128.87284425301962  -166.50889726338193  -294.587919861382  -236.25352086045982  -90.5909758763581  -367.8170683722647  9.235882222939935  -73.11179828255578  -111.2951345246737  -20.983332845049752  -152.6333189222228  -59.93846481870103  -23.504996612796965  -40.27025572415669  -87.2632716474917  -151.90303449309394  -7.082730284485912  -64.62860016823686  -38.5738900371985  -160.67785699836307  -12.407122908021343  -62.17996356115153  -603.253138706056  -60.376008778831014  -210.5100421156579  -7.47468533021604  15.678672197413825  -68.88723981593907  -28.419943506484792  -116.12169301963934  -57.91536192734606  -98.10422487280675  -104.68983180413929  -33.90905417836735  -129.81013889502574  -21.96960108342001  -33.30103986197077  -53.986999354437735  -57.90685305661997  -250.24157772077334  6.753251378967171  -135.51879472192516  -177.68143734348152  -49.637529514265715  -346.70044575937965  -120.99014218271088  -43.58805041606545  -39.468566982606156  -195.4298914839742  -73.02861334142617  21.07868770199866  -55.90926400501943  -17.68862380193601  -87.54217436606595  -586.085255927651  -31.890556509356465  -88.67701170648553  -38.78985638507857  -93.02691621858031  -134.0418731037033  -131.44969795876509  -87.92667617672345  -52.66563995899042  -74.54131588355594  21.390879997185024  -72.16903148334401  -117.60346168824753  3.62551138981447  -106.77799559008875  -152.72794742831724  -33.528217842144066  -16.183545204231827  34.39559155159185  -55.86184926092252  -39.39219500027392  27.50778151564507  23.944929323574414  -65.84685392177451  -37.12031926435329  12.600972884409067  -301.713726121615  6.119222271256142  -31.14703415573485  -82.01186684848946  -127.1562376898072  -11.32693167129063  -333.60426411380195  -204.93677899944535  
11.357355717269968  -2.282121619173182  115.75832236255435  107.54271280375053  -130.68022679736563  119.48702564951874  -45.27608568202669  131.7597514845301  0.0  -74.3779983688622  90.97125995163934  -91.21475002643288  24.698586090065277  2.8869072315104916  -34.74914577885181  -162.82816837685183  -104.4937693759297  41.16877560817201  -236.05731688773457  140.99563370747006  58.64795320197433  20.464616959856414  110.77641863948037  -20.873567437692685  71.82128666582909  108.25475487173316  91.48949576037343  44.49647983703841  -20.143283008563827  124.67702120004421  67.13115131629327  93.18586144733162  -28.918105513832955  119.35262857650878  69.57978792337859  -471.49338722152595  71.3837427056991  -78.7502906311278  124.28506615431408  147.43842368194396  62.872511668591045  103.33980797804533  15.638058464890776  73.84438955718406  33.65552661172336  27.069919680390825  97.85069730616277  1.949612589504369  109.79015040111011  98.45871162255935  77.77275213009239  73.85289842791015  -118.48182623624322  138.5130028634973  -3.7590432373950478  -45.921685858951406  82.1222219702644  -214.9406942748495  10.76960930181923  88.17170106846467  92.29118450192396  -63.670139999444075  58.73113814310395  152.83843918652877  75.85048747951069  114.07112768259411  44.21757711846416  -454.32550444312096  99.86919497517366  43.08273977804458  92.96989509945155  38.7328352659498  -2.282121619173182  0.31005352576502787  43.833075307806666  79.0941115255397  57.218435600974175  153.15063148171515  59.5907200011861  14.156289796282579  135.3852628743446  24.981755894441363  -20.968195943787123  98.23153364238605  115.5762062802983  166.15534303612196  75.8979022236076  92.3675564842562  159.2675330001752  155.70468080810454  65.91289756275562  94.63943222017683  144.3607243689392  -169.95397463708488  137.87897375578626  100.61271732879527  49.74788463604065  4.6035137947229146  120.43281981323949  -201.8445126292718  -73.17702751491524  
85.73535408613216  72.09587674968901  190.13632073141656  181.92071117261273  -56.30222842850344  193.86502401838095  29.101912686835504  206.1377498533923  74.3779983688622  0.0  165.34925832050152  -16.836751657570687  99.07658445892747  77.26490560037269  39.62885259001038  -88.45017000798964  -30.115771007067508  115.5467739770342  -161.67931851887238  215.37363207633226  133.02595157083653  94.84261532871861  185.15441700834256  53.50443093116951  146.1992850346913  182.63275324059535  165.86749412923564  118.8744782059006  54.23471536029837  199.0550195689064  141.50914968515548  167.56385981619383  45.45989285502924  193.73062694537097  143.95778629224077  -397.1153888526637  145.76174107456131  -4.372292262265603  198.66306452317627  221.81642205080612  137.25051003745324  177.71780634690754  90.01605683375297  148.22238792604625  108.03352498058555  101.44791804925302  172.22869567502497  76.32761095836656  184.1681487699723  172.83670999142154  152.15075049895458  148.23089679677236  -44.10382786738103  212.89100123235949  70.61895513146715  28.456312509910788  156.5002203391266  -140.5626959059873  85.14760767068142  162.54969943732686  166.66918287078616  10.707858369418119  133.10913651196614  227.21643755539097  150.22848584837288  188.4491260514563  118.59557548732636  -379.94750607425874  174.24719334403585  117.46073814690678  167.34789346831374  113.110833634812  72.09587674968901  74.68805189462722  118.21107367666886  153.4721098944019  131.59643396983637  227.52862985057735  133.9687183700483  88.53428816514477  209.76326124320678  99.35975426330356  53.40980242507507  172.60953201124823  189.9542046491605  240.53334140498416  150.27590059246978  166.7455548531184  233.64553136903737  230.08267917696674  140.2908959316178  169.017430589039  218.73872273780137  -95.57597626822269  212.25697212464846  174.99071569765746  124.12588300490285  78.98151216358511  194.81081818210168  -127.46651426040961  1.2009708539469557  
-79.61390423436937  -93.25338157081252  24.787062410915013  16.571452852111193  -221.65148674900496  28.515765697879402  -136.24734563366604  40.78849153289078  -90.97125995163934  -165.34925832050152  0.0  -182.1860099780722  -66.27267386157406  -88.08435272012885  -125.72040573049115  -253.79942832849116  -195.46502932756903  -49.80248434346733  -327.0285768393739  50.024373755830716  -32.32330674966501  -70.50664299178293  19.80515868784103  -111.84482738933202  -19.149973285810248  17.283494920093815  0.5182358087340901  -46.47478011460093  -111.11454296020317  33.70576124840487  -23.84010863534607  2.2146014956922784  -119.8893654654723  28.381368624869438  -21.39147202826075  -562.4646471731653  -19.587517245940234  -169.72155058276712  33.31380620267474  56.467163730304605  -28.098748283048295  12.368548026405989  -75.33320148674856  -17.12687039445528  -57.31573333991598  -63.901340271248515  6.879437354523432  -89.02164736213497  18.81889044947077  7.487451670920009  -13.198507821546954  -17.11836152372919  -209.45308618788255  47.54174291185795  -94.73030318903439  -136.89294581059073  -8.849037981374934  -305.91195422648883  -80.20165064982011  -2.7995588831746687  1.3199245502846253  -154.64139995108343  -32.24012180853539  61.86717923488944  -15.12077247212865  23.09986773095477  -46.753682833175176  -545.2967643947603  8.897935023534316  -47.888520173594756  1.9986351478122089  -52.23842468568954  -93.25338157081252  -90.66120642587431  -47.13818464383267  -11.877148426099637  -33.752824350665165  62.179371530075805  -31.38053995045324  -76.81497015535676  44.41400292270525  -65.98950405719798  -111.93945589542646  7.260273690746715  24.604946328658954  75.18408308448264  -15.073357728031738  1.3962965326168586  68.29627304853585  64.73342085646519  -25.058362388883722  3.6681722685374893  53.38946441729985  -260.9252345887242  46.90771380414692  9.64145737715593  -41.22337531559869  -86.36774615691643  29.46155986160015  -292.81577258091113  -164.14828746655456  
102.57210574370285  88.9326284072597  206.97307238898725  198.7574628301834  -39.46547677093275  210.70177567595164  45.93866434440619  222.974501510963  91.21475002643288  16.836751657570687  182.1860099780722  0.0  115.91333611649816  94.10165725794337  56.46560424758107  -71.61341835041895  -13.27901934949682  132.3835256346049  -144.8425668613017  232.21038373390294  149.8627032284072  111.6793669862893  201.99116866591325  70.3411825887402  163.03603669226197  199.46950489816604  182.70424578680633  135.7112298634713  71.07146701786905  215.8917712264771  158.34590134272617  184.4006114737645  62.296644512599926  210.56737860294166  160.79453794981146  -380.27863719509304  162.598492732132  12.464459395305084  215.49981618074696  238.6531737083768  154.08726169502393  194.55455800447822  106.85280849132366  165.05913958361694  124.87027663815624  118.2846697068237  189.06544733259565  93.16436261593725  201.004900427543  189.67346164899223  168.98750215652527  165.06764845434304  -27.26707620981034  229.72775288993017  87.45570678903783  45.293064167481475  173.3369719966973  -123.72594424841662  101.98435932825211  179.38645109489755  183.50593452835685  27.544610026988806  149.94588816953683  244.05318921296166  167.06523750594357  205.28587770902698  135.43232714489704  -363.11075441668805  191.08394500160654  134.29748980447746  184.18464512588443  129.94758529238268  88.9326284072597  91.52480355219791  135.04782533423955  170.3088615519726  148.43318562740706  244.36538150814803  150.80547002761898  105.37103982271546  226.60001290077747  116.19650592087424  70.24655408264576  189.44628366881892  206.79095630673118  257.3700930625549  167.11265225004047  183.58230651068908  250.48228302660806  246.91943083453742  157.12764758918848  185.8541822466097  235.57547439537205  -78.739224610652  229.09372378221914  191.82746735522815  140.96263466247353  95.8182638211558  211.64756983967237  -110.62976260283892  18.037722511517643  
-13.341230372795309  -26.98070770923846  91.05973627248908  82.84412671368526  -155.3788128874309  94.78843955945347  -69.97467177209197  107.06116539446484  -24.698586090065277  -99.07658445892747  66.27267386157406  -115.91333611649816  0.0  -21.811678858554785  -59.44773186891709  -187.5267544669171  -129.19235546599498  16.470189518106736  -260.75590297779985  116.29704761740479  33.949367111909055  -4.2339691302088625  86.07783254941509  -45.57215352775796  47.122700575763815  83.55616878166788  66.79090967030815  19.79789374697313  -44.841869098629104  99.97843510997893  42.43256522622799  68.48727535726634  -53.61669160389823  94.6540424864435  44.88120183331331  -496.1919733115912  46.68515661563383  -103.44887672119307  99.5864800642488  122.73983759187867  38.17392557852577  78.64122188798005  -9.060527625174501  49.14580346711878  8.956940521658083  2.3713335903255484  73.1521112160975  -22.748973500560908  85.09156431104483  73.76012553249407  53.07416604002711  49.15431233784487  -143.1804123263085  113.81441677343201  -28.457629327460324  -70.62027194901668  57.42363588019913  -239.63928036491478  -13.928976788246047  63.473114978399394  67.59259841185869  -88.36872608950935  34.03255205303867  128.1398530964635  51.15190138944541  89.37254159252883  19.518991028398887  -479.0240905331862  75.17060888510838  18.384153687979307  68.27130900938627  14.034249175884526  -26.98070770923846  -24.38853256430025  19.13448921774139  54.395525435474426  32.5198495109089  128.45204539164988  34.89213391112082  -10.542296293782698  110.68667678427931  0.28316980437608663  -45.6667820338524  73.53294755232078  90.87762019023302  141.4567569460567  51.199316133542325  67.66897039419092  134.5689469101099  131.00609471803926  41.21431147269034  69.94084613011155  119.66213827887391  -194.65256072715016  113.18038766572099  75.91413123873  25.049298545975375  -20.095072295342362  95.73423372317421  -226.54309871933708  -97.87561360498051  
8.470448485759476  -5.169028850683674  112.87141513104386  104.65580557224004  -133.56713402887613  116.60011841800825  -48.16299291353718  128.87284425301962  -2.8869072315104916  -77.26490560037269  88.08435272012885  -94.10165725794337  21.811678858554785  0.0  -37.6360530103623  -165.71507560836233  -107.3806766074402  38.28186837666152  -238.94422411924506  138.10872647595957  55.76104597046384  17.577709728345923  107.88951140796988  -23.760474669203177  68.9343794343186  105.36784764022266  88.60258852886294  41.609572605527916  -23.03019024007432  121.79011396853372  64.24424408478278  90.29895421582113  -31.805012745343447  116.46572134499829  66.6928806918681  -474.3802944530364  68.49683547418861  -81.63719786263829  121.39815892280359  144.55151645043344  59.98560443708055  100.45290074653484  12.751151233380284  70.95748232567357  30.76861938021287  24.183012448880334  94.96379007465228  -0.9372946420061226  106.90324316959962  95.57180439104886  74.8858448985819  70.96599119639966  -121.36873346775371  135.6260956319868  -6.645950468905539  -48.8085930904619  79.23531473875391  -217.82760150636  7.8827020703087385  85.28479383695418  89.40427727041347  -66.55704723095457  55.844230911593456  149.95153195501828  72.9635802480002  111.18422045108362  41.33066988695367  -457.2124116746314  96.98228774366316  40.19583254653409  90.08298786794106  35.84592803443931  -5.169028850683674  -2.5768537057454637  40.946168076296175  76.20720429402921  54.33152836946368  150.26372425020466  56.70381276967561  11.269382564772087  132.4983556428341  22.094848662930872  -23.855103175297614  95.34462641087556  112.6892990487878  163.26843580461147  73.01099499209711  89.4806492527457  156.3806257686647  152.81777357659405  63.025990331245126  91.75252498866634  141.47381713742868  -172.84088186859537  134.99206652427577  97.72581009728478  46.86097740453016  1.716606563212423  117.545912581729  -204.7314198607823  -76.06393474642573  
46.10650149612178  32.46702415967863  150.50746814140615  142.29185858260234  -95.93108101851382  154.23617142837054  -10.526939903174878  166.50889726338193  34.74914577885181  -39.62885259001038  125.72040573049115  -56.46560424758107  59.44773186891709  37.6360530103623  0.0  -128.07902259800002  -69.74462359707789  75.91792138702382  -201.30817110888276  175.74477948632187  93.39709898082614  55.213762738708226  145.52556441833218  13.875578341159127  106.5704324446809  143.00390065058497  126.23864153922524  79.24562561589022  14.605862770287985  159.42616697889602  101.88029709514508  127.93500722618343  5.831040265018856  154.1017743553606  104.3289337022304  -436.74424144267414  106.13288848455092  -44.001144852275985  159.0342119331659  182.18756946079577  97.62165744744286  138.08895375689713  50.38720424374259  108.59353533603587  68.40467239057517  61.81906545924264  132.59984308501458  36.69875836835618  144.53929617996192  133.20785740141116  112.5218979089442  108.60204420676196  -83.73268045739141  173.2621486423491  30.990102541456764  -11.172540080099594  116.87136774911622  -180.1915484959977  45.51875508067104  122.92084684731648  127.04033028077578  -28.920994220592263  93.48028392195576  187.5875849653806  110.5996332583625  148.82027346144594  78.96672289731598  -419.57635866426915  134.61834075402547  77.8318855568964  127.71904087830336  73.48198104480161  32.46702415967863  35.05919930461684  78.58222108665848  113.84325730439151  91.96758137982599  187.89977726056696  94.33986578003791  48.90543557513439  170.1344086531964  59.730901673293175  13.780949835064689  132.98067942123788  150.3253520591501  200.90448881497377  110.64704800245941  127.11670226310801  194.01667877902702  190.45382658695635  100.66204334160743  129.38857799902866  179.109870147791  -135.20482885823307  172.62811953463807  135.36186310764708  84.49703041489246  39.352659573574726  155.1819655920913  -167.09536685042  -38.427881736063426  
174.1855240941218  160.54604675767865  278.5864907394062  270.3708811806024  32.1479415794862  282.3151940263706  117.55208269482515  294.587919861382  162.82816837685183  88.45017000798964  253.79942832849116  71.61341835041895  187.5267544669171  165.71507560836233  128.07902259800002  0.0  58.33439900092213  203.99694398502385  -73.22914851088274  303.82380208432187  221.47612157882617  183.29278533670825  273.6045870163322  141.95460093915915  234.64945504268093  271.08292324858496  254.31766413722528  207.32464821389024  142.684885368288  287.50518957689604  229.95931969314512  256.01402982418347  133.91006286301888  282.18079695336064  232.4079563002304  -308.6652188446741  234.21191108255096  84.07787774572404  287.1132345311659  310.26659205879577  225.70068004544288  266.1679763548972  178.4662268417426  236.6725579340359  196.4836949885752  189.89808805724266  260.6788656830146  164.7777809663562  272.6183187779619  261.2868799994112  240.60092050694422  236.681066804762  44.34634214060861  301.3411712403491  159.0691251394568  116.90648251790043  244.95039034711624  -52.11252589799767  173.59777767867106  250.9998694453165  255.1193528787758  99.15802837740776  221.55930651995578  315.66660756338064  238.67865585636252  276.89929605944593  207.045745495316  -291.4973360662691  262.6973633520255  205.91090815489642  255.79806347630338  201.56100364280164  160.54604675767865  163.13822190261686  206.6612436846585  241.92227990239155  220.046603977826  315.97879985856696  222.41888837803793  176.9844581731344  298.2134312511964  187.8099242712932  141.8599724330647  261.0597020192379  278.40437465715013  328.9835114129738  238.72607060045942  255.19572486110803  322.095701377027  318.5328491849564  228.74106593960744  257.46760059702865  307.188892745791  -7.125806260233048  300.70714213263807  263.44088570564713  212.5760530128925  167.43168217157475  283.2609881900913  -39.01634425241997  89.6511408619366  
115.85112509319967  102.21164775675652  220.25209173848407  212.03648217968023  -26.186457421435932  223.98079502544846  59.21768369390301  236.25352086045982  104.4937693759297  30.115771007067508  195.46502932756903  13.27901934949682  129.19235546599498  107.3806766074402  69.74462359707789  -58.33439900092213  0.0  145.66254498410171  -131.56354751180487  245.48940308339976  163.14172257790403  124.95838633578612  215.27018801541007  83.62020193823702  176.3150560417588  212.74852424766286  195.98326513630315  148.9902492129681  84.35048636736587  229.1707905759739  171.624920692223  197.67963082326133  75.57566386209675  223.84639795243848  174.07355729930828  -366.9996178455962  175.87751208162882  25.743478744801905  228.77883553024378  251.93219305787363  167.36628104452075  207.83357735397504  120.13182784082048  178.33815893311376  138.14929598765306  131.56368905632053  202.34446668209247  106.44338196543407  214.2839197770398  202.95248099848905  182.2665215060221  178.34666780383986  -13.98805686031352  243.006772239427  100.73472613853465  58.572083516978296  186.6159913461941  -110.4469248989198  115.26337867774893  192.66547044439437  196.78495387785367  40.82362937648563  163.22490751903365  257.3322085624585  180.3442568554404  218.5648970585238  148.71134649439387  -349.83173506719123  204.36296435110336  147.57650915397429  197.46366447538125  143.2266046418795  102.21164775675652  104.80382290169473  148.32684468373637  183.58788090146942  161.71220497690388  257.6444008576448  164.0844893771158  118.65005917221228  239.8790322502743  129.47552527037107  83.52557343214258  202.72530301831574  220.069975656228  270.6491124120517  180.3916715995373  196.8613258601859  263.7613023761049  260.19845018403424  170.4066669386853  199.13320159610652  248.85449374486888  -65.46020526115518  242.37274313171596  205.10648670472497  154.24165401197035  109.09728317065262  224.9265891891692  -97.3507432533421  31.316741861014464  
-29.811419890902044  -43.450897227345195  74.58954675438234  66.37393719557852  -171.84900240553765  78.31825004134673  -86.4448612901987  90.5909758763581  -41.16877560817201  -115.5467739770342  49.80248434346733  -132.3835256346049  -16.470189518106736  -38.28186837666152  -75.91792138702382  -203.99694398502385  -145.66254498410171  0.0  -277.2260924959066  99.82685809929805  17.47917759380232  -20.704158648315598  69.60764303130836  -62.0423430458647  30.65251105765708  67.08597926356114  50.32072015220142  3.327704228866395  -61.31205861673584  83.5082455918722  25.962375708121257  52.017085839159606  -70.08688112200497  78.18385296833677  28.411012315206577  -512.662162829698  30.214967097527094  -119.91906623929981  83.11629054614207  106.26964807377193  21.703736060419033  62.171032369873316  -25.530717143281237  32.675613949012046  -7.513248996448652  -14.098855927781187  56.68192169799076  -39.21916301866764  68.6213747929381  57.28993601438734  36.60397652192037  32.684122819738135  -159.65060184441523  97.34422725532528  -44.92781884556706  -87.09046146712342  40.95344636209239  -256.1094698830215  -30.399166306352782  47.00292546029266  51.12240889375195  -104.83891560761609  17.562362534931935  111.66966357835676  34.68171187133868  72.9023520744221  3.048801510292151  -495.49428005129295  58.70041936700164  1.9139641698725711  51.801119491279536  -2.43594034222221  -43.450897227345195  -40.858722082406985  2.664299699634654  37.92533591736769  16.049659992802162  111.98185587354314  18.421944393014087  -27.012485811889434  94.21648726617258  -16.18701971373065  -62.136971551959135  57.06275803421404  74.40743067212628  124.98656742794996  34.72912661543559  51.198780876084186  118.09875739200318  114.53590519993253  24.744121954583605  53.47065661200482  103.19194876076718  -211.1227502452569  96.71019814761425  59.44394172062326  8.57910902786864  -36.5652618134491  79.26404420506748  -243.01328823744382  -114.34580312308725  
