Height_Data

node	height
0	254.5793352804992
1	103.28859777633333
2	70.20694469601305
3	177.2806415023845
4	101.83513393650558
5	55.51695353894566
6	73.6202842932095
7	164.2829067249106
8	175.51950202546806
9	44.24200078901016
10	68.47290579809524
11	63.26985762718856
12	59.12279964165634
13	135.7818570190227
14	28.70006200489314
15	127.06026595299858
16	194.38908440431575
17	89.55188700655562
18	264.26916716727044
19	155.68775733140896
20	54.09108790626924
21	216.37928629636738
22	135.58162886213108
23	184.09484299025254
24	239.48668979497714
25	165.87000071669462
26	92.4106313441568
27	45.37101131497271
28	245.55725967125593
29	223.20635906221466
30	232.72980769717583
31	82.07245691068162
32	156.65877468296097
33	76.76172201580869
34	46.21556177542319
35	163.34187978508896
36	396.149734752661
37	90.91131822810125
38	97.64454677787593
39	309.56169869037365
40	198.08165405792656
41	60.52937506309101
42	238.19734921956035
43	103.03989625276178
44	70.59409274380215
45	106.8385501145879
46	90.35094603990566
47	135.03878040322977
48	144.27508204761105
49	300.256065071242
50	146.1759351542518
51	86.29061881484698
52	224.96176137577189
53	244.23525793527233
54	148.878815478854
55	105.69181384958773
56	248.88757313349086
57	109.46694700691235
58	260.31056927972054
59	62.169452538993546
60	55.879605070997435
61	307.6619354636303
62	219.61443948797822
63	115.33401627418849
64	45.274287033915435
65	126.39531935246328
66	104.81619707814671
67	560.5195969582479
68	80.02454414715619
69	43.047551737784104
70	319.1353936943977
71	57.50565050965586
72	231.17757767258013
73	170.24556627813527
74	52.901335784538354
75	129.24107200620674
76	51.76788070752451
77	176.7716197922119
78	48.62119962203141
79	132.65559377723002
80	160.35217923719583
81	199.3618995214704
82	45.65675621249165
83	84.19692036485353
84	110.82772817668778
85	112.15224154028316
86	67.55188773952365
87	37.34350622603972
88	474.92589154999473
89	314.7867531947287
90	411.6256708647976
91	105.48521162119623
92	307.5397430072179
93	139.6361726189112
94	118.31291925794858
95	91.18201904322065
96	128.9730361030401
97	295.9677830539105
98	126.18829885116917
99	51.9251354161968
100	167.86672219593171



height_matrix
0.0  151.29073750416586  184.37239058448614  77.29869377811471  152.7442013439936  199.06238174155357  180.95905098728971  90.29642855558862  79.05983325503115  210.33733449148906  186.10642948240397  191.30947765331064  195.45653563884287  118.7974782614765  225.87927327560607  127.51906932750063  60.190250876183455  165.0274482739436  -9.68983188677123  98.89157794909025  200.48824737422996  38.200048984131826  118.99770641836813  70.48449229024666  15.09264548552207  88.70933456380459  162.1687039363424  209.2083239655265  9.022075609243274  31.37297621828455  21.84952758332338  172.50687836981757  97.92056059753824  177.81761326469052  208.363773505076  91.23745549541025  -141.5703994721618  163.66801705239794  156.9347885026233  -54.98236340987444  56.49768122257265  194.0499602174082  16.381986060938857  151.53943902773744  183.98524253669706  147.7407851659113  164.22838924059354  119.54055487726944  110.30425323288816  -45.6767297907428  108.40340012624742  168.28871646565221  29.617573904727323  10.344077345226879  105.70051980164521  148.88752143091148  5.6917621470083475  145.11238827358687  -5.731233999221331  192.40988274150567  198.69973020950178  -53.08260018313109  34.96489579252099  139.24531900631072  209.30504824658377  128.18401592803593  149.76313820235248  -305.9402616777487  174.55479113334303  211.53178354271512  -64.55605841389848  197.07368477084336  23.40175760791908  84.33376900236394  201.67799949596085  125.33826327429247  202.8114545729747  77.8077154882873  205.9581356584678  121.92374150326918  94.22715604330338  55.2174357590288  208.92257906800756  170.38241491564568  143.7516071038114  142.42709374021604  187.02744754097557  217.2358290544595  -220.34655626949552  -60.207417914229495  -157.0463355842984  149.09412365930297  -52.9604077267187  114.94316266158802  136.26641602255063  163.39731623727857  125.6062991774591  -41.388447773411315  128.39103642933003  202.6541998643024  86.7126130845675  
-151.29073750416586  0.0  33.08165308032028  -73.99204372605116  1.453463839827748  47.771644237387676  29.66831348312384  -60.994308948577256  -72.23090424913472  59.04659698732317  34.81569197823809  40.018740149144776  44.16579813467699  -32.493259242689376  74.58853577144019  -23.771668176665244  -91.10048662798242  13.736710769777716  -160.9805693909371  -52.39915955507563  49.197509870064096  -113.09068852003405  -32.29303108579775  -80.80624521391921  -136.19809201864382  -62.581402940361286  10.877966432176535  57.91758646136062  -142.26866189492262  -119.91776128588133  -129.44120992084248  21.21614086565171  -53.370176906627634  26.526875760524646  57.07303600091014  -60.05328200875563  -292.86113697632766  12.377279548232082  5.644050998457402  -206.2731009140403  -94.79305628159322  42.75922271324232  -134.908751443227  0.24870152357155462  32.69450503253118  -3.5499523382545703  12.937651736427668  -31.750182626896432  -40.98648427127772  -196.96746729490866  -42.887337377918456  16.997978961486353  -121.67316359943855  -140.94666015893898  -45.59021770252066  -2.4032160732543986  -145.59897535715754  -6.178349230579016  -157.0219715033872  41.11914523733979  47.4089927053359  -204.37333768729695  -116.32584171164488  -12.045418497855152  58.0143107424179  -23.106721576129942  -1.5275993018133818  -457.23099918191457  23.26405362917714  60.24104603854923  -215.84679591806434  45.782947266677475  -127.8889798962468  -66.95696850180194  50.38726199179498  -25.952474229873403  51.52071706880882  -73.48302201587857  54.66739815430192  -29.36699600089669  -57.063581460862494  -96.07330174513707  57.63184156384168  19.091677411479807  -7.539130400354452  -8.863643763949824  35.73671003680968  65.94509155029361  -371.6372937736614  -211.49815541839536  -308.33707308846425  -2.1966138448628953  -204.25114523088456  -36.347574842577856  -15.024321481615246  12.106578733112684  -25.68443832670677  -192.67918527757718  -22.899701074835832  51.36346236013653  -64.57812441959838  
-184.37239058448614  -33.08165308032028  0.0  -107.07369680637144  -31.62818924049253  14.689991157067396  -3.4133395971964404  -94.07596202889754  -105.312557329455  25.96494390700289  1.734038897917813  6.937087068824496  11.08414505435671  -65.57491232300966  41.50688269111991  -56.853321256985524  -124.1821397083027  -19.344942310542564  -194.06222247125737  -85.4808126353959  16.115856789743816  -146.17234160035434  -65.37468416611803  -113.88789829423949  -169.2797450989641  -95.66305602068157  -22.203686648143744  24.83593338104034  -175.3503149752429  -152.99941436620162  -162.52286300116276  -11.86551221466857  -86.45182998694791  -6.554777319795633  23.991382920589864  -93.13493508907591  -325.94279005664794  -20.704373532088198  -27.437602081862877  -239.35475399436058  -127.8747093619135  9.677569632922044  -167.99040452354728  -32.832951556748725  -0.38714804778909695  -36.63160541857485  -20.14400134389261  -64.83183570721671  -74.068137351598  -230.04912037522894  -75.96899045823874  -16.083674118833926  -154.75481667975885  -174.02831323925926  -78.67187078284094  -35.48486915357468  -178.68062843747782  -39.260002310899296  -190.10362458370747  8.037492157019507  14.327339625015618  -237.45499076761723  -149.40749479196518  -45.12707157817543  24.93265766209762  -56.18837465645022  -34.60925238213366  -490.31265226223485  -9.817599451143138  27.15939295822895  -248.92844899838462  12.701294186357195  -160.97063297656706  -100.03862158212222  17.3056089114747  -59.03412731019368  18.43906398848854  -106.56467509619885  21.58574507398164  -62.44864908121697  -90.14523454118277  -129.15495482545737  24.550188483521403  -13.989975668840472  -40.62078348067473  -41.9452968442701  2.6550569564894033  32.86343846997333  -404.71894685398166  -244.57980849871564  -341.41872616878453  -35.278266925183175  -237.33279831120484  -69.42922792289814  -48.105974561935525  -20.975074347207595  -58.76609140702705  -225.76083835789746  -55.98135415515611  18.28180927981625  -97.65977749991866  
-77.29869377811471  73.99204372605116  107.07369680637144  0.0  75.44550756587891  121.76368796343884  103.660357209175  12.997734777473909  1.7611394769164406  133.03864071337432  108.80773570428926  114.01078387519594  118.15784186072815  41.49878448336179  148.58057949749136  50.22037554938592  -17.108442901931255  87.72875449582888  -86.98852566488594  21.592884170975537  123.18955359611526  -39.098644793982885  41.699012640253414  -6.814201487868047  -62.20604829259264  11.410640785689878  84.8700101582277  131.90963018741178  -68.27661816887144  -45.92571755983016  -55.44916619479133  95.20818459170287  20.62186681942353  100.51891948657581  131.0650797269613  13.938761717295534  -218.8690932502765  86.36932327428325  79.63609472450857  -132.28105718798915  -20.80101255554206  116.75126643929349  -60.91670771717585  74.24074524962272  106.68654875858235  70.4420913877966  86.92969546247883  42.24186109915473  33.00555945477345  -122.97542356885751  31.10470634813271  90.99002268753752  -47.68111987338739  -66.95461643288783  28.401826023530504  71.58882765279677  -71.60693163110636  67.81369449547215  -83.02992777733604  115.11118896339096  121.40103643138707  -130.3812939612458  -42.33379798559372  61.94662522819601  132.00635446846906  50.88532214992122  72.46444442423778  -383.23895545586345  97.2560973552283  134.23308976460038  -141.8547521920132  119.77499099272865  -53.89693617019563  7.035075224249226  124.37930571784614  48.03956949617776  125.51276079485999  0.5090217101725898  128.65944188035309  44.625047725154474  16.92846226518867  -22.081258019085908  131.62388528989285  93.08372113753097  66.45291332569671  65.12839996210134  109.72875376286085  139.93713527634478  -297.64525004761026  -137.5061116923442  -234.3450293624131  71.79542988118827  -130.2591015048334  37.64446888347331  58.96772224443592  86.09862245916385  48.307605399344396  -118.68714155152603  51.09234265121533  125.35550608618769  9.413919306452783  
-152.7442013439936  -1.453463839827748  31.62818924049253  -75.44550756587891  0.0  46.31818039755993  28.21484964329609  -62.447772788405004  -73.68436808896247  57.59313314749542  33.362228138410345  38.56527630931703  42.71233429484924  -33.946723082517124  73.13507193161244  -25.225132016492992  -92.55395046781017  12.283246929949968  -162.43403323076484  -53.852623394903375  47.74404603023635  -114.5441523598618  -33.7464949256255  -82.25970905374696  -137.65155585847157  -64.03486678018903  9.424502592348787  56.46412262153287  -143.72212573475036  -121.37122512570907  -130.89467376067023  19.76267702582396  -54.82364074645538  25.0734119206969  55.619572161082395  -61.50674584858338  -294.3146008161554  10.923815708404334  4.190587158629654  -207.72656475386805  -96.24652012142097  41.305758873414575  -136.36221528305475  -1.2047623162561933  31.241041192703435  -5.003416178082318  11.48418789659992  -33.20364646672418  -42.439948111105466  -198.4209311347364  -44.340801217746204  15.544515121658605  -123.1266274392663  -142.40012399876673  -47.04368154234841  -3.8566799130821465  -147.0524391969853  -7.631813070406764  -158.47543534321494  39.66568139751204  45.95552886550815  -205.8268015271247  -117.77930555147263  -13.4988823376829  56.56084690259015  -24.56018541595769  -2.9810631416411297  -458.6844630217423  21.810589789349393  58.78758219872148  -217.3002597578921  44.32948342684973  -129.34244373607453  -68.41043234162969  48.93379815196723  -27.40593806970115  50.06725322898107  -74.93648585570632  53.21393431447417  -30.82045984072444  -58.51704530069024  -97.52676558496482  56.178377724013934  17.63821357165206  -8.9925942401822  -10.317107603777572  34.283246196981935  64.49162771046586  -373.09075761348913  -212.9516192582231  -309.790536928292  -3.6500776846906433  -205.7046090707123  -37.801038682405604  -16.477785321442994  10.653114893284936  -27.137902166534516  -194.13264911740492  -24.35316491466358  49.90999852030878  -66.03158825942613  
-199.06238174155357  -47.771644237387676  -14.689991157067396  -121.76368796343884  -46.31818039755993  0.0  -18.103330754263837  -108.76595318596493  -120.0025484865224  11.274952749935494  -12.955952259149583  -7.7529040882429  -3.605846102710686  -80.26490348007705  26.816891534052516  -71.54331241405292  -138.87213086537008  -34.03493346760996  -208.7522136283248  -100.1708037924633  1.4258656326764196  -160.8623327574217  -80.06467532318543  -128.57788945130687  -183.96973625603147  -110.35304717774896  -36.89367780521114  10.145942223972945  -190.04030613231026  -167.689405523269  -177.2128541582302  -26.555503371735966  -101.14182114401531  -21.24476847686303  9.301391763522467  -107.8249262461433  -340.63278121371536  -35.394364689155594  -42.127593238930274  -254.044745151428  -142.56470051898089  -5.012421524145353  -182.6803956806147  -47.52294271381612  -15.077139204856493  -51.321596575642246  -34.83399250096001  -79.52182686428411  -88.7581285086654  -244.73911153229636  -90.65898161530613  -30.773665275901323  -169.44480783682621  -188.7183043963267  -93.36186193990834  -50.174860310642075  -193.3706195945452  -53.94999346796669  -204.7936157407749  -6.652499000047889  -0.36265153205177825  -252.14498192468466  -164.09748594903255  -59.81706273524283  10.242666505030222  -70.87836581351762  -49.29924353920106  -505.0026434193023  -24.507590608210535  12.469401801161553  -263.61844015545205  -1.9886969707102011  -175.66062413363449  -114.72861273918961  2.615617754407303  -73.72411846726108  3.7490728314211452  -121.25466625326625  6.895753916914245  -77.13864023828437  -104.83522569825017  -143.84494598252473  9.860197326454006  -28.67996682590787  -55.31077463774213  -56.6352880013375  -12.034934200577993  18.173447312905935  -419.4089380110491  -259.26979965578306  -356.10871732585196  -49.96825808225057  -252.02278946827226  -84.11921907996553  -62.79596571900292  -35.66506550427499  -73.45608256409444  -240.45082951496488  -70.67134531222351  3.5918181227488546  -112.34976865698606  
-180.95905098728971  -29.66831348312384  3.4133395971964404  -103.660357209175  -28.21484964329609  18.103330754263837  0.0  -90.6626224317011  -101.89921773225856  29.37828350419933  5.147378495114253  10.350426666020937  14.497484651553151  -62.161572725813215  44.92022228831635  -53.43998165978908  -120.76880011110626  -15.931602713346123  -190.64888287406094  -82.06747303819947  19.529196386940257  -142.7590020031579  -61.96134456892159  -110.47455869704305  -165.86640550176764  -92.24971642348513  -18.790347050947304  28.24927297823678  -171.93697537804644  -149.58607476900517  -159.10952340396634  -8.45217261747213  -83.03849038975147  -3.1414377225991927  27.404722517786304  -89.72159549187947  -322.5294504594515  -17.291033934891757  -24.024262484666437  -235.94141439716415  -124.46136976471706  13.090909230118484  -164.57706492635086  -29.419611959552284  3.0261915494073435  -33.21826582137841  -16.73066174669617  -61.41849611002027  -70.65479775440156  -226.6357807780325  -72.5556508610423  -12.670334521637486  -151.3414770825624  -170.61497364206284  -75.2585311856445  -32.07152955637824  -175.26728884028137  -35.846662713702855  -186.69028498651105  11.450831754215947  17.74067922221206  -234.0416511704208  -145.99415519476872  -41.71373198097899  28.34599725929406  -52.77503505925378  -31.19591278493722  -486.89931266503845  -6.404259853946698  30.57273255542539  -245.5151094011882  16.114633783553636  -157.55729337937063  -96.62528198492578  20.71894850867114  -55.62078771299724  21.852403585684982  -103.15133549900241  24.999084671178082  -59.03530948402053  -86.73189494398633  -125.74161522826091  27.963528080717843  -10.576636071644032  -37.20744388347829  -38.53195724707366  6.068396553685844  36.27677806716977  -401.30560725678527  -241.1664689015192  -338.00538657158813  -31.864927327986734  -233.9194587140084  -66.0158883257017  -44.692634964739085  -17.561734750011155  -55.35275180983061  -222.34749876070103  -52.56801455795967  21.69514887701269  -94.24643790272222  
-90.29642855558862  60.994308948577256  94.07596202889754  -12.997734777473909  62.447772788405004  108.76595318596493  90.6626224317011  0.0  -11.236595300557468  120.04090593590043  95.81000092681535  101.01304909772203  105.16010708325425  28.50104970588788  135.58284472001745  37.22264077191201  -30.106177679405164  74.73101971835497  -99.98626044235985  8.595149393501629  110.19181881864135  -52.096379571456794  28.701277862779506  -19.811936265341956  -75.20378307006655  -1.5870939917840303  71.87227538075379  118.91189540993787  -81.27435294634535  -58.92345233730407  -68.44690097226524  82.21044981422897  7.624132041949622  87.5211847091019  118.06734494948739  0.9410269398216258  -231.86682802775042  73.37158849680934  66.63835994703466  -145.27879196546306  -33.79874733301597  103.75353166181958  -73.91444249464976  61.24301047214881  93.68881398110844  57.444356610322686  73.93196068500492  29.244126321680824  20.00782467729954  -135.97315834633142  18.1069715706588  77.99228791006361  -60.6788546508613  -79.95235121036174  15.404091246056595  58.59109287532286  -84.60466640858027  54.81595971799824  -96.02766255480995  102.11345418591705  108.40330165391316  -143.3790287387197  -55.33153276306763  48.948890450722104  119.00861969099515  37.887587372447314  59.466709646763874  -396.2366902333373  84.2583625777544  121.23535498712648  -154.8524869694871  106.77725621525474  -66.89467094766954  -5.962659553224682  111.38157094037223  35.04183471870385  112.51502601738608  -12.488713067301319  115.66170710287918  31.627312947680565  3.930727487714762  -35.07899279655982  118.62615051241895  80.08598636005706  53.455178548222804  52.13066518462743  96.73101898538694  126.93940049887087  -310.6429848250841  -150.50384646981811  -247.342764139887  58.79769510371436  -143.25683628230732  24.6467341059994  45.96998746696201  73.10088768168994  35.30987062187049  -131.68487632899993  38.094607873741424  112.35777130871378  -3.5838154710211256  
-79.05983325503115  72.23090424913472  105.312557329455  -1.7611394769164406  73.68436808896247  120.0025484865224  101.89921773225856  11.236595300557468  0.0  131.2775012364579  107.04659622737282  112.2496443982795  116.39670238381171  39.73764500644535  146.81944002057492  48.45923607246948  -18.869582378847696  85.96761501891244  -88.74966514180238  19.831744694059097  121.42841411919882  -40.859784270899326  39.937873163336974  -8.575340964784488  -63.96718776950908  9.649501308773438  83.10887068131126  130.14849071049534  -70.03775764578788  -47.6868570367466  -57.21030567170777  93.44704511478643  18.86072734250709  98.75778000965937  129.30394025004486  12.177622240379094  -220.63023272719295  84.6081837973668  77.87495524759213  -134.0421966649056  -22.5621520324585  114.99012696237705  -62.677847194092294  72.47960577270628  104.9254092816659  68.68095191088015  85.16855598556239  40.48072162223829  31.244419977857007  -124.73656304577395  29.343566871216268  89.22888321062108  -49.44225935030383  -68.71575590980427  26.640686546614063  69.82768817588033  -73.3680711080228  66.05255501855571  -84.79106725425248  113.35004948647452  119.63989695447063  -132.14243343816224  -44.09493746251016  60.18548575127957  130.24521499155261  49.12418267300478  70.70330494732134  -385.00009493277986  95.49495787831187  132.47195028768397  -143.61589166892963  118.0138515158122  -55.65807564711207  5.273935747332786  122.6181662409297  46.27843001926132  123.75162131794355  -1.2521177667438508  126.89830240343665  42.86390824823803  15.16732278827223  -23.84239749600235  129.8627458129764  91.32258166061453  64.69177384878027  63.3672604851849  107.9676142859444  138.17599579942834  -299.4063895245267  -139.26725116926065  -236.10616883932954  70.03429040427183  -132.02024098174985  35.88332940655687  57.20658276751948  84.33748298224741  46.546465922427956  -120.44828102844247  49.33120317429889  123.59436660927125  7.6527798295363425  
-210.33733449148906  -59.04659698732317  -25.96494390700289  -133.03864071337432  -57.59313314749542  -11.274952749935494  -29.37828350419933  -120.04090593590043  -131.2775012364579  0.0  -24.230905009085077  -19.027856838178394  -14.88079885264618  -91.53985623001255  15.541938784117022  -82.81826516398841  -150.14708361530558  -45.309886217545454  -220.0271663782603  -111.4457565423988  -9.849087117259074  -172.1372855073572  -91.33962807312092  -139.85284220124237  -195.24468900596696  -121.62799992768446  -48.168630555146635  -1.1290105259625491  -201.31525888224576  -178.96435827320448  -188.48780690816568  -37.83045612167146  -112.4167738939508  -32.519721226798524  -1.9735609864130268  -119.0998789960788  -351.90773396365086  -46.66931743909109  -53.40254598886577  -265.3196979013635  -153.83965326891638  -16.287374274080847  -193.9553484305502  -58.797895463751615  -26.352091954791987  -62.59654932557774  -46.1089452508955  -90.7967796142196  -100.03308125860089  -256.01406428223186  -101.93393436524163  -42.04861802583682  -180.7197605867617  -199.99325714626218  -104.63681468984383  -61.44981306057757  -204.64557234448068  -65.22494621790219  -216.0685684907104  -17.927451749983383  -11.637604281987272  -263.41993467462015  -175.37243869896804  -71.09201548517832  -1.032286244905272  -82.15331856345311  -60.57419628913655  -516.2775961692378  -35.78254335814603  1.1944490512260586  -274.89339290538754  -13.263649720645695  -186.93557688356998  -126.00356548912511  -8.65933499552819  -84.99907121719657  -7.525879918514349  -132.52961900320173  -4.379198833021249  -88.41359298821986  -116.11017844818566  -155.11989873246023  -1.4147554234814876  -39.95491957584336  -66.58572738767762  -67.910240751273  -23.309886950513487  6.898494562970441  -430.6838907609846  -270.54475240571855  -367.38367007578745  -61.243210832186065  -263.29774221820776  -95.39417182990103  -74.07091846893842  -46.940018254210486  -84.73103531402994  -251.72578226490037  -81.946298062159  -7.683134627186639  -123.62472140692155  
-186.10642948240397  -34.81569197823809  -1.734038897917813  -108.80773570428926  -33.362228138410345  12.955952259149583  -5.147378495114253  -95.81000092681535  -107.04659622737282  24.230905009085077  0.0  5.203048170906683  9.350106156438898  -67.30895122092747  39.7728437932021  -58.58736015490334  -125.91617860622051  -21.078981208460377  -195.7962613691752  -87.21485153331372  14.381817891826003  -147.90638049827214  -67.10872306403584  -115.6219371921573  -171.0137839968819  -97.39709491859938  -23.937725546061557  23.10189448312253  -177.0843538731607  -154.73345326411942  -164.2569018990806  -13.599551112586383  -88.18586888486573  -8.288816217713446  22.25734402267205  -94.86897398699372  -327.67682895456574  -22.43841243000601  -29.17164097978069  -241.0887928922784  -129.60874825983132  7.943530735004231  -169.7244434214651  -34.56699045466654  -2.12118694570691  -38.36564431649266  -21.878040241810425  -66.56587460513452  -75.80217624951581  -231.78315927314677  -77.70302935615655  -17.81771301675174  -156.48885557767665  -175.7623521371771  -80.40590968075875  -37.21890805149249  -180.41466733539562  -40.99404120881711  -191.8376634816253  6.303453259101694  12.593300727097805  -239.18902966553506  -151.14153368988298  -46.861110476093245  23.198618764179805  -57.922413554368035  -36.343291280051474  -492.0466911601527  -11.551638349060951  25.425354060311136  -250.66248789630245  10.967255288439382  -162.7046718744849  -101.77266048004003  15.571570013556887  -60.768166208111495  16.70502509057073  -108.29871399411667  19.85170617606383  -64.18268797913478  -91.87927343910059  -130.88899372337517  22.81614958560359  -15.724014566758285  -42.354822378592544  -43.67933574218792  0.9210180585715904  31.12939957205552  -406.4529857518995  -246.31384739663346  -343.1527650667024  -37.01230582310099  -239.06683720912267  -71.16326682081595  -49.84001345985334  -22.70911324512541  -60.50013030494486  -227.49487725581528  -57.715393053073925  16.547770381898438  -99.39381639783647  
-191.30947765331064  -40.018740149144776  -6.937087068824496  -114.01078387519594  -38.56527630931703  7.7529040882429  -10.350426666020937  -101.01304909772203  -112.2496443982795  19.027856838178394  -5.203048170906683  0.0  4.147057985532214  -72.51199939183415  34.569795622295416  -63.79040832581002  -131.1192267771272  -26.28202937936706  -200.99930954008187  -92.4178997042204  9.17876972091932  -153.10942866917884  -72.31177123494253  -120.82498536306399  -176.2168321677886  -102.60014308950606  -29.14077371696824  17.898846312215845  -182.2874020440674  -159.93650143502612  -169.45995006998726  -18.802599283493066  -93.38891705577241  -13.49186438862013  17.054295851765367  -100.0720221579004  -332.87987712547243  -27.641460600912694  -34.374689150687374  -246.29184106318507  -134.811796430738  2.7404825640975474  -174.92749159237178  -39.77003862557322  -7.324235116613593  -43.568692487399346  -27.081088412717108  -71.76892277604121  -81.0052244204225  -236.98620744405343  -82.90607752706323  -23.020761187658422  -161.69190374858334  -180.96540030808376  -85.60895785166544  -42.421956222399174  -185.61771550630232  -46.19708937972379  -197.04071165253197  1.1004050881950107  7.390252556191122  -244.39207783644173  -156.34458186078967  -52.06415864699993  17.995570593273122  -63.12546172527472  -41.54633945095816  -497.24973933105935  -16.754686519967635  20.222305889404453  -255.86553606720912  5.764207117532699  -167.90772004539156  -106.97570865094671  10.368521842650203  -65.97121437901818  11.501976919664045  -113.50176216502335  14.648658005157145  -69.38573615004147  -97.08232161000727  -136.09204189428186  17.613101414696906  -20.92706273766497  -47.55787054949923  -48.8823839130946  -4.282030112335093  25.926351401148835  -411.65603392280616  -251.51689556754013  -348.355813237609  -42.21535399400767  -244.26988538002934  -76.36631499172263  -55.04306163076002  -27.91216141603209  -65.70317847585154  -232.69792542672195  -62.91844122398061  11.344722210991755  -104.59686456874316  
-195.45653563884287  -44.16579813467699  -11.08414505435671  -118.15784186072815  -42.71233429484924  3.605846102710686  -14.497484651553151  -105.16010708325425  -116.39670238381171  14.88079885264618  -9.350106156438898  -4.147057985532214  0.0  -76.65905737736637  30.422737636763202  -67.93746631134223  -135.2662847626594  -30.429087364899274  -205.1463675256141  -96.56495768975262  5.0317117353871055  -157.25648665471104  -76.45882922047474  -124.9720433485962  -180.3638901533208  -106.74720107503828  -33.287831702500455  13.75178832668363  -186.4344600295996  -164.08355942055832  -173.6070080555195  -22.94965726902528  -97.53597504130462  -17.638922374152344  12.907237866233153  -104.21908014343262  -337.02693511100466  -31.78851858644491  -38.52174713621959  -250.4388990487173  -138.9588544162702  -1.4065754214346669  -179.074549577904  -43.917096611105435  -11.471293102145808  -47.71575047293156  -31.228146398249322  -75.91598076157342  -85.15228240595471  -241.13326542958566  -87.05313551259545  -27.167819173190637  -165.83896173411554  -185.112458293616  -89.75601583719765  -46.56901420793139  -189.76477349183452  -50.344147365256006  -201.1877696380642  -3.0466528973372036  3.2431945706589076  -248.53913582197396  -160.49163984632187  -56.21121663253214  13.848512607740908  -67.27251971080693  -45.69339743649037  -501.3967973165916  -20.90174450549985  16.07524790387224  -260.01259405274135  1.6171491320004847  -172.05477803092379  -111.12276663647893  6.221463857117989  -70.11827236455039  7.354918934131831  -117.64882015055557  10.50160001962493  -73.53279413557368  -101.22937959553948  -140.23909987981406  13.466043429164692  -25.074120723197183  -51.70492853503144  -53.029441898626814  -8.429088097867307  21.77929341561662  -415.8030919083384  -255.66395355307236  -352.50287122314126  -46.362411979539885  -248.41694336556156  -80.51337297725485  -59.190119616292236  -32.059219401564306  -69.85023646138376  -236.84498341225418  -67.06549920951282  7.19766422545954  -108.74392255427537  
-118.7974782614765  32.493259242689376  65.57491232300966  -41.49878448336179  33.946723082517124  80.26490348007705  62.161572725813215  -28.50104970588788  -39.73764500644535  91.53985623001255  67.30895122092747  72.51199939183415  76.65905737736637  0.0  107.08179501412957  8.721591066024132  -58.607227385293044  46.22997001246709  -128.48731014824773  -19.90590031238625  81.69076911275347  -80.59742927734467  0.20022815689162599  -48.312985971229836  -103.70483277595443  -30.08814369767191  43.37122567486591  90.41084570404999  -109.77540265223323  -87.42450204319195  -96.94795067815312  53.709400108341086  -20.876917663938258  59.02013500321402  89.56629524359951  -27.560022766066254  -260.3678777336383  44.87053879092146  38.13731024114678  -173.77984167135094  -62.29979703890385  75.2524819559317  -102.41549220053764  32.74196076626093  65.18776427522056  28.943306904434806  45.430910979117044  0.743076615792944  -8.493225028588341  -164.4742080522193  -10.39407813522908  49.49123820417573  -89.17990435674918  -108.45340091624962  -13.096958459831285  30.090043169434978  -113.10571611446815  26.31491001211036  -124.52871226069783  73.61240448002917  79.90225194802528  -171.8800784446076  -83.83258246895551  20.447840744834224  90.50756998510727  9.386537666559434  30.965659940875994  -424.7377399392252  55.75731287186652  92.7343052812386  -183.35353667537498  78.27620650936686  -95.39572065355742  -34.46370925911256  82.88052123448435  6.540785012815974  84.0139763114982  -40.9897627731892  87.1606573969913  3.126263241792685  -24.570322218173118  -63.5800425024477  90.12510080653107  51.584936654169184  24.954128842334924  23.629615478739552  68.22996927949906  98.43835079298299  -339.144034530972  -179.004896175706  -275.8438138457749  30.29664539782648  -171.7578859881952  -3.85431559988848  17.46893776107413  44.59983797580206  6.808820915982608  -160.1859260348878  9.593558167853544  83.8567216028259  -32.084865176909005  
-225.87927327560607  -74.58853577144019  -41.50688269111991  -148.58057949749136  -73.13507193161244  -26.816891534052516  -44.92022228831635  -135.58284472001745  -146.81944002057492  -15.541938784117022  -39.7728437932021  -34.569795622295416  -30.422737636763202  -107.08179501412957  0.0  -98.36020394810544  -165.6890223994226  -60.851825001662476  -235.5691051623773  -126.98769532651582  -25.391025901376096  -187.67922429147424  -106.88156685723794  -155.3947809853594  -210.786627790084  -137.16993871180148  -63.71056933926366  -16.67094931007957  -216.8571976663628  -194.50629705732152  -204.0297456922827  -53.37239490578848  -127.95871267806783  -48.061660010915546  -17.51549977053005  -134.64181778019582  -367.44967274776786  -62.21125622320811  -68.94448477298279  -280.8616366854805  -169.38159205303342  -31.82931305819787  -209.4972872146672  -74.33983424786864  -41.89403073890901  -78.13848810969476  -61.650884035012524  -106.33871839833662  -115.57502004271791  -271.55600306634886  -117.47587314935865  -57.59055680995384  -196.26169937087874  -215.5351959303792  -120.17875347396085  -76.99175184469459  -220.18751112859772  -80.76688500201921  -231.6105072748274  -33.469390534100405  -27.179543066104294  -278.96187345873716  -190.91437748308508  -86.63395426929534  -16.574225029022294  -97.69525734757013  -76.11613507325357  -531.8195349533548  -51.32448214226305  -14.347489732890963  -290.43533168950455  -28.805588504762717  -202.477515667687  -141.54550427324213  -24.201273779645213  -100.5410100013136  -23.06781870263137  -148.07155778731877  -19.92113761713827  -103.95553177233688  -131.6521172323027  -170.66183751657726  -16.95669420759851  -55.496858359960385  -82.12766617179464  -83.45217953539002  -38.85182573463051  -8.64344422114658  -446.2258295451016  -286.08669118983556  -382.92560885990446  -76.78514961630309  -278.83968100232477  -110.93611061401805  -89.61285725305544  -62.48195703832751  -100.27297409814696  -267.2677210490174  -97.48823684627602  -23.22507341130366  -139.16666019103857  
-127.51906932750063  23.771668176665244  56.853321256985524  -50.22037554938592  25.225132016492992  71.54331241405292  53.43998165978908  -37.22264077191201  -48.45923607246948  82.81826516398841  58.58736015490334  63.79040832581002  67.93746631134223  -8.721591066024132  98.36020394810544  0.0  -67.32881845131718  37.50837894644296  -137.20890121427186  -28.627491378410383  72.96917804672934  -89.3190203433688  -8.521362909132506  -57.03457703725397  -112.42642384197856  -38.80973476369604  34.64963460884178  81.68925463802586  -118.49699371825736  -96.14609310921608  -105.66954174417725  44.987809042316954  -29.59850872996239  50.29854393718989  80.84470417757538  -36.281613832090386  -269.0894687996624  36.148947724897326  29.415719175122646  -182.50143273737507  -71.02138810492798  66.53089088990757  -111.13708326656177  24.0203697002368  56.46617320919643  20.221715838410674  36.70931991309291  -7.978514450231188  -17.214816094612473  -173.19579911824343  -19.115669201253212  40.7696471381516  -97.90149542277331  -117.17499198227375  -21.818549525855417  21.368452103410846  -121.82730718049228  17.593318946086228  -133.25030332672196  64.89081341400504  71.18066088200115  -180.60166951063172  -92.55417353497964  11.726249678810092  81.78597891908313  0.664946600535302  22.244068874851862  -433.45933100524934  47.035721805842385  84.01271421521447  -192.07512774139911  69.55461544334273  -104.11731171958155  -43.185300325136694  74.15893016846022  -2.1808060532081583  75.29238524547407  -49.71135383921333  78.43906633096717  -5.595327824231447  -33.29191328419725  -72.30163356847183  81.40350974050693  42.86334558814505  16.232537776310792  14.90802441271542  59.50837821347493  89.71675972695886  -347.86562559699615  -187.72648724173013  -284.565404911799  21.57505433180235  -180.47947705421933  -12.575906665912612  8.747346695049998  35.87824690977793  -1.9127701500415242  -168.90751710091195  0.8719671018294122  75.13513053680177  -40.80645624293314  
-60.190250876183455  91.10048662798242  124.1821397083027  17.108442901931255  92.55395046781017  138.87213086537008  120.76880011110626  30.106177679405164  18.869582378847696  150.14708361530558  125.91617860622051  131.1192267771272  135.2662847626594  58.607227385293044  165.6890223994226  67.32881845131718  0.0  104.83719739776014  -69.88008276295469  38.70132707290679  140.29799649804653  -21.99020189205163  58.80745554218467  10.294241414063208  -45.097605390661386  28.519083687621134  101.97845306015896  149.01807308934303  -51.16817526694018  -28.817274657898906  -38.340723292860076  112.31662749363413  37.730309721354786  117.62736238850707  148.17352262889256  31.04720461922679  -201.76065034834525  103.4777661762145  96.74453762643982  -115.1726142860579  -3.6925696536108035  133.85970934122474  -43.8082648152446  91.34918815155397  123.7949916605136  87.55053428972785  104.03813836441009  59.35030400108599  50.1140023567047  -105.86698066692625  48.213149250063964  108.09846558946877  -30.572676971456133  -49.84617353095658  45.51026892546176  88.69727055472802  -54.49848872917511  84.9221373974034  -65.92148487540479  132.2196318653222  138.50947933331832  -113.27285105931455  -25.225355083662464  79.05506813012727  149.1147973704003  67.99376505185248  89.57288732616904  -366.13051255393214  114.36454025715956  151.34153266653163  -124.74630929008194  136.8834338946599  -36.788493268264375  24.14351812618048  141.4877486197774  65.14801239810902  142.62120369679124  17.617464612103845  145.76788478228434  61.73349062708573  34.036905167119926  -4.972815117154653  148.7323281918241  110.19216403946223  83.56135622762797  82.2368428640326  126.8371966647921  157.04557817827603  -280.53680714567895  -120.39766879041295  -217.23658646048185  88.90387278311952  -113.15065860290215  54.752911785404564  76.07616514636717  103.2070653610951  65.41604830127565  -101.57869864959477  68.20078555314659  142.46394898811894  26.52236220838404  
-165.0274482739436  -13.736710769777716  19.344942310542564  -87.72875449582888  -12.283246929949968  34.03493346760996  15.931602713346123  -74.73101971835497  -85.96761501891244  45.309886217545454  21.078981208460377  26.28202937936706  30.429087364899274  -46.22997001246709  60.851825001662476  -37.50837894644296  -104.83719739776014  0.0  -174.71728016071484  -66.13587032485334  35.46079910028638  -126.82739928981177  -46.029741855575466  -94.54295598369693  -149.9348027884215  -76.318113710139  -2.8587443376011805  44.180875691582905  -156.0053726647003  -133.65447205565903  -143.17792069062023  7.479430095873994  -67.10688767640535  12.79016499074693  43.33632523113243  -73.78999277853335  -306.5978477461054  -1.3594312215456341  -8.092659771320314  -220.00981168381804  -108.52976705137094  29.022511943464607  -148.64546221300475  -13.488009246206161  18.957794262753467  -17.286663108032286  -0.7990590333500478  -45.48689339667415  -54.72319504105543  -210.7041780646864  -56.62404814769617  3.2612681917086377  -135.40987436921625  -154.68337092871673  -59.32692847229838  -16.139926843032114  -159.33568612693523  -19.915060000356732  -170.75868227316494  27.38243446756207  33.67228193555818  -218.1100484570747  -130.06255248142259  -25.782129267632868  44.27759997264018  -36.84343234590766  -15.264310071591098  -470.9677099516923  9.527342859399425  46.50433526877151  -229.5835066878421  32.04623649689976  -141.62569066602452  -80.69367927157965  36.65055122201726  -39.68918499965112  37.784006299031105  -87.21973278565629  40.930687384524205  -43.10370677067441  -70.80029223064021  -109.81001251491479  43.89513079406397  5.354966641702092  -21.275841170132168  -22.60035453372754  21.999999267031967  52.208380780515895  -385.3740045434391  -225.2348661881731  -322.073783858242  -15.933324614640611  -217.9878560006623  -50.08428561235557  -28.76103225139296  -1.6301320366650316  -39.421149096484484  -206.41589604735492  -36.63641184461355  37.626751590358815  -78.3148351893761  
