Height_Data

node	height
0	180.81572477406306
1	34.151464694922105
2	111.48251273670947
3	104.79667027655276
4	132.31220684153652
5	106.13621971648543
6	49.65159481791486
7	27.863292760758835
8	131.51424669534475
9	94.27847019209152
10	120.9243498118366
11	63.13349661615849
12	379.75706467162286
13	224.25342005569505
14	219.21873431074218
15	53.76708670304319
16	156.80416539630977
17	20.550304129278935
18	183.1931746985696
19	39.63112381974321
20	57.07050272954091
21	110.95119675342816
22	123.7589819996917
23	303.2517036347945
24	74.93683044984607
25	109.98893312728885
26	154.89857585165066
27	187.25759319849413
28	255.77359058607428
29	48.03995555932766
30	60.86134785879133
31	144.71633553242816
32	378.1163888603872
33	236.84330710185867
34	156.6179727548881
35	83.20087503639651
36	387.2114704916493
37	116.36464938901142
38	241.21978635408001
39	66.10338776224101
40	326.8889710952953
41	97.32485880709712
42	103.47780246049042
43	50.820376564350184
44	231.13973511864904
45	116.40044379294741
46	142.4284821415573
47	141.11599016326866
48	63.603407120854754
49	57.97659405310501
50	471.1223248262571
51	93.04804316628643
52	81.62060899628794
53	66.81796115713772
54	69.53025592134242
55	189.34406388461156
56	176.14285268936626
57	145.83635206749264
58	321.3473754580997
59	151.94909351009366
60	94.41500046588456
61	195.73687426101964
62	111.4477953370283
63	240.21270189570012
64	118.86360484973292
65	411.05155365244974
66	92.87611885328465
67	145.92335166930837
68	236.3803690219553
69	110.22227634965901
70	391.38176661706143
71	60.507357964678135
72	87.99748445535712
73	146.99865090159165
74	229.9476718750919
75	68.88587256868611
76	221.98880083174583
77	62.27398561471237
78	352.81198301999996
79	201.5396905851729
80	117.44300726580046
81	40.302631716935046
82	184.31919868087115
83	40.38299167573795
84	116.79881658660688
85	32.722387381623264
86	111.59145498023167
87	197.53918150585338
88	197.65511561570221
89	189.35619898697578
90	373.06940232555553
91	325.8443246298869
92	101.0865324114285
93	188.13076408590194
94	203.08613756782714
95	146.48831484659587
96	180.18537038166681
97	92.543547061382
98	99.5972012803351
99	369.76079990319585
100	64.10308917198725



height_matrix
0.0  293.3285201582819  138.66642407470718  152.0381089950206  97.00703586505307  149.35901011515526  262.3282599122964  305.90486402660844  98.60295615743661  173.07450916394308  119.7827499244529  235.36445631580915  -397.8826797951196  -86.87539056326398  -76.80601907335824  254.09727614203973  48.02311875550657  320.53084128956823  -4.7548998490131  282.3692019086397  247.49044408904427  139.72905604126979  114.11348554874272  -244.87195772146293  211.75778864843397  141.65358329354842  51.83429784482479  -12.883736848862156  -149.91573162402244  265.5515384294708  239.90875383054345  72.19877848326979  -394.60132817264827  -112.05516465559123  48.39550403834994  195.2296994753331  -412.79149143517253  128.90215077010328  -120.80812316003392  229.4246740236441  -292.14649264246447  166.98173193393188  154.67584462714527  259.9906964194257  -100.64802068917197  128.8305619622313  76.77448526501149  79.39946922158879  234.4246353064166  245.6782614419161  -580.6132001043882  175.53536321555325  198.39023155555023  227.99552723385068  222.57093770544128  -17.056678221097002  9.345744169393583  69.95874541314083  -281.06330136807327  57.73326252793879  172.801448616357  -29.84229897391316  138.73585887406952  -118.79395424327413  123.90423984866027  -460.47165775677337  175.8792118415568  69.78474620950936  -111.12928849578446  141.1868968488081  -421.13208368599675  240.61673361876984  185.63648063741186  67.63414774494282  -98.26389420205771  223.8597044107539  -82.34615211536556  237.08347831870137  -343.9925164918738  -41.4479316222197  126.74543501652519  281.026186114256  -7.006947813616193  280.86546619665023  128.03381637491236  296.1866747848796  138.44853958766276  -33.44691346358064  -33.67878168327832  -17.080948425825454  -384.50735510298495  -290.0571997116477  159.45838472526913  -14.630078623677775  -44.54082558752816  68.65481985493437  1.2607087847924845  176.5443554253621  162.43704698745591  -377.8901502582656  233.4252712041516  
-293.3285201582819  0.0  -154.66209608357474  -141.2904111632613  -196.32148429322882  -143.96951004312666  -31.000260245985515  12.57634386832654  -194.72556400084528  -120.25401099433883  -173.545770233829  -57.96406384247277  -691.2111999534015  -380.20391072154587  -370.13453923164013  -39.23124401624217  -245.30540140277532  27.20232113128634  -298.083420007295  -10.959318249642209  -45.838076069237616  -153.59946411701213  -179.2150346095392  -538.2004778797449  -81.57073150984793  -151.67493686473347  -241.4942223134571  -306.21225700714405  -443.24425178230433  -27.77698172881111  -53.41976632773846  -221.1297416750121  -687.9298483309302  -405.3836848138731  -244.93301611993195  -98.09882068294881  -706.1200115934545  -164.4263693881786  -414.1366433183158  -63.90384613463782  -585.4750128007464  -126.34678822435002  -138.65267553113665  -33.33782373885616  -393.97654084745386  -164.4979581960506  -216.5540348932704  -213.9290509366931  -58.9038848518653  -47.65025871636581  -873.9417202626701  -117.79315694272866  -94.93828860273167  -65.33299292443122  -70.75758245284062  -310.3851983793789  -283.9827759888883  -223.36977474514106  -574.3918215263552  -235.5952576303431  -120.52707154192491  -323.17081913219505  -154.5926612842124  -412.122474401556  -169.42428030962162  -753.8001779150553  -117.4493083167251  -223.54377394877253  -404.45780865406635  -152.1416233094738  -714.4606038442787  -52.71178653951206  -107.69203952087004  -225.69437241333907  -391.5924143603396  -69.46881574752801  -375.67467227364745  -56.24504183958054  -637.3210366501557  -334.7764517805016  -166.58308514175673  -12.302334044025883  -300.3354679718981  -12.463053961631687  -165.29470378336953  2.858154626597681  -154.87998057061913  -326.77543362186253  -327.0073018415602  -310.40946858410734  -677.8358752612669  -583.3857198699296  -133.87013543301276  -307.95859878195967  -337.86934574581005  -224.67370030334752  -292.0678113734894  -116.78416473291979  -130.89147317082598  -671.2186704165475  -59.90324895413029  
-138.66642407470718  154.66209608357474  0.0  13.371684920313413  -41.65938820965411  10.692586040448077  123.66183583758921  167.23843995190126  -40.06346791727057  34.4080850892359  -18.88367415025428  96.69803224110196  -536.5491038698268  -225.54181463797116  -215.47244314806542  115.43085206733255  -90.6433053192006  181.86441721486108  -143.42132392372028  143.70277783393252  108.82402001433711  1.0626319665626056  -24.552938525964464  -383.53838179617014  73.09136457372679  2.987159218841242  -86.83212622988239  -151.55016092356934  -288.5821556987296  126.88511435476362  101.24232975583627  -66.46764559143739  -533.2677522473555  -250.7215887302984  -90.27092003635724  56.56327540062591  -551.4579155098797  -9.764273304603904  -259.47454723474107  90.7582499489369  -430.8129167171717  28.315307859224703  16.009420552438087  121.32427234471857  -239.31444476387915  -9.835862112475894  -61.89193880969569  -59.26695485311839  95.75821123170942  107.01183736720891  -719.2796241790953  36.86893914084607  59.72380748084305  89.3291031591435  83.9045136307341  -155.72310229580418  -129.3206799053136  -68.70767866156635  -419.7297254427805  -80.93316154676839  34.13502454164981  -168.50872304862034  0.06943479936234098  -257.4603783179813  -14.762184226046912  -599.1380818314806  37.21278776684963  -68.88167786519782  -249.79571257049165  2.5204727741009094  -559.798507760704  101.95030954406266  46.970056562704684  -71.03227632976436  -236.9303182767649  85.19328033604671  -221.01257619007274  98.41705424399419  -482.658940566581  -180.11435569692688  -11.920989058181988  142.35976203954885  -145.67337188832337  142.19904212194302  -10.632607699794818  157.5202507101724  -0.2178844870444152  -172.11333753828782  -172.3452057579855  -155.74737250053263  -523.1737791776922  -428.7236237863549  20.791960650561947  -153.29650269838496  -183.20724966223534  -70.0116042197728  -137.4057152899147  37.87793135065493  23.770622912748735  -516.5565743329728  94.75884712944443  
-152.0381089950206  141.2904111632613  -13.371684920313413  0.0  -55.031073129967524  -2.679098879865336  110.2901509172758  153.86675503158784  -53.435152837583985  21.036400168922484  -32.25535907056769  83.32634732078854  -549.9207887901403  -238.91349955828457  -228.84412806837884  102.05916714701914  -104.01499023951402  168.49273229454764  -156.7930088440337  130.3310929136191  95.4523350940237  -12.309052953750808  -37.92462344627788  -396.9100667164835  59.71967965341338  -10.384525701472171  -100.2038111501958  -164.92184584388275  -301.95384061904304  113.5134294344502  87.87064483552285  -79.8393305117508  -546.6394371676688  -264.0932736506118  -103.64260495667065  43.1915904803125  -564.8296004301931  -23.135958224917317  -272.8462321550545  77.3865650286235  -444.18460163748506  14.94362293891129  2.6377356321246737  107.95258742440515  -252.68612968419257  -23.207547032789307  -75.2636237300091  -72.6386397734318  82.38652631139601  93.6401524468955  -732.6513090994088  23.497254220532653  46.35212256052964  75.95741823883009  70.53282871042069  -169.0947872161176  -142.692364825627  -82.07936358187976  -433.10141036309386  -94.3048464670818  20.7633396213364  -181.88040796893375  -13.302250120951072  -270.8320632382947  -28.133869146360325  -612.5097667517939  23.841102846536216  -82.25336278551123  -263.16739749080506  -10.851212146212504  -573.1701926810174  88.57862462374925  33.59837164239127  -84.40396125007777  -250.3020031970783  71.8215954157333  -234.38426111038615  85.04536932368077  -496.0306254868944  -193.4860406172403  -25.2926739784954  128.9880771192354  -159.0450568086368  128.82735720162964  -24.00429262010823  144.148565789859  -13.589569407357828  -185.48502245860124  -185.7168906782989  -169.11905742084605  -536.5454640980056  -442.0953087066683  7.420275730248534  -166.66818761869837  -196.57893458254875  -83.38328914008622  -150.7774002102281  24.50624643034152  10.398937992435322  -529.9282592532861  81.38716220913102  
-97.00703586505307  196.32148429322882  41.65938820965411  55.031073129967524  0.0  52.35197425010219  165.32122404724333  208.89782816155537  1.5959202923835392  76.06747329889001  22.77571405939983  138.35742045075608  -494.88971566017267  -183.88242642831705  -173.8130549384113  157.09024027698666  -48.983917109546496  223.52380542451516  -101.76193571406617  185.36216604358663  150.4834082239912  42.722020176216716  17.106449683689647  -341.878993586516  114.7507527833809  44.64654742849535  -45.17273802022828  -109.89077271391523  -246.9227674890755  168.5445025644177  142.90171796549038  -24.808257381783278  -491.60836403770134  -209.0622005206443  -48.61153182670313  98.22266361028002  -509.7985273002256  31.895114905050207  -217.81515902508698  132.41763815859102  -389.15352850751754  69.97469606887881  57.6688087620922  162.98366055437268  -197.65505655422504  31.823526097178217  -20.232550600041577  -17.60756664346428  137.41759944136354  148.67122557686304  -677.6202359694412  78.52832735050018  101.38319569049716  130.9884913687976  125.56390184038821  -114.06371408615007  -87.66129169565949  -27.048290451912237  -378.07033723312634  -39.27377333711428  75.79441275130392  -126.84933483896623  41.72882300901645  -215.8009901083272  26.8972039836072  -557.4786936218264  78.87217597650374  -27.222289655543705  -208.13632436083753  44.17986098375502  -518.1391195510498  143.60969775371677  88.6294447723588  -29.372888120110247  -195.27093006711078  126.85266854570082  -179.35318798041862  140.0764424536483  -440.99955235692687  -138.45496748727277  29.738399151472123  184.01915024920294  -104.01398367866926  183.85843033159716  31.026780509859293  199.17963891982652  41.441503722609696  -130.4539493286337  -130.68581754833139  -114.08798429087852  -481.514390968038  -387.06423557670075  62.45134886021606  -111.63711448873084  -141.54786145258123  -28.352216010118696  -95.74632708026058  79.53731956030904  65.43001112240285  -474.89718612331865  136.41823533909854  
-149.35901011515526  143.96951004312666  -10.692586040448077  2.679098879865336  -52.35197425010219  0.0  112.96924979714113  156.54585391145318  -50.75605395771865  23.71549904878782  -29.576260190702357  86.00544620065388  -547.2416899102749  -236.23440067841923  -226.1650291885135  104.73826602688447  -101.33589135964868  171.171831174413  -154.11390996416836  133.01019179348444  98.13143397388903  -9.629954073885472  -35.24552456641254  -394.2309678366182  62.398778533278715  -7.705426821606835  -97.52471227033047  -162.2427469640174  -299.27474173917767  116.19252831431554  90.54974371538819  -77.16023163188547  -543.9603382878036  -261.4141747707465  -100.96350607680532  45.870689360177835  -562.1505015503278  -20.45685934505198  -270.16713327518914  80.06566390848883  -441.50550275761975  17.622721818776625  5.31683451199001  110.63168630427049  -250.00703080432723  -20.52844815292397  -72.58452485014377  -69.95954089356647  85.06562519126135  96.31925132676083  -729.9722102195434  26.17635310039799  49.03122144039497  78.63651711869542  73.21192759028602  -166.41568833625226  -140.01326594576167  -79.40026470201443  -430.42231148322855  -91.62574758721647  23.442438501201735  -179.20130908906842  -10.623151241085736  -268.15296435842936  -25.45477026649499  -609.8306678719287  26.520201726401552  -79.57426390564589  -260.48829861093975  -8.172113266347168  -570.491093801152  91.25772350361459  36.27747052225661  -81.72486237021243  -247.62290431721297  74.50069429559863  -231.7051622305208  87.72446820354611  -493.3515266070291  -190.80694173737496  -22.613575098630065  131.66717599910078  -156.36595792877145  131.50645608149495  -21.325193740242895  146.82766466972433  -10.910470527492492  -182.8059235787359  -183.03779179843357  -166.4399585409807  -533.8663652181402  -439.41620982680297  10.09937461011387  -163.98908873883303  -193.89983570268342  -80.70419026022088  -148.09830133036277  27.185345310206856  13.078036872300657  -527.2491603734209  84.06626108899636  
-262.3282599122964  31.000260245985515  -123.66183583758921  -110.2901509172758  -165.32122404724333  -112.96924979714113  0.0  43.576604114312055  -163.7253037548598  -89.25375074835331  -142.5455099878435  -26.963803596487253  -660.210939707416  -349.2036504755604  -339.13427898565465  -8.230983770256657  -214.30514115678983  58.202581377271855  -267.0831597613095  20.040941996343307  -14.8378158232521  -122.5992038710266  -148.21477436355366  -507.20021763375934  -50.570471263862416  -120.67467661874797  -210.4939620674716  -275.21199676115856  -412.24399153631884  3.223278517174407  -22.419506081752942  -190.1294814290266  -656.9295880849446  -374.38342456788763  -213.93275587394646  -67.0985604369633  -675.1197513474689  -133.42610914219313  -383.1363830723303  -32.9035858886523  -554.4747525547608  -95.3465279783645  -107.65241528515112  -2.3375634928706432  -362.9762806014684  -133.49769795006512  -185.5537746472849  -182.92879069070761  -27.903624605879784  -16.649998470380297  -842.9414600166845  -86.79289669674314  -63.93802835674616  -34.33273267844571  -39.75732220685511  -279.3849381333934  -252.98251574290282  -192.36951449915557  -543.3915612803696  -204.5949973843576  -89.5268112959394  -292.17055888620956  -123.59240103822687  -381.12221415557053  -138.42402006363614  -722.7999176690697  -86.44904807073958  -192.54351370278704  -373.45754840808087  -121.1413630634883  -683.4603435982931  -21.711526293526546  -76.69177927488452  -194.69411216735358  -360.5921541143541  -38.4685555015425  -344.67441202766196  -25.24478159359502  -606.3207764041701  -303.7761915345161  -135.58282489577118  18.697926201959632  -269.3352077259126  18.53720628435383  -134.29444353738404  33.8584148725832  -123.87972032463362  -295.77517337587705  -296.0070415955747  -279.40920833812186  -646.8356150152813  -552.385459623944  -102.86987518702726  -276.9583385359742  -306.86908549982456  -193.67344005736203  -261.0675511275039  -85.78390448693428  -99.89121292484047  -640.2184101705619  -28.902988708144775  
-305.90486402660844  -12.57634386832654  -167.23843995190126  -153.86675503158784  -208.89782816155537  -156.54585391145318  -43.576604114312055  0.0  -207.30190786917183  -132.83035486266536  -186.12211410215554  -70.54040771079931  -703.787543821728  -392.7802545898724  -382.7108830999667  -51.80758788456871  -257.88174527110186  14.6259772629598  -310.65976387562154  -23.535662117968748  -58.414419937564155  -166.17580798533865  -191.79137847786572  -550.7768217480714  -94.14707537817446  -164.25128073306  -254.07056618178365  -318.7886008754706  -455.8205956506309  -40.35332559713765  -65.99611019606499  -233.70608554333865  -700.5061921992567  -417.96002868219966  -257.5093599882585  -110.67516455127534  -718.696355461781  -177.00271325650516  -426.71298718664235  -76.48019000296435  -598.0513566690729  -138.92313209267655  -151.22901939946317  -45.9141676071827  -406.5528847157804  -177.07430206437715  -229.13037876159694  -226.50539480501965  -71.48022872019183  -60.22660258469235  -886.5180641309965  -130.3695008110552  -107.5146324710582  -77.90933679275776  -83.33392632116716  -322.96154224770544  -296.55911985721485  -235.9461186134676  -586.9681653946817  -248.17160149866965  -133.10341541025144  -335.7471630005216  -167.16900515253892  -424.69881826988257  -182.00062417794817  -766.3765217833818  -130.02565218505163  -236.12011781709907  -417.0341525223929  -164.71796717780035  -727.0369477126052  -65.2881304078386  -120.26838338919657  -238.2707162816656  -404.16875822866615  -82.04515961585454  -388.251016141974  -68.82138570790707  -649.8973805184822  -347.35279564882813  -179.15942901008324  -24.878677912352423  -312.91181184022463  -25.039397829958226  -177.87104765169607  -9.718189241728858  -167.45632443894567  -339.3517774901891  -339.58364570988675  -322.9858124524339  -690.4122191295934  -595.9620637382561  -146.4464793013393  -320.5349426502862  -350.4456896141366  -237.25004417167406  -304.64415524181595  -129.36050860124632  -143.46781703915252  -683.795014284874  -72.47959282245682  
-98.60295615743661  194.72556400084528  40.06346791727057  53.435152837583985  -1.5959202923835392  50.75605395771865  163.7253037548598  207.30190786917183  0.0  74.47155300650647  21.179793767016292  136.76150015837254  -496.4856359525562  -185.47834672070059  -175.40897523079485  155.49431998460312  -50.579837401930035  221.92788513213162  -103.35785600644971  183.7662457512031  148.88748793160767  41.12609988383318  15.510529391306108  -343.47491387889954  113.15483249099736  43.050627136111814  -46.76865831261182  -111.48669300629876  -248.51868778145905  166.94858227203417  141.30579767310684  -26.404177674166817  -493.2042843300849  -210.65812081302784  -50.20745211908667  96.62674331789648  -511.39444759260914  30.299194612666668  -219.41107931747052  130.82171786620748  -390.7494487999011  68.37877577649527  56.07288846970866  161.38774026198914  -199.25097684660858  30.227605804794678  -21.828470892425116  -19.20348693584782  135.82167914898  147.0753052844795  -679.2161562618247  76.93240705811664  99.78727539811362  129.39257107641407  123.96798154800467  -115.65963437853361  -89.25721198804303  -28.644210744295776  -379.6662575255099  -40.86969362949782  74.19849245892038  -128.44525513134977  40.13290271663291  -217.39691040071074  25.30128369122366  -559.07461391421  77.2762556841202  -28.818209947927244  -209.73224465322107  42.58394069137148  -519.7350398434334  142.01377746133323  87.03352447997526  -30.968808412493786  -196.86685035949432  125.25674825331728  -180.94910827280216  138.48052216126476  -442.5954726493104  -140.0508877796563  28.142478859088584  182.4232299568194  -105.6099039710528  182.26251003921362  29.430860217475754  197.58371862744298  39.84558343022616  -132.04986962101725  -132.28173784071492  -115.68390458326206  -483.11031126042155  -388.6601558690843  60.85542856783252  -113.23303478111438  -143.14378174496477  -29.948136302502235  -97.34224737264412  77.9413992679255  63.834090830019306  -476.4931064157022  134.822315046715  
-173.07450916394308  120.25401099433883  -34.4080850892359  -21.036400168922484  -76.06747329889001  -23.71549904878782  89.25375074835331  132.83035486266536  -74.47155300650647  0.0  -53.291759239490176  62.28994715186606  -570.9571889590627  -259.949899727207  -249.88052823730132  81.02276697809666  -125.0513904084365  147.45633212562518  -177.82940901295618  109.29469274469662  74.41593492510121  -33.34545312267329  -58.96102361520036  -417.94646688540604  38.683279484490896  -31.420925870394655  -121.24021131911829  -185.95824601280523  -322.9902407879655  92.47702926552772  66.83424466660037  -100.87573068067329  -567.6758373365914  -285.12967381953433  -124.67900512559314  22.155190311390015  -585.8660005991156  -44.1723583938398  -293.88263232397696  56.35016485970101  -465.22100180640757  -6.092777230011194  -18.39866453679781  86.91618725548267  -273.722529853115  -44.24394720171179  -96.30002389893158  -93.67503994235429  61.35012614247353  72.60375227797302  -753.6877092683312  2.46085405161017  25.315722391607153  54.9210180699076  49.496428541498204  -190.13118738504008  -163.7287649945495  -103.11576375080224  -454.1378105320164  -115.34124663600429  -0.2730605475860841  -202.91680813785624  -34.338650289873556  -291.8684634072172  -49.17026931528281  -633.5461669207165  2.804702677613733  -103.28976295443371  -284.20379765972757  -31.887612315134987  -594.2065928499399  67.54222445482677  12.561971473468788  -105.44036141900025  -271.33840336600076  50.785195246810815  -255.42066127930863  64.00896915475829  -517.0670256558169  -214.52244078616278  -46.329074147417884  107.95167695031294  -180.08145697755927  107.79095703270714  -45.040692789030714  123.11216562093651  -34.62596957628031  -206.52142262752372  -206.7532908472214  -190.15545758976853  -557.581864266928  -463.1317088755908  -13.61612443867395  -187.70458778762085  -217.61533475147124  -104.4196893090087  -171.8138003791506  3.469846261419036  -10.637462176487162  -550.9646594222087  60.35076204020854  
-119.7827499244529  173.545770233829  18.88367415025428  32.25535907056769  -22.77571405939983  29.576260190702357  142.5455099878435  186.12211410215554  -21.179793767016292  53.291759239490176  0.0  115.58170639135624  -517.6654297195726  -206.65814048771688  -196.58876899781114  134.31452621758683  -71.75963116894633  200.74809136511533  -124.537649773466  162.5864519841868  127.70769416459139  19.946306116816885  -5.669264375710185  -364.65470764591583  91.97503872398107  21.87083336909552  -67.94845207962811  -132.66648677331506  -269.69848154847534  145.76878850501788  120.12600390609055  -47.58397144118311  -514.3840780971011  -231.83791458004413  -71.38724588610296  75.44694955088019  -532.5742413596254  9.119400845650375  -240.59087308448682  109.64192409919119  -411.92924256691737  47.19898200947898  34.893094702692366  140.20794649497284  -220.43077061362487  9.047812037778385  -43.00826465944141  -40.38328070286411  114.6418853819637  125.89551151746319  -700.3959500288411  55.752613291100346  78.60748163109733  108.21277730939778  102.78818778098838  -136.8394281455499  -110.43700575505932  -49.82400451131207  -400.84605129252617  -62.04948739651411  53.01869869190409  -149.62504889836606  18.95310894961662  -238.57670416772703  4.121489924207367  -580.2544076812262  56.09646191710391  -49.998003714943536  -230.91203842023737  21.40414692435519  -540.9148336104497  120.83398369431694  65.85373071295896  -52.14860217951008  -218.0466441265106  104.07695448630099  -202.12890203981846  117.30072839424847  -463.7752664163267  -161.2306815466726  6.962685092072292  161.2434361898031  -126.7896977380691  161.08271627219733  8.251066450459462  176.40392486042668  18.665789663209864  -153.22966338803354  -153.46153160773122  -136.86369835027836  -504.29010502743785  -409.8399496361006  39.675634800816226  -134.41282854813068  -164.32357551198106  -51.12793006951853  -118.52204113966042  56.76160550090921  42.654297063003014  -497.6729001827185  113.64252127969871  
-235.36445631580915  57.96406384247277  -96.69803224110196  -83.32634732078854  -138.35742045075608  -86.00544620065388  26.963803596487253  70.54040771079931  -136.76150015837254  -62.28994715186606  -115.58170639135624  0.0  -633.2471361109287  -322.2398468790731  -312.1704753891674  18.732819826230596  -187.34133756030258  85.16638497375911  -240.11935616482225  47.00474559283056  12.125987773235153  -95.63540027453935  -121.25097076706642  -480.2364140372721  -23.606667667375163  -93.71087302226071  -183.53015847098436  -248.2481931646713  -385.2801879398316  30.18708211366166  4.5442975147343105  -163.16567783253936  -629.9657844884574  -347.4196209714004  -186.9689522774592  -40.134756840476044  -648.1559477509817  -106.46230554570586  -356.17257947584307  -5.939782292165049  -527.5109489582736  -68.38272438187725  -80.68861168866387  24.62624010361661  -336.0124770049811  -106.53389435357785  -158.58997105079766  -155.96498709422036  -0.9398210093925314  10.313805126106956  -815.9776564201973  -59.82909310025589  -36.974224760258906  -7.368929081958456  -12.793518610367855  -252.42113453690615  -226.01871214641557  -165.40571090266832  -516.4277576838824  -177.63119378787036  -62.56300769945214  -265.2067552897223  -96.62859744173961  -354.1584105590833  -111.46021646714887  -695.8361140725825  -59.485244474252326  -165.57971010629979  -346.4937448115936  -94.17755946700105  -656.4965400018059  5.252277302960707  -49.72797567839727  -167.73030857086633  -333.62835051786686  -11.504751905055244  -317.7106084311747  1.7190220028922312  -579.356972807683  -276.81238793802885  -108.61902129928394  45.661729798446885  -242.37140412942534  45.50100988084108  -107.33063994089677  60.82221846907045  -96.91591672814637  -268.8113697793898  -269.04323799908747  -252.4454047416346  -619.8718114187941  -525.4216560274568  -75.90607159054001  -249.99453493948693  -279.9052819033373  -166.70963646087478  -234.10374753101667  -58.82010089044702  -72.92740932835322  -613.2546065740747  -1.9391851116575225  
397.8826797951196  691.2111999534015  536.5491038698268  549.9207887901403  494.88971566017267  547.2416899102749  660.210939707416  703.787543821728  496.4856359525562  570.9571889590627  517.6654297195726  633.2471361109287  0.0  311.0072892318556  321.07666072176136  651.9799559371593  445.9057985506262  718.4135210846879  393.1277799461065  680.2518817037593  645.3731238841639  537.6117358363894  511.99616534386234  153.01072207365667  609.6404684435536  539.536263088668  449.7169776399444  384.99894294625744  247.96694817109716  663.4342182245904  637.7914336256631  470.0814582783894  3.281351622471334  285.8275151395284  446.27818383346954  593.1123792704527  -14.908811640052932  526.7848305652228  277.0745566350857  627.3073538187637  105.73618715265513  564.8644117290514  552.5585244222649  657.8733762145454  297.2346591059476  526.7132417573509  474.6571650601311  477.2821490167084  632.3073151015362  643.5609412370356  -182.7305203092685  573.4180430106728  596.2729113506698  625.8782070289703  620.4536175005609  380.8260015740226  407.2284239645132  467.84142520826043  116.81937842704633  455.6159423230584  570.6841284114766  368.04038082120644  536.6185386691891  279.08872555184547  521.7869196437798  -62.58897796165377  573.7618916366764  467.66742600462896  286.75339129933514  539.0695766439277  -23.249403890877147  638.4994134138894  583.5191604325314  465.5168275400624  299.6187855930619  621.7423842058735  315.53652767975404  634.9661581138209  53.8901633032458  356.4347481728999  524.6281148116448  678.9088659093757  390.8757319815034  678.7481459917698  525.9164961700319  694.0693545799992  536.3312193827824  364.43576633153896  364.2038981118413  380.80173136929415  13.375324692134654  107.82548008347192  557.3410645203887  383.2526011714418  353.34185420759144  466.537499650054  399.1433885799121  574.4270352204817  560.3197267825756  19.992529536854022  631.3079509992713  
86.87539056326398  380.20391072154587  225.54181463797116  238.91349955828457  183.88242642831705  236.23440067841923  349.2036504755604  392.7802545898724  185.47834672070059  259.949899727207  206.65814048771688  322.2398468790731  -311.0072892318556  0.0  10.069371489905734  340.9726667053037  134.89850931877055  407.4062318528322  82.12049071425088  369.2445924719037  334.36583465230825  226.60444660453376  200.9888761120067  -157.99656715819896  298.63317921169795  228.5289738568124  138.70968840808877  73.99165371440182  -63.040341060758465  352.42692899273476  326.7841443938074  159.07416904653377  -307.7259376093843  -25.17977409232725  135.27089460161392  282.10509003859704  -325.91610087190855  215.77754133336725  -33.93273259676994  316.3000645869081  -205.2711020792005  253.85712249719586  241.55123519040924  346.8660869826897  -13.772630125907995  215.70595252549526  163.64987582827547  166.27485978485277  321.30002586968055  332.5536520051801  -493.73780954112414  262.41075377881725  285.26562211881424  314.87091779711466  309.44632826870526  69.81871234216698  96.22113473265756  156.8341359764048  -194.1879108048093  144.60865309120277  259.67683917962097  57.03309158935082  225.6112494373335  -31.918563680010152  210.77963041192424  -373.5962671935094  262.7546024048208  156.66013677277334  -24.253897932520488  228.06228741207207  -334.25669312273277  327.4921241820338  272.51187120067584  154.5095383082068  -11.388503638793736  310.7350949740179  4.529238447898422  323.9588688819654  -257.1171259286098  45.42745894104428  213.62082557978917  367.90157667752  79.86844274964778  367.7408567599142  214.90920693817634  383.06206534814356  225.32393015092674  53.428477099683334  53.19660887998566  69.79444213743852  -297.63196453972097  -203.1818091483837  246.3337752885331  72.2453119395862  42.334564975735816  155.53021041819835  88.13609934805646  263.4197459886261  249.3124375507199  -291.0147596950016  320.3006617674156  
76.80601907335824  370.13453923164013  215.47244314806542  228.84412806837884  173.8130549384113  226.1650291885135  339.13427898565465  382.7108830999667  175.40897523079485  249.88052823730132  196.58876899781114  312.1704753891674  -321.07666072176136  -10.069371489905734  0.0  330.903295215398  124.82913782886482  397.3368603629265  72.05111922434514  359.17522098199794  324.2964631624025  216.53507511462803  190.91950462210096  -168.0659386481047  288.5638077217922  218.45960236690667  128.64031691818303  63.92228222449609  -73.1097125506642  342.357557502829  316.7147729039017  149.00479755662803  -317.79530909929  -35.249145582232984  125.20152311170818  272.0357185486913  -335.9854723618143  205.70816984346152  -44.00210408667567  306.23069309700236  -215.34047356910622  243.78775100729013  231.4818637005035  336.79671549278396  -23.84200161581373  205.63658103558953  153.58050433836974  156.20548829494703  311.2306543797748  322.48428051527435  -503.80718103102987  252.3413822889115  275.1962506289085  304.8015463072089  299.3769567787995  59.74934085226124  86.15176324275183  146.76476448649908  -204.25728229471503  134.53928160129703  249.60746768971524  46.963720099445084  215.54187794742776  -41.987935169915886  200.7102589220185  -383.6656386834151  252.68523091491505  146.5907652828676  -34.32326942242622  217.99291592216633  -344.3260646126385  317.4227526921281  262.4424997107701  144.44016681830107  -21.45787512869947  300.66572348411216  -5.540133042007312  313.88949739205964  -267.18649741851556  35.358087451138545  203.55145408988344  357.83220518761425  69.79907125974205  357.6714852700085  204.8398354482706  372.9926938582378  215.254558661021  43.3591056097776  43.12723739007993  59.72507064753279  -307.7013360296267  -213.25118063828944  236.26440379862737  62.17594044968047  32.26519348583008  145.46083892829262  78.06672785815073  253.35037449872036  239.24306606081416  -301.08413118490733  310.23129027750986  
-254.09727614203973  39.23124401624217  -115.43085206733255  -102.05916714701914  -157.09024027698666  -104.73826602688447  8.230983770256657  51.80758788456871  -155.49431998460312  -81.02276697809666  -134.31452621758683  -18.732819826230596  -651.9799559371593  -340.9726667053037  -330.903295215398  0.0  -206.07415738653316  66.43356514752851  -258.85217599105283  28.271925766599963  -6.606832052995443  -114.36822010076995  -139.98379059329702  -498.96923386350267  -42.33948749360576  -112.44369284849131  -202.26297829721494  -266.9810129909019  -404.0130077660622  11.454262287431064  -14.188522311496286  -181.89849765876994  -648.698604314688  -366.15244079763096  -205.7017721036898  -58.86757666670664  -666.8887675772123  -125.19512537193646  -374.90539930207365  -24.672602118395645  -546.2437687845043  -87.11554420810785  -99.42143151489446  5.893420277386014  -354.7452968312117  -125.26671417980845  -177.32279087702824  -174.69780692045094  -19.672640835623127  -8.41901470012364  -834.7104762464278  -78.56191292648649  -55.7070445864895  -26.10174890818905  -31.52633843659845  -271.15395436313673  -244.75153197264615  -184.1385307288989  -535.160577510113  -196.36401361410094  -81.29582752568274  -283.9395751159529  -115.36141726797021  -372.89123038531386  -130.19303629337946  -714.5689338988132  -78.21806430048292  -184.31252993253037  -365.2265646378242  -112.91037929323164  -675.2293598280364  -13.48054252326989  -68.46079550462787  -186.4631283970969  -352.36117034409745  -30.23757173128584  -336.4434282574053  -17.013797823338365  -598.0897926339135  -295.54520776425943  -127.35184112551454  26.92890997221629  -261.1042239556559  26.768190054610486  -126.06345976712737  42.08939864283985  -115.64873655437697  -287.5441896056204  -287.77605782531805  -271.1782245678652  -638.6046312450246  -544.1544758536875  -94.6388914167706  -268.7273547657175  -298.6381017295679  -185.44245628710536  -252.83656735724725  -77.55292071667762  -91.66022915458382  -631.9874264003054  -20.67200493788812  
-48.02311875550657  245.30540140277532  90.6433053192006  104.01499023951402  48.983917109546496  101.33589135964868  214.30514115678983  257.88174527110186  50.579837401930035  125.0513904084365  71.75963116894633  187.34133756030258  -445.9057985506262  -134.89850931877055  -124.82913782886482  206.07415738653316  0.0  272.50772253406166  -52.77801860451967  234.34608315313312  199.4673253335377  91.70593728576321  66.09036679323614  -292.8950764769695  163.7346698929274  93.63046453804185  3.811179089318216  -60.90685560436873  -197.93885037952901  217.5284196739642  191.88563507503687  24.175659727763218  -442.62444692815484  -160.0782834110978  0.3723852828433678  147.20658071982652  -460.8146101906791  80.8790320145967  -168.8312419155405  181.4015552681375  -340.16961139797104  118.95861317842531  106.6527258716387  211.96757766391917  -148.67113944467854  80.80744320672471  28.75136650950492  31.376350466082215  186.40151655091003  197.65514268640953  -628.6363188598947  127.51224446004667  150.36711280004366  179.9724084783441  174.5478189499347  -65.07979697660357  -38.67737458611299  21.93562665763426  -329.08642012357984  9.710143772432218  124.77832986085042  -77.86541772941973  90.71274011856295  -166.8170729987807  75.8811210931537  -508.49477651227994  127.85609308605024  21.76162745400279  -159.15240725129104  93.16377809330152  -469.1552024415033  192.59361486326327  137.6133618819053  19.61102898943625  -146.2870129575643  175.83658565524732  -130.36927087087213  189.0603595631948  -392.0156352473804  -89.47105037772627  78.72231626101862  233.00306735874943  -55.030066569122766  232.84234744114366  80.01069761940579  248.163556029373  90.42542083215619  -81.47003221908722  -81.70190043878489  -65.10406718133203  -432.5304738584915  -338.08031846715426  111.43526596976255  -62.65319737918435  -92.56394434303473  20.6317010994278  -46.76240997071409  128.52123666985554  114.41392823194934  -425.91326901377215  185.40215244864504  
-320.53084128956823  -27.20232113128634  -181.86441721486108  -168.49273229454764  -223.52380542451516  -171.171831174413  -58.202581377271855  -14.6259772629598  -221.92788513213162  -147.45633212562518  -200.74809136511533  -85.16638497375911  -718.4135210846879  -407.4062318528322  -397.3368603629265  -66.43356514752851  -272.50772253406166  0.0  -325.28574113858133  -38.16163938092855  -73.04039720052396  -180.80178524829847  -206.41735574082554  -565.4027990110312  -108.77305264113427  -178.8772579960198  -268.69654344474344  -333.4145781384304  -470.44657291359067  -54.97930286009745  -80.6220874590248  -248.33206280629844  -715.1321694622166  -432.58600594515946  -272.1353372512183  -125.30114181423515  -733.3223327247408  -191.62869051946495  -441.33896444960214  -91.10616726592416  -612.6773339320328  -153.54910935563635  -165.854996662423  -60.5401448701425  -421.1788619787402  -191.70027932733694  -243.75635602455674  -241.13137206797944  -86.10620598315164  -74.85257984765215  -901.1440413939564  -144.995478074015  -122.14060973401801  -92.53531405571756  -97.95990358412696  -337.58751951066523  -311.18509712017465  -250.5720958764274  -601.5941426576416  -262.79757876162944  -147.72939267321124  -350.3731402634814  -181.79498241549874  -439.32479553284236  -196.62660144090796  -781.0024990463417  -144.65162944801142  -250.74609508005886  -431.6601297853527  -179.34394444076014  -741.662924975565  -79.9141076707984  -134.89436065215637  -252.8966935446254  -418.79473549162594  -96.67113687881435  -402.8769934049338  -83.44736297086688  -664.5233577814421  -361.9787729117879  -193.78540627304307  -39.50465517531222  -327.5377891031844  -39.665375092918026  -192.49702491465587  -24.34416650468866  -182.08230170190546  -353.9777547531489  -354.20962297284655  -337.6117897153937  -705.0381963925532  -610.588041001216  -161.0724565642991  -335.160919913246  -365.0716668770964  -251.87602143463386  -319.27013250477575  -143.98648586420614  -158.09379430211231  -698.4209915478339  -87.10557008541663  
