Height_Data

node	height
0	123.27081989735095
1	303.3862993771395
2	242.9725805626617
3	98.73751537641415
4	276.3848958930474
5	105.47856550813033
6	72.0083025290344
7	98.17727027588398
8	166.4443754932944
9	263.0552491651426
10	135.04625200630906
11	182.6997228244393
12	89.26741040279983
13	81.74435164719311
14	65.02658402446689
15	52.26847974819286
16	293.07904253913443
17	190.4095156437974
18	140.16714027900358
19	53.54410897731548
20	156.7817245837274
21	82.26402770704767
22	167.02676349639862
23	123.86000745788014
24	353.7867197731984
25	86.23396452061043
26	268.51322039239545
27	170.10699206229833
28	174.75806253592725
29	169.8798282352868
30	96.92662575270916
31	184.41280020116236
32	206.50661602274783
33	283.8998735965427
34	232.17955687096944
35	35.88860709411961
36	59.57777854054881
37	114.39711448259366
38	195.38807020767078
39	162.8452559760418
40	83.94943777670352
41	100.91211160083687
42	112.1919468144288
43	120.55515493508506
44	148.6906835503224
45	64.21995357685603
46	115.23020704841767
47	126.15643235245706
48	51.19614505954281
49	198.70508056478636
50	47.186112599569476
51	221.62159510113764
52	115.20835917179465
53	51.87828457058061
54	82.30041870241622
55	92.9041093883595
56	116.07117397417372
57	159.24308631985977
58	448.28557342234086
59	68.68234698716182
60	258.08892676766874
61	360.3381798344728
62	283.8998735965427
63	148.33065369873435
64	57.37249146585484
65	60.2354980538936
66	85.46323846975176
67	166.21735969215547
68	378.2190840510931
69	213.51153314541043
70	177.18706781211264
71	357.39631565294764
72	225.38969236172906
73	60.26699388449839
74	50.27938483166501
75	356.26248739423477
76	87.13479427837545
77	176.01292897547958
78	114.24790256273037
79	233.46060712802037
80	96.57041992244547
81	240.27463278273672
82	129.22473993879126
83	105.04704089356225
84	139.10314271110408
85	71.42406468182442
86	267.6425262479332
87	151.26350343539679
88	172.17192349381463
89	247.94099238881196
90	67.55868076430109
91	121.22107292879005
92	227.2011668092744
93	801.4748160785169
94	818.8316858464212
95	87.97014233294753
96	62.49685069199094
97	101.99491540617919
98	77.46550624205344
99	131.2223766048946
100	47.74182804550669



height_matrix
0.0  -150.0962328998238  -99.7514672210923  20.444420434113994  -127.59506332974706  14.82687865768385  42.718764473597126  20.911291351222474  -35.97796299661954  -116.48702438982636  -9.812860090798424  -49.52408577257364  28.33617457879261  34.60539020846487  48.53686322740339  59.168616790965075  -141.50685220148625  -55.948913122038704  -14.08026698471052  58.105592433362894  -27.925753905313712  34.172326825252725  -36.463286332539724  -0.49098963377433336  -192.09658322987286  30.864046147283773  -121.03533374587042  -39.03014347078948  -42.906035532146916  -38.8408402816132  21.953495120534825  -50.95165025317618  -69.36316343783074  -133.85754474932648  -90.75728081134875  72.81851066935945  53.07753446400178  7.394754512297737  -60.097708591933184  -32.97869673224238  32.76781843387286  18.632256913761736  9.232394235768453  2.26305413522158  -21.183219710809553  49.2090552670791  6.700510707444394  -2.4046770459217583  60.06222903150679  -62.86188388952951  63.40392274815123  -81.95897933648891  6.71871727129691  59.49377943897528  34.14200099577894  25.30559209082621  5.999704935981029  -29.97688868542403  -270.8456279374916  45.49039409182427  -112.3484223919315  -197.5561332809349  -133.85754474932648  -20.883194834486176  54.91527369291342  52.52943486954779  31.506317856332657  -35.7887831623371  -212.45688679478513  -75.2005943733829  -44.93020659563476  -195.1045797963306  -85.09906038698176  52.5031883440438  60.82619588807162  -194.15972291406985  30.11335468247958  -43.95175756510719  7.51909777885048  -91.82482269222453  22.250333312421233  -97.50317740448816  -4.961600034533589  15.18648250315725  -13.193602344794286  43.20562934627211  -120.30975529215186  -23.32723628170487  -40.75091966371974  -103.89181040955086  46.42678261087489  1.7081224738007421  -86.60862242660289  -565.1699968176383  -579.6340549575586  29.41723130366951  50.64497433780001  17.7299204093098  38.17109471274793  -6.626297256286378  62.94082654320355  
150.0962328998238  0.0  50.344765678731505  170.5406533339378  22.50116957007674  164.92311155750764  192.81499737342094  171.00752425104628  114.11826990320426  33.609208509997444  140.28337280902537  100.57214712725016  178.43240747861643  184.7016231082887  198.6330961272272  209.26484969078888  8.58938069833755  94.1473197777851  136.01596591511327  208.2018253331867  122.17047899451009  184.26855972507653  113.63294656728408  149.60524326604946  -42.00035033004906  180.96027904710758  29.060899153953386  111.06608942903432  107.19019736767689  111.2553926182106  172.04972802035863  99.14458264664762  80.73306946199307  16.238688150497325  59.338952088475054  222.91474356918326  203.1737673638256  157.49098741212154  89.99852430789062  117.11753616758142  182.86405133369666  168.72848981358555  159.32862713559226  152.35928703504538  128.91301318901424  199.3052881669029  156.79674360726818  147.69155585390206  210.15846193133058  87.2343490102943  213.50015564797502  68.1372535633349  156.8149501711207  209.59001233879908  184.23823389560275  175.40182499065003  156.09593783580482  120.11934421439977  -120.7493950376678  195.58662699164807  37.7478105078923  -47.45990038111108  16.238688150497325  129.21303806533763  205.01150659273722  202.6256677693716  181.60255075615646  114.3074497374867  -62.36065389496133  74.8956385264409  105.16602630418905  -45.008346896506794  64.99717251284204  202.5994212438676  210.92242878789543  -44.06349001424604  180.20958758230339  106.14447533471662  157.6153306786743  58.271410207599274  172.34656621224502  52.59305549533565  145.1346328652902  165.28271540298107  136.90263055502953  193.3018622460959  29.78647760767194  126.76899661811893  109.34531323610406  46.20442249027295  196.52301551069868  151.80435537362456  63.48761047322091  -415.0737639178146  -429.5378220577348  179.5134642034933  200.74120723762383  167.8261533091336  188.26732761257173  143.46993564353744  213.03705944302735  
99.7514672210923  -50.344765678731505  0.0  120.19588765520629  -27.843596108654765  114.57834587877615  142.47023169468943  120.66275857231477  63.77350422447276  -16.73555716873406  89.93860713029387  50.227381448518656  128.08764179988492  134.35685742955718  148.28833044849569  158.92008401205737  -41.755384980393956  43.802554099053594  85.67120023638178  157.85705965445518  71.82571331577859  133.92379404634502  63.288180888552574  99.26047758731796  -92.34511600878056  130.61551336837607  -21.28386652477812  60.721323750302815  56.84543168894538  60.9106269394791  121.70496234162712  48.799816967916115  30.388303783261563  -34.10607752823418  8.994186409743548  172.56997789045175  152.82900168509408  107.14622173339004  39.653758629159114  66.77277048884991  132.51928565496516  118.38372413485403  108.98386145686075  102.01452135631388  78.56824751028275  148.9605224881714  106.45197792853669  97.34679017517054  159.81369625259907  36.88958333156279  163.15538996924352  17.79248788460339  106.47018449238921  159.24524666006758  133.89346821687124  125.05705931191851  105.75117215707333  69.77457853566827  -171.0941607163993  145.24186131291657  -12.596955170839209  -97.80466605984259  -34.10607752823418  78.86827238660612  154.66674091400571  152.2809020906401  131.25778507742496  63.9626840587552  -112.70541957369284  24.5508728477094  54.82126062545754  -95.3531125752383  14.652406834110536  152.2546555651361  160.57766310916392  -94.40825569297755  129.86482190357188  55.79970965598511  107.27056499994278  7.926644528867769  122.00180053351353  2.2482898166041423  94.78986718655871  114.93794972424955  86.55786487629801  142.9570965673644  -20.558288071059565  76.42423093938743  59.000547557372556  -4.140343188458559  146.17824983196718  101.45958969489304  13.142844794489406  -465.4185295965461  -479.8825877364663  129.1686985247618  150.39644155889232  117.4813876304021  137.92256193384023  93.12516996480592  162.69229376429584  
-20.444420434113994  -170.5406533339378  -120.19588765520629  0.0  -148.03948376386106  -5.617541776430144  22.274344039483132  0.46687091710847994  -56.42238343073353  -136.93144482394035  -30.257280524912417  -69.96850620668764  7.891754144678615  14.160969774350875  28.092442793289393  38.72419635685108  -161.95127263560025  -76.3933335561527  -34.52468741882451  37.6611719992489  -48.370174339427706  13.727906391138731  -56.90770676665372  -20.935410067888327  -212.54100366398686  10.41962571316978  -141.4797541799844  -59.474563904903476  -63.35045596626091  -59.28526071572719  1.5090746864208313  -71.39607068729018  -89.80758387194473  -154.30196518344047  -111.20170124546274  52.37409023524546  32.633114029887786  -13.049665921816256  -80.54212902604718  -53.42311716635638  12.323397999758868  -1.8121635203522573  -11.21202619834554  -18.181366298892414  -41.62764014492355  28.764634832965108  -13.7439097266696  -22.849097480035752  39.617808597392795  -83.3063043236435  42.95950231403724  -102.4033997706029  -13.725703162817084  39.04935900486129  13.69758056166495  4.861171656712216  -14.444715498132965  -50.42130911953802  -291.2900483716056  25.045973657710277  -132.7928428260455  -218.00055371504888  -154.30196518344047  -41.32761526860017  34.47085325879943  32.0850144354338  11.061897422218664  -56.23320359645109  -232.90130722889913  -95.64501480749689  -65.37462702974875  -215.5490002304446  -105.54348082109576  32.058767909929806  40.38177545395762  -214.60414334818384  9.668934248365588  -64.39617799922118  -12.925322655263514  -112.26924312633852  1.8059128783072396  -117.94759783860215  -25.406020468647583  -5.257937930956743  -33.63802277890828  22.761208912158118  -140.75417572626586  -43.771656715818864  -61.195340097833736  -124.33623084366485  25.982362176760894  -18.73629796031325  -107.05304286071689  -585.6144172517523  -600.0784753916726  8.972810869555516  30.200553903686014  -2.7145000248041953  17.726674278633936  -27.07071769040037  42.496406109089556  
127.59506332974706  -22.50116957007674  27.843596108654765  148.03948376386106  0.0  142.4219419874309  170.3138278033442  148.50635468096954  91.61710033312752  11.108038939920704  117.78220323894864  78.07097755717342  155.93123790853969  162.20045353821195  176.13192655715045  186.76368012071214  -13.91178887173919  71.64615020770836  113.51479634503654  185.70065576310995  99.66930942443335  161.7673901549998  91.13177699720734  127.10407369597273  -64.5015199001258  158.45910947703084  6.559729583876646  88.56491985895758  84.68902779760015  88.75422304813387  149.5485584502819  76.64341307657088  58.23189989191633  -6.262481419579416  36.83778251839831  200.41357399910652  180.67259779374885  134.9898178420448  67.49735473781388  94.61636659750468  160.36288176361992  146.2273202435088  136.82745756551552  129.85811746496864  106.41184361893751  176.80411859682616  134.29557403719144  125.1903862838253  187.65729236125384  64.73317944021755  190.99898607789828  45.636083993258154  134.31378060104396  187.08884276872234  161.737064325526  152.9006554205733  133.59476826572808  97.61817464432303  -143.25056460774454  173.08545742157133  15.246640937815556  -69.96106995118782  -6.262481419579416  106.71186849526089  182.51033702266048  180.12449819929486  159.10138118607972  91.80628016740997  -84.86182346503807  52.394468956364165  82.6648567341123  -67.50951646658353  42.4960029427653  180.09825167379086  188.4212592178187  -66.56465958432278  157.70841801222664  83.64330576463988  135.11416110859756  35.770240637522534  149.84539664216828  30.091885925258907  122.63346329521347  142.78154583290433  114.40146098495278  170.80069267601917  7.2853080375952  104.2678270480422  86.84414366602732  23.703252920196206  174.02184594062194  129.30318580354782  40.98644090314417  -437.5749334878913  -452.0389916278115  157.01229463341656  178.24003766754709  145.32498373905685  165.766158042495  120.96876607346069  190.5358898729506  
-14.82687865768385  -164.92311155750764  -114.57834587877615  5.617541776430144  -142.4219419874309  0.0  27.891885815913277  6.084412693538624  -50.80484165430339  -131.31390304751022  -24.639738748482273  -64.35096443025749  13.509295921108759  19.77851155078102  33.70998456971954  44.341738133281225  -156.3337308591701  -70.77579177972255  -28.90714564239437  43.278713775679044  -42.75263256299756  19.345448167568875  -51.29016499022357  -15.317868291458183  -206.9234618875567  16.037167489599923  -135.86221240355428  -53.85702212847333  -57.732914189830765  -53.667718939297046  7.126616462850976  -65.77852891086003  -84.19004209551458  -148.68442340701034  -105.5841594690326  57.991632011675605  38.25065580631793  -7.432124145386112  -74.92458724961703  -47.80557538992623  17.940939776189012  3.805378256077887  -5.594484421915396  -12.56382452246227  -36.0100983684934  34.38217660939525  -8.126367950239455  -17.231555703605608  45.23535037382294  -77.68876254721336  48.57704409046738  -96.78585799417276  -8.10816138638694  44.66690078129143  19.315122338095094  10.47871343314236  -8.82717372170282  -44.80376734310788  -285.67250659517543  30.66351543414042  -127.17530104961536  -212.38301193861872  -148.68442340701034  -35.710073492170025  40.088395035229574  37.70255621186394  16.679439198648808  -50.61566182002095  -227.28376545246897  -90.02747303106675  -59.75708525331861  -209.93145845401443  -99.92593904466561  37.67630968635995  45.99931723038777  -208.98660157175368  15.286476024795732  -58.778636222791036  -7.30778087883337  -106.65170134990838  7.423454654737384  -112.330056062172  -19.78847869221744  0.3596038454734014  -28.020481002478135  28.378750688588262  -135.1366339498357  -38.15411493938872  -55.57779832140359  -118.7186890672347  31.59990395319104  -13.118756183883107  -101.43550108428674  -579.9968754753222  -594.4609336152424  14.59035264598566  35.81809568011616  2.903041751625949  23.34421605506408  -21.453175913970227  48.1139478855197  
-42.718764473597126  -192.81499737342094  -142.47023169468943  -22.274344039483132  -170.3138278033442  -27.891885815913277  0.0  -21.807473122374653  -78.69672747021667  -159.2057888634235  -52.53162456439555  -92.24285024617078  -14.382589894804518  -8.113374265132258  5.818098753806261  16.44985231736795  -184.2256166750834  -98.66767759563584  -56.799031458307645  15.386827959765768  -70.64451837891085  -8.546437648344401  -79.18205080613686  -43.20975410737146  -234.81534770347  -11.854718326313353  -163.75409821946755  -81.74890794438662  -85.62480000574405  -81.55960475521033  -20.7652693530623  -93.67041472677332  -112.08192791142787  -176.5763092229236  -133.47604528494588  30.09974619576233  10.358769990404653  -35.32400996129939  -102.81647306553032  -75.69746120583952  -9.950946039724265  -24.08650755983539  -33.48637023782867  -40.455710338375546  -63.90198418440668  6.490290793481975  -36.01825376615273  -45.123441519518884  17.343464557909662  -105.58064836312664  20.685158274554105  -124.67774381008604  -36.000047202300216  16.775014965378155  -8.576763477818183  -17.413172382770917  -36.7190595376161  -72.69565315902116  -313.5643924110887  2.771629618227145  -155.06718686552864  -240.27489775453202  -176.5763092229236  -63.6019593080833  12.196509219316297  9.810670395950666  -11.212446617264469  -78.50754763593423  -255.17565126838227  -117.91935884698003  -87.64897106923189  -237.82334426992773  -127.8178248605789  9.784423870446673  18.10743141447449  -236.87848738766698  -12.605409791117545  -86.67052203870432  -35.19966669474665  -134.54358716582166  -20.468431161175893  -140.2219418780853  -47.680364508130715  -27.532281970439875  -55.91236681839141  0.48686487267498535  -163.028519765749  -66.046000755302  -83.46968413731688  -146.610574883148  3.7080181372777616  -41.010641999796384  -129.32738690020003  -607.8887612912355  -622.3528194311557  -13.301533169927616  7.926209864202882  -24.988844064287328  -4.547669760849196  -49.345061729883504  20.222062069606423  
-20.911291351222474  -171.00752425104628  -120.66275857231477  -0.46687091710847994  -148.50635468096954  -6.084412693538624  21.807473122374653  0.0  -56.88925434784201  -137.39831574104883  -30.724151442020897  -70.43537712379612  7.424883227570135  13.694098857242395  27.625571876180913  38.2573254397426  -162.41814355270873  -76.86020447326118  -34.99155833593299  37.19430108214042  -48.837045256536186  13.261035474030251  -57.3745776837622  -21.402280984996807  -213.00787458109534  9.9527547960613  -141.9466250970929  -59.941434822011956  -63.81732688336939  -59.75213163283567  1.0422037693123514  -71.86294160439866  -90.27445478905321  -154.76883610054895  -111.66857216257122  51.90721931813698  32.166243112779306  -13.516536838924736  -81.00899994315566  -53.88998808346486  11.856527082650388  -2.279034437460737  -11.67889711545402  -18.648237216000894  -42.094511062032026  28.297763915856628  -14.21078064377808  -23.315968397144232  39.150937680284315  -83.77317524075198  42.49263139692876  -102.87027068771138  -14.192574079925564  38.58248808775281  13.23070964455647  4.394300739603736  -14.911586415241445  -50.8881800366465  -291.7569192887141  24.579102740601797  -133.25971374315398  -218.46742463215736  -154.76883610054895  -41.79448618570865  34.00398234169095  31.61814351832532  10.595026505110184  -56.70007451355957  -233.3681781460076  -96.11188572460537  -65.84149794685723  -216.01587114755307  -106.01035173820424  31.591896992821326  39.91490453684914  -215.07101426529232  9.202063331257108  -64.86304891632966  -13.392193572371994  -112.736114043447  1.3390419611987596  -118.41446875571063  -25.872891385756063  -5.724808848065223  -34.10489369601676  22.294337995049638  -141.22104664337434  -44.238527632927344  -61.662211014942216  -124.80310176077333  25.515491259652414  -19.20316887742173  -107.51991377782537  -586.0812881688609  -600.5453463087811  8.505939952447036  29.733682986577534  -3.181370941912675  17.259803361525456  -27.53758860750885  42.029535191981076  
35.97796299661954  -114.11826990320426  -63.77350422447276  56.42238343073353  -91.61710033312752  50.80484165430339  78.69672747021667  56.88925434784201  0.0  -80.50906139320682  26.165102905821115  -13.546122775954103  64.31413757541215  70.5833532050844  84.51482622402293  95.14657978758461  -105.52888920486672  -19.970950125419165  21.89769601190902  94.08355542998243  8.052209091305826  70.15028982187226  -0.4853233359201852  35.486973362845205  -156.11862023325332  66.84200914390331  -85.05737074925088  -3.052180474169944  -6.928072535527377  -2.862877284993658  57.931458117154364  -14.973687256556644  -33.3852004412112  -97.87958175270694  -54.77931781472921  108.796473665979  89.05549746062132  43.372717508917276  -24.119745595313645  2.9992662643771553  68.7457814304924  54.610219910381275  45.21035723238799  38.24101713184112  14.794743285809986  85.18701826369863  42.67847370406393  33.57328595069778  96.04019202812633  -26.88392089290997  99.38188574477077  -45.98101633986937  42.69668026791645  95.47174243559482  70.11996399239848  61.28355508744575  41.97766793260057  6.001074311195509  -234.86766494087206  81.46835708844381  -76.37045939531197  -161.57817028431535  -97.87958175270694  15.094768162133363  90.89323668953296  88.50739786616734  67.4842808529522  0.18917983428244156  -176.4789237981656  -39.22263137676336  -8.952243599015219  -159.12661679971106  -49.12109739036222  88.48115134066333  96.80415888469116  -158.1817599174503  66.09131767909912  -7.973794568487648  43.49706077547002  -55.84685969560499  58.22829630904077  -61.52521440786862  31.01636296208595  51.16444549977679  22.784360651825253  79.18359234289164  -84.33179229553232  12.650726714914668  -4.772956667100203  -67.91384741293132  82.40474560749442  37.68608547042028  -50.63065942998335  -529.1920338210189  -543.6560919609391  65.39519430028905  86.62293733441955  53.70788340592934  74.14905770936747  29.35166574033316  98.91878953982308  
116.48702438982636  -33.609208509997444  16.73555716873406  136.93144482394035  -11.108038939920704  131.31390304751022  159.2057888634235  137.39831574104883  80.50906139320682  0.0  106.67416429902794  66.96293861725272  144.82319896861895  151.0924145982912  165.02388761722975  175.65564118079143  -25.019827811659894  60.538111267787656  102.40675740511584  174.59261682318925  88.56127048451265  150.65935121507908  80.02373805728664  115.99603475605203  -75.6095588400465  147.35107053711013  -4.548309356044058  77.45688091903688  73.58098885767944  77.64618410821316  138.44051951036118  65.53537413665018  47.123860951995624  -17.37052035950012  25.72974357847761  189.30553505918581  169.56455885382815  123.8817789021241  56.389315797893175  83.50832765758398  149.25484282369922  135.11928130358808  125.71941862559481  118.75007852504794  95.3038046790168  165.69607965690545  123.18753509727075  114.0823473439046  176.54925342133316  53.62514050029685  179.8909471379776  34.52804505333745  123.20574166112327  175.98080382880164  150.6290253856053  141.79261648065255  122.48672932580739  86.51013570440233  -154.35860354766524  161.97741848165063  4.1386019978948525  -81.06910889110853  -17.37052035950012  95.60382955534018  171.40229808273978  169.01645925937416  147.99334224615902  80.69824122748926  -95.96986240495877  41.28643001644346  71.5568177941916  -78.61755540650424  31.387964002844598  168.99021273387015  177.31322027789798  -77.67269852424349  146.60037907230594  72.53526682471917  124.00612216867684  24.66220169760183  138.7373577022476  18.983846985338204  111.52542435529277  131.6735068929836  103.29342204503207  159.69265373609846  -3.822730902325503  93.15978810812149  75.73610472610662  12.595213980275503  162.91380700070124  118.1951468636271  29.878401963223467  -448.68297242781205  -463.14703056773226  145.90425569349588  167.13199872762635  134.21694479913617  154.6581191025743  109.86072713353998  179.4278509330299  
9.812860090798424  -140.28337280902537  -89.93860713029387  30.257280524912417  -117.78220323894864  24.639738748482273  52.53162456439555  30.724151442020897  -26.165102905821115  -106.67416429902794  0.0  -39.71122568177522  38.14903466959103  44.41825029926329  58.34972331820181  68.9814768817635  -131.69399211068782  -46.13605303124028  -4.267406893912096  67.91845252416132  -18.11289381451529  43.98518691605115  -26.6504262417413  9.32187045702409  -182.28372313907443  40.676906238082196  -111.222473655072  -29.21728337999106  -33.09317544134849  -29.027980190814773  31.76635521133325  -41.13879016237776  -59.55030334703231  -124.04468465852806  -80.94442072055033  82.63137076015788  62.8903945548002  17.20761460309616  -50.28484850113476  -23.16583664144396  42.580678524671285  28.44511700456016  19.045254326566877  12.075914226020004  -11.37035962001113  59.021915357877525  16.513370798242818  7.408183044876665  69.87508912230521  -53.049023798731085  73.21678283894965  -72.14611924569049  16.531577362095334  69.3066395297737  43.95486108657737  35.11845218162463  15.812565026779453  -20.164028594625606  -261.03276784669316  55.303254182622695  -102.53556230113308  -187.74327319013645  -124.04468465852806  -11.070334743687752  64.72813378371185  62.342294960346216  41.31917794713108  -25.975923071538674  -202.6440267039867  -65.38773428258447  -35.117346504836334  -185.29171970553216  -75.28620029618334  62.31604843484222  70.63905597887003  -184.3468628232714  39.926214773278005  -34.13889747430876  17.331957869648903  -82.0119626014261  32.06319340321966  -87.69031731368973  4.8512600562648345  24.999342593955674  -3.3807422539958623  53.018489437070535  -110.49689520135344  -13.514376190906447  -30.93805957292132  -94.07895031875243  56.23964270167331  11.520982564599166  -76.79576233580447  -555.3571367268399  -569.8211948667602  39.230091394467934  60.45783442859843  27.542780500108222  47.983954803546354  3.1865628345120456  72.75368663400198  
49.52408577257364  -100.57214712725016  -50.227381448518656  69.96850620668764  -78.07097755717342  64.35096443025749  92.24285024617078  70.43537712379612  13.546122775954103  -66.96293861725272  39.71122568177522  0.0  77.86026035136625  84.12947598103851  98.06094899997703  108.69270256353872  -91.98276642891261  -6.424827349465062  35.44381878786312  107.62967820593653  21.59833186725993  83.69641259782637  13.060799440033918  49.03309613879931  -142.57249745729922  80.38813191985741  -71.51124797329678  10.493942301784159  6.618050240426726  10.683245490960445  71.47758089310847  -1.4275644806025412  -19.839077665257093  -84.33345897675284  -41.23319503877511  122.3425964419331  102.60162023657543  56.91884028487138  -10.573622819359542  16.54538904033126  82.2919042064465  68.15634268633538  58.756480008342095  51.78713990779522  28.34086606176409  98.73314103965274  56.224596480018036  47.11940872665188  109.58631480408043  -13.337798116955867  112.92800852072487  -32.43489356391527  56.24280304387055  109.01786521154892  83.66608676835259  74.82967786339985  55.52379070855467  19.547197087149613  -221.32154216491796  95.01447986439791  -62.824336619357865  -148.03204750836125  -84.33345897675284  28.640890938087466  104.43935946548706  102.05352064212144  81.0304036289063  13.735302610236545  -162.9328010222115  -25.676508600809257  4.593879176938884  -145.58049402375696  -35.57497461440812  102.02727411661743  110.35028166064527  -144.6356371414962  79.63744045505322  5.572328207466455  57.04318355142412  -42.30073691965089  71.77441908499488  -47.979091631914514  44.56248573804005  64.71056827573089  36.330483427779356  92.72971511884575  -70.78566951957822  26.19684949086877  8.7731661088539  -54.367724636977215  95.95086838344852  51.232208246374384  -37.08453665402925  -515.6459110450647  -530.109969184985  78.94131707624315  100.16906011037365  67.25400618188344  87.69518048532157  42.897788516287264  112.46491231577718  
-28.33617457879261  -178.43240747861643  -128.08764179988492  -7.891754144678615  -155.93123790853969  -13.509295921108759  14.382589894804518  -7.424883227570135  -64.31413757541215  -144.82319896861895  -38.14903466959103  -77.86026035136625  0.0  6.26921562967226  20.20068864861078  30.832442212172467  -169.84302678027888  -84.28508770083131  -42.41644156350313  29.769417854570285  -56.26192848410632  5.8361522464601165  -64.79946091133233  -28.82716421256694  -220.43275780866549  2.5278715684911646  -149.371508324663  -67.36631804958209  -71.24221011093952  -67.1770148604058  -6.382679458257783  -79.28782483196879  -97.69933801662334  -162.19371932811907  -119.09345539014136  44.48233609056685  24.74135988520917  -20.94142006649487  -88.43388317072579  -61.31487131103499  4.431643855080253  -9.703917665030872  -19.103780343024155  -26.073120443571028  -49.51939428960216  20.872880688286493  -21.635663871348214  -30.740851624714367  31.72605445271418  -91.19805846832212  35.06774816935862  -110.29515391528152  -21.617457307495698  31.157604860182673  5.805826416986335  -3.0305824879663987  -22.33646964281158  -58.31306326421664  -299.1818025162842  17.154219513031663  -140.6845969707241  -225.8923078597275  -162.19371932811907  -49.219369413278784  26.579099114120815  24.193260290755184  3.170143277540049  -64.1249577411297  -240.79306137357776  -103.5367689521755  -73.26638117442737  -223.44075437512322  -113.43523496577437  24.16701376525119  32.49002130927901  -222.49589749286247  1.7771801036869732  -72.2879321438998  -20.81707679994213  -120.16099727101714  -6.085841266371375  -125.83935198328076  -33.2977746133262  -13.149692075635357  -41.529776923586894  14.869454767479503  -148.64592987094449  -51.66341086049748  -69.08709424251235  -132.22798498834345  18.09060803208228  -26.628052104991866  -114.9447970053955  -593.506171396431  -607.9702295363512  1.0810567248769019  22.3087997590074  -10.60625416948281  9.834920133955322  -34.962471835078986  34.60465196441094  
-34.60539020846487  -184.7016231082887  -134.35685742955718  -14.160969774350875  -162.20045353821195  -19.77851155078102  8.113374265132258  -13.694098857242395  -70.5833532050844  -151.0924145982912  -44.41825029926329  -84.12947598103851  -6.26921562967226  0.0  13.931473018938519  24.563226582500207  -176.11224240995114  -90.55430333050357  -48.68565719317539  23.500202224898025  -62.53114411377858  -0.43306338321214355  -71.06867654100459  -35.0963798422392  -226.70197343833775  -3.7413440611810955  -155.64072395433527  -73.63553367925435  -77.51142574061178  -73.44623049007807  -12.651895087930043  -85.55704046164105  -103.9685536462956  -168.46293495779133  -125.36267101981362  38.21312046089459  18.47214425553691  -27.21063569616713  -94.70309880039805  -67.58408694070725  -1.837571774592007  -15.973133294703132  -25.372995972696415  -32.34233607324329  -55.78860991927442  14.603665058614233  -27.904879501020474  -37.01006725438663  25.45683882304192  -97.46727409799438  28.798532539686363  -116.56436954495378  -27.88667293716796  24.888389230510413  -0.46338921268592514  -9.299798117638659  -28.60568527248384  -64.5822788938889  -305.4510181459565  10.885003883359403  -146.95381260039636  -232.16152348939977  -168.46293495779133  -55.488585042951044  20.309883484448555  17.924044661082924  -3.099072352132211  -70.39417337080197  -247.06227700325002  -109.80598458184777  -79.53559680409963  -229.70997000479548  -119.70445059544663  17.89779813557893  26.220805679606748  -228.76511312253473  -4.492035525985287  -78.55714777357205  -27.08629242961439  -126.4302129006894  -12.355056896043635  -132.10856761295304  -39.56699024299846  -19.418907705307618  -47.798992553259154  8.600239137807243  -154.91514550061675  -57.93262649016974  -75.35630987218461  -138.4972006180157  11.82139240241002  -32.897267734664126  -121.21401263506776  -599.7753870261032  -614.2394451660234  -5.188158904795358  16.03958412933514  -16.87546979915507  3.5657045042830617  -41.231687464751246  28.33543633473868  
-48.53686322740339  -198.6330961272272  -148.28833044849569  -28.092442793289393  -176.13192655715045  -33.70998456971954  -5.818098753806261  -27.625571876180913  -84.51482622402293  -165.02388761722975  -58.34972331820181  -98.06094899997703  -20.20068864861078  -13.931473018938519  0.0  10.631753563561688  -190.04371542888964  -104.48577634944209  -62.617130212113906  9.568729205959507  -76.4626171327171  -14.364536402150662  -85.00014955994311  -49.02785286117772  -240.63344645727625  -17.672817080119614  -169.5721969732738  -87.56700669819287  -91.4428987595503  -87.37770350901658  -26.583368106868562  -99.48851348057957  -117.90002666523412  -182.39440797672987  -139.29414403875214  24.281647441956068  4.540671236598392  -41.14210871510565  -108.63457181933657  -81.51555995964577  -15.769044793530526  -29.90460631364165  -39.304468991634934  -46.27380909218181  -69.72008293821294  0.6721920396757142  -41.83635251995899  -50.941540273325145  11.525365804103402  -111.3987471169329  14.867059520747844  -130.4958425638923  -41.81814595610648  10.956916211571894  -14.394862231624444  -23.231271136577178  -42.53715829142236  -78.51375191282742  -319.382491164895  -3.046469135579116  -160.8852856193349  -246.09299650833827  -182.39440797672987  -69.42005806188956  6.378410465510036  3.992571642144405  -17.03054537107073  -84.32564638974048  -260.9937500221885  -123.73745760078629  -93.46706982303814  -243.64144302373398  -133.63592361438515  3.9663251166404123  12.28933266066823  -242.69658614147323  -18.423508544923806  -92.48862079251057  -41.01776544855291  -140.36168591962792  -26.286529914982154  -146.04004063189154  -53.498463261936976  -33.350380724246136  -61.73046557219767  -5.331233881131276  -168.84661851955525  -71.86409950910826  -89.28778289112313  -152.42867363695424  -2.1100806165284993  -46.828740753602645  -135.14548565400628  -613.7068600450418  -628.1709181849619  -19.119631923733877  2.108111110396621  -30.80694281809359  -10.365768514655457  -55.163160483689765  14.403963315800162  
-59.168616790965075  -209.26484969078888  -158.92008401205737  -38.72419635685108  -186.76368012071214  -44.341738133281225  -16.44985231736795  -38.2573254397426  -95.14657978758461  -175.65564118079143  -68.9814768817635  -108.69270256353872  -30.832442212172467  -24.563226582500207  -10.631753563561688  0.0  -200.67546899245133  -115.11752991300378  -73.2488837756756  -1.0630243576021812  -87.09437069627879  -24.99628996571235  -95.6319031235048  -59.65960642473941  -251.26520002083794  -28.304570643681302  -180.2039505368355  -98.19876026175456  -102.07465232311199  -98.00945707257827  -37.21512167043025  -110.12026704414126  -128.5317802287958  -193.02616154029155  -149.92589760231382  13.64989387839438  -6.091082326963296  -51.77386227866734  -119.26632538289826  -92.14731352320746  -26.400798357092214  -40.53635987720334  -49.93622255519662  -56.905562655743495  -80.35183650177463  -9.959561523885974  -52.46810608352068  -61.57329383688683  0.8936122405417137  -122.03050068049458  4.235305957186156  -141.12759612745398  -52.449899519668165  0.3251626480102061  -25.02661579518613  -33.863024700138865  -53.168911854984046  -89.1455054763891  -330.0142447284567  -13.678222699140804  -171.51703918289658  -256.72475007189996  -193.02616154029155  -80.05181162545125  -4.253343098051651  -6.639181921417283  -27.662298934632418  -94.95739995330217  -271.6255035857502  -134.36921116434797  -104.09882338659983  -254.27319658729567  -144.26767717794684  -6.6654284469212755  1.6575790971065416  -253.32833970503492  -29.055262108485493  -103.12037435607226  -51.649519012114595  -150.9934394831896  -36.91828347854384  -156.67179419545323  -64.13021682549866  -43.982134287807824  -72.36221913575936  -15.962987444692963  -179.47837208311694  -82.49585307266995  -99.91953645468482  -163.06042720051593  -12.741834180090187  -57.46049431716433  -145.77723921756797  -624.3386136086035  -638.8026717485236  -29.751385487295565  -8.523642453165067  -41.43869638165528  -20.997522078217145  -65.79491404725145  3.7722097522384743  
141.50685220148625  -8.58938069833755  41.755384980393956  161.95127263560025  13.91178887173919  156.3337308591701  184.2256166750834  162.41814355270873  105.52888920486672  25.019827811659894  131.69399211068782  91.98276642891261  169.84302678027888  176.11224240995114  190.04371542888964  200.67546899245133  0.0  85.55793907944755  127.42658521677573  199.61244463484914  113.58109829617254  175.67917902673898  105.04356586894653  141.0158625677119  -50.58973102838661  172.37089834877003  20.471518455615836  102.47670873069677  98.60081666933934  102.66601191987306  163.46034732202108  90.55520194831007  72.14368876365552  7.649307452159775  50.749571390137504  214.3253628708457  194.58438666548804  148.901606713784  81.40914360955307  108.52815546924387  174.27467063535912  160.139109115248  150.7392464372547  143.76990633670783  120.3236324906767  190.71590746856535  148.20736290893063  139.1021751555645  201.56908123299303  78.64496831195675  204.91077494963747  59.547872864997345  148.22556947278315  201.00063164046153  175.6488531972652  166.81244429231248  147.50655713746727  111.52996351606222  -129.33877573600535  186.99724629331052  29.158429809554747  -56.04928107944863  7.649307452159775  120.62365736700008  196.42212589439967  194.03628707103405  173.0131700578189  105.71806903914916  -70.95003459329888  66.30625782810336  96.5766456058515  -53.59772759484434  56.40779181450449  194.01004054553005  202.33304808955788  -52.65287071258359  171.62020688396584  97.55509463637907  149.02594998033675  49.682029509261724  163.75718551390747  44.0036747969981  136.54525216695265  156.69333470464352  128.31324985669198  184.71248154775836  21.19709690933439  118.17961591978138  100.75593253776651  37.6150417919354  187.93363481236113  143.214974675287  54.89822977488336  -423.6631446161521  -438.12720275607234  170.92408350515575  192.15182653928628  159.23677261079604  179.67794691423418  134.8805549451999  204.4476787446898  
55.948913122038704  -94.1473197777851  -43.802554099053594  76.3933335561527  -71.64615020770836  70.77579177972255  98.66767759563584  76.86020447326118  19.970950125419165  -60.538111267787656  46.13605303124028  6.424827349465062  84.28508770083131  90.55430333050357  104.48577634944209  115.11752991300378  -85.55793907944755  0.0  41.868646137328184  114.05450555540159  28.02315921672499  90.12123994729143  19.48562678949898  55.45792348826437  -136.14767010783416  86.81295926932248  -65.08642062383171  16.91876965124922  13.042877589891788  17.108072840425507  77.90240824257353  4.997262868862521  -13.414250315792032  -77.90863162728778  -34.808367689310046  128.76742379139816  109.02644758604049  63.34366763433644  -4.1487954698944804  22.97021638979632  88.71673155591157  74.58117003580044  65.18130735780716  58.211967257260284  34.76569341122915  105.1579683891178  62.6494238294831  53.544236076116945  116.01114215354549  -6.912970767490805  119.35283587018994  -26.010066214450205  62.667630393335614  115.44269256101398  90.09091411781765  81.25450521286491  61.94861805801973  25.972024436614674  -214.8967148154529  101.43930721386297  -56.3995092698928  -141.60722015889618  -77.90863162728778  35.06571828755253  110.86418681495212  108.4783479915865  87.45523097837136  20.160129959701607  -156.50797367274643  -19.251681251344195  11.018706526403946  -139.1556666742919  -29.150147264943058  108.4521014660825  116.77510901011033  -138.21080979203114  86.06226780451829  11.997155556931517  63.46801090088918  -35.875909570185826  78.19924643445994  -41.55426428244945  50.987313087505115  71.13539562519595  42.75531077724442  99.15454246831081  -64.36084217011316  32.62167684033383  15.197993458318962  -47.94289728751215  102.37569573291358  57.657035595839446  -30.65970930456419  -509.22108369559965  -523.6851418355199  85.36614442570821  106.59388745983871  73.6788335313485  94.12000783478663  49.322615865752326  118.88973966524225  
