Height_Data

node	height
0	279.7141574986966
1	218.22621720048184
2	217.94374656247695
3	139.0289091854638
4	155.4136309310667
5	374.88739163610506
6	220.03067614863787
7	267.78652620110444
8	154.2306259645299
9	195.69345137180673
10	226.08825856170722
11	98.3763428244923
12	176.07030141226724
13	417.59227072597236
14	94.09918917623817
15	214.56066055841382
16	269.2373877179311
17	342.965322636609
18	78.53561916624868
19	160.9638741242036
20	199.5631425700715
21	476.40097757712687
22	437.9679742255083
23	641.1085819582726
24	134.4587800397199
25	135.42580902767952
26	354.40202555312163
27	386.55868861976194
28	336.1659922385219
29	302.6667894811517
30	400.82646117500116
31	209.39374748539578
32	207.0166295361144
33	120.7099647750346
34	247.16405612691284
35	240.68126830793895
36	197.58219548546944
37	96.46725627532582
38	123.25648900255757
39	133.40589797984538
40	137.79878387483146
41	125.17512897683083
42	43.520129769947765
43	306.90298630077024
44	49.05489153846051
45	143.13924276298357
46	97.91309351976007
47	64.17515975723852
48	86.09990322641424
49	37.78758844660395
50	724.9628644368205
51	95.89287391380815
52	353.6194359712549
53	106.87733845080994
54	96.39169410376859
55	238.51797913922402
56	172.9847061662558
57	77.48225099524264
58	110.86067453570813
59	498.64703537667333
60	54.631605584518006
61	144.5203755072438
62	288.47240070620825
63	195.56783070087303
64	59.11272887719321
65	94.85576591668178
66	233.04462469627146
67	84.00158167076522
68	221.04429374079254
69	155.0857840944994
70	297.8415022034779
71	120.96712700617796
72	118.15259181528702
73	45.52042114522215
74	87.0127909962893
75	130.4769547905673
76	67.69312577017479
77	101.18839779058338
78	138.14760980017468
79	94.8678950868852
80	89.26498322823818
81	365.86731317969816
82	134.44318036872738
83	460.77117239301117
84	136.57682646968135
85	227.87127609808786
86	235.3019667828283
87	90.67073128192025
88	113.10914129874668
89	161.06472096830683
90	157.46960977056435
91	413.4764476197297
92	127.08425117341714
93	218.55777202417877
94	466.12772450305135
95	269.8264788273612
96	297.35793181650047
97	43.26812202775662
98	144.29437119628392
99	499.0635074358067
100	49.05011320738914



height_matrix
0.0  61.48794029821474  61.77041093621963  140.6852483132328  124.30052656762987  -95.17323413740849  59.68348135005871  11.927631297592143  125.48353153416667  84.02070612688985  53.62589893698936  181.33781467420428  103.64385608642934  -137.87811322727578  185.61496832245842  65.15349694028276  10.476769780765494  -63.25116513791244  201.17853833244789  118.75028337449297  80.15101492862507  -196.6868200784303  -158.25381672681175  -361.394424459576  145.25537745897668  144.28834847101706  -74.68786805442505  -106.84453112106536  -56.4518347398253  -22.952631982455102  -121.11230367630458  70.3204100133008  72.69752796258217  159.00419272366196  32.55010137178374  39.03288919075763  82.13196201322714  183.24690122337074  156.457668496139  146.3082595188512  141.91537362386512  154.53902852186576  236.1940277287488  -27.188828802073658  230.65926596023607  136.574914735713  181.8010639789365  215.53899774145805  193.61425427228232  241.92656905209265  -445.2487069381239  183.82128358488842  -73.90527847255834  172.83681904788665  183.32246339492798  41.196178359472555  106.72945133244079  202.23190650345396  168.85348296298844  -218.93287787797675  225.08255191417857  135.19378199145277  -8.758243207511669  84.14632679782355  220.60142862150337  184.8583915820148  46.669532802425124  195.71257582793135  58.66986375790404  124.62837340419719  -18.127344704781308  158.7470304925186  161.56156568340955  234.19373635347443  192.70136650240727  149.23720270812927  212.0210317285218  178.52575970811318  141.5665476985219  184.84626241181138  190.4491742704584  -86.15315568100158  145.2709771299692  -181.0570148943146  143.13733102901523  51.84288140060872  44.41219071586829  189.0434262167763  166.6050161999499  118.64943653038975  122.24454772813223  -133.76229012103312  152.62990632527942  61.156385474517805  -186.41356700435477  9.88767867133538  -17.64377431780389  236.44603547093996  135.41978630241266  -219.3493499371101  230.66404429130745  
-61.48794029821474  0.0  0.28247063800489514  79.19730801501805  62.812586269415135  -156.66117443562322  -1.8044589481560251  -49.560309000622595  63.995591235951935  22.53276582867511  -7.86204136122538  119.84987437598954  42.1559157882146  -199.3660535254905  124.12702802424367  3.665556642068026  -51.011170517449244  -124.73910543612718  139.69059803423318  57.26234307627823  18.663074630410335  -258.17476037664505  -219.7417570250265  -422.8823647577907  83.76743716076194  82.80040817280232  -136.1758083526398  -168.3324714192801  -117.93977503804004  -84.44057228066984  -182.60024397451932  8.832469715086063  11.209587664367433  97.51625242544723  -28.937838926431  -22.45505110745711  20.6440217150124  121.75896092515602  94.96972819792427  84.82031922063646  80.42743332565038  93.051088223651  174.70608743053407  -88.6767691002884  169.17132566202133  75.08697443749827  120.31312368072177  154.05105744324334  132.1263139740676  180.43862875387788  -506.7366472363386  122.3333432866737  -135.39321877077307  111.3488787496719  121.83452309671326  -20.291761938742184  45.24151103422605  140.7439662052392  107.36554266477371  -280.42081817619146  163.59461161596383  73.70584169323803  -70.2461835057264  22.65838649960881  159.11348832328864  123.37045128380007  -14.818407495789614  134.22463552971664  -2.818076540310699  63.14043310598245  -79.61528500299605  97.25909019430388  100.07362538519482  172.7057960552597  131.21342620419256  87.74926240991454  150.53309143030705  117.03781940989846  80.07860740030716  123.35832211359664  128.96123397224366  -147.64109597921632  83.78303683175446  -242.54495519252933  81.64939073080049  -9.64505889760602  -17.075749582346447  127.55548591856159  105.11707590173516  57.16149623217501  60.756607429917494  -195.25023041924786  91.1419660270647  -0.33155482369693345  -247.9015073025695  -51.60026162687936  -79.13171461601863  174.95809517272522  73.93184600419792  -280.8372902353249  169.1761039930927  
-61.77041093621963  -0.28247063800489514  0.0  78.91483737701316  62.53011563141024  -156.94364507362812  -2.0869295861609203  -49.84277963862749  63.71312059794704  22.250295190670215  -8.144511999230275  119.56740373798465  41.873445150209704  -199.6485241634954  123.84455738623878  3.3830860040631308  -51.29364115545414  -125.02157607413207  139.40812739622828  56.97987243827333  18.38060399240544  -258.4572310146499  -220.02422766303138  -423.16483539579565  83.48496652275705  82.51793753479743  -136.4582789906447  -168.614942057285  -118.22224567604493  -84.72304291867474  -182.8827146125242  8.549999077081168  10.927117026362538  97.23378178744234  -29.220309564435894  -22.737521745462004  20.361551077007505  121.47649028715112  94.68725755991937  84.53784858263157  80.14496268764549  92.76861758564611  174.42361679252917  -88.95923973829329  168.88885502401644  74.80450379949338  120.03065304271688  153.76858680523844  131.84384333606272  180.15615811587298  -507.0191178743436  122.0508726486688  -135.67568940877797  111.066408111667  121.55205245870836  -20.57423257674708  44.959040396221155  140.4614955672343  107.08307202676882  -280.7032888141964  163.31214097795893  73.42337105523313  -70.5286541437313  22.375915861603914  158.83101768528374  123.08798064579517  -15.10087813379451  133.94216489171174  -3.100547178315594  62.85796246797756  -79.89775564100094  96.97661955629899  99.79115474718992  172.4233254172548  130.93095556618766  87.46679177190964  150.25062079230216  116.75534877189357  79.79613676230227  123.07585147559175  128.67876333423877  -147.9235666172212  83.50056619374956  -242.82742583053422  81.3669200927956  -9.927529535610915  -17.358220220351342  127.27301528055669  104.83460526373027  56.879025594170116  60.4741367919126  -195.53270105725275  90.8594953890598  -0.6140254617018286  -248.1839779405744  -51.882732264884254  -79.41418525402352  174.67562453472033  73.64937536619303  -281.1197608733297  168.89363335508781  
-140.6852483132328  -79.19730801501805  -78.91483737701316  0.0  -16.384721745602917  -235.85848245064128  -81.00176696317408  -128.75761701564065  -15.201716779066118  -56.66454218634294  -87.05934937624343  40.65256636097149  -37.04139222680345  -278.5633615405086  44.92972000922562  -75.53175137295003  -130.2084785324673  -203.93641345114523  60.49329001921511  -21.934964938739824  -60.53423338460772  -337.3720683916631  -298.9390650400445  -502.07967277280875  4.570129145743891  3.6031001577842687  -215.37311636765784  -247.52977943429815  -197.1370830530581  -163.6378802956879  -261.7975519895374  -70.36483829993199  -67.98772035065062  18.318944410429182  -108.13514694144905  -101.65235912247516  -58.55328630000565  42.561652910137965  15.772420182906217  5.623011205618411  1.2301253106323315  13.853780208632955  95.50877941551602  -167.87407711530645  89.97401764700328  -4.110333577519782  41.11581566570372  74.85374942822527  52.92900595904955  101.24132073885984  -585.9339552513567  43.13603527165564  -214.59052678579113  32.151570734653845  42.6372150816952  -99.48906995376024  -33.955796980792  61.54665819022115  28.16823464975566  -359.6181261912095  84.39730360094578  -5.491466321780024  -149.44349152074446  -56.53892151540924  79.91618030827058  44.17314326878201  -94.01571551080767  55.02732751469857  -82.01538455532875  -16.0568749090356  -158.8125930180141  18.061782179285828  20.876317370176764  93.50848804024164  52.01611818917449  8.551954394896484  71.335783415289  37.84051139488041  0.8812993852891111  44.16101409857859  49.76392595722561  -226.83840399423437  4.585728816736406  -321.74226320754735  2.4520827157824385  -88.84236691262407  -96.2730575973645  48.358177903543535  25.91976788671711  -22.03581178284304  -18.440700585100558  -274.4475384342659  11.944658012046645  -79.52886283871499  -327.09881531758754  -130.7975696418974  -158.32902263103668  95.76078715770717  -5.26546201082013  -360.0345982503429  89.97879597807466  
-124.30052656762987  -62.812586269415135  -62.53011563141024  16.384721745602917  0.0  -219.47376070503836  -64.61704521757116  -112.37289527003773  1.1830049665367994  -40.279820440740025  -70.67462763064052  57.03728810657441  -20.656670481200536  -262.1786397949056  61.314441754828536  -59.14702962734711  -113.82375678686438  -187.5516917055423  76.87801176481803  -5.550243193136907  -44.1495116390048  -320.98734664606013  -282.55434329444165  -485.6949510272059  20.95485089134681  19.987821903387186  -198.98839462205493  -231.14505768869523  -180.75236130745517  -147.25315855008498  -245.41283024393445  -53.98011655432907  -51.6029986050477  34.7036661560321  -91.75042519584613  -85.26763737687224  -42.168564554402735  58.94637465574088  32.157141928509134  22.007732951221328  17.61484705623525  30.238501954235872  111.89350116111893  -151.48935536970353  106.3587393926062  12.274388168083135  57.50053741130664  91.23847117382819  69.31372770465246  117.62604248446276  -569.5492335057538  59.52075701725856  -198.2058050401882  48.53629248025676  59.02193682729812  -83.10434820815732  -17.571075235189085  77.93137993582407  44.55295639535858  -343.23340444560665  100.78202534654869  10.893255423822893  -133.05876977514154  -40.154199769806326  96.3009020538735  60.55786501438493  -77.63099376520475  71.41204926030149  -65.63066280972583  0.3278468365673177  -142.42787127241118  34.446503924888745  37.26103911577968  109.89320978584456  68.40083993477741  24.9366761404994  87.72050516089192  54.225233140483326  17.266021130892028  60.54573584418151  66.14864770282853  -210.45368224863145  20.970450562339323  -305.3575414619445  18.836804461385356  -72.45764516702116  -79.88833585176158  64.74289964914645  42.30448963232003  -5.651090037240124  -2.055978839497641  -258.062816688663  28.329379757649562  -63.14414109311207  -310.7140935719847  -114.4128478962945  -141.94430088543376  112.14550890331009  11.119259734782787  -343.64987650473995  106.36351772367757  
95.17323413740849  156.66117443562322  156.94364507362812  235.85848245064128  219.47376070503836  0.0  154.8567154874672  107.10086543500063  220.65676567157516  179.19394026429833  148.79913307439784  276.5110488116128  198.81709022383782  -42.70487908986729  280.7882024598669  160.32673107769125  105.65000391817398  31.922068999496048  296.35177246985637  213.92351751190145  175.32424906603356  -101.5135859410218  -63.080582589403264  -266.2211903221675  240.42861159638517  239.46158260842554  20.485366082983433  -11.671296983656873  38.721399397583184  72.22060215495338  -25.939069538896092  165.4936441507093  167.87076209999066  254.17742686107044  127.72333550919222  134.20612332816611  177.30519615063562  278.4201353607792  251.6309026335475  241.4814936562597  237.0886077612736  249.71226265927424  331.3672618661573  67.98440533533483  325.8325000976446  231.7481488731215  276.974298116345  310.71223187886653  288.7874884096908  337.09980318950113  -350.07547280071543  278.9945177222969  21.26795566485015  268.01005318529513  278.49569753233646  136.36941249688104  201.90268546984927  297.40514064086244  264.0267171003969  -123.75964374056827  320.25578605158705  230.36701612886125  86.41499092989682  179.31956093523203  315.77466275891186  280.0316257194233  141.8427669398336  290.88580996533983  153.84309789531252  219.80160754160568  77.04588943262718  253.9202646299271  256.734799820818  329.3669704908829  287.87460063981575  244.41043684553776  307.1942658659303  273.69899384552167  236.7397818359304  280.01949654921987  285.6224084078669  9.020078456406907  240.44421126737768  -85.8837807569061  238.31056516642371  147.0161155380172  139.58542485327678  284.2166603541848  261.7782503373584  213.82267066779823  217.41778186554072  -38.58905598362463  247.8031404626879  156.3296196119263  -91.24033286694629  105.06091280874386  77.5294598196046  331.6192696083484  230.59302043982115  -124.17611579970162  325.83727842871593  
-59.68348135005871  1.8044589481560251  2.0869295861609203  81.00176696317408  64.61704521757116  -154.8567154874672  0.0  -47.75585005246657  65.80005018410796  24.337224776831135  -6.057582413069355  121.65433332414557  43.960374736370625  -197.5615945773345  125.9314869723997  5.470015590224051  -49.20671156929322  -122.93464648797115  141.4950569823892  59.06680202443425  20.46753357856636  -256.37030142848903  -217.93729807687046  -421.0779058096347  85.57189610891797  84.60486712095835  -134.37134940448377  -166.52801247112407  -116.13531608988401  -82.63611333251382  -180.7957850263633  10.636928663242088  13.014046612523458  99.32071137360326  -27.133379978274974  -20.650592159301084  22.448480663168425  123.56341987331204  96.7741871460803  86.62477816879249  82.23189227380641  94.85554717180703  176.5105463786901  -86.87231015213237  170.97578461017736  76.8914333856543  122.1175826288778  155.85551639139936  133.93077292222364  182.2430877020339  -504.9321882881826  124.13780223482972  -133.58875982261705  113.15333769782792  123.63898204486928  -18.48730299058616  47.045969982382076  142.54842515339521  109.17000161292974  -278.61635922803544  165.39907056411985  75.51030064139405  -68.44172455757038  24.462845447764835  160.91794727144466  125.17491023195609  -13.01394854763359  136.02909447787266  -1.0136175921546737  64.94489205413848  -77.81082605484002  99.0635491424599  101.87808433335084  174.51025500341572  133.01788515234858  89.55372135807056  152.33755037846308  118.84227835805449  81.88306634846319  125.16278106175267  130.7656929203997  -145.8366370310603  85.58749577991048  -240.7404962443733  83.45384967895652  -7.840599949449995  -15.271290634190422  129.35994486671763  106.92153484989119  58.965955180331036  62.56106637807352  -193.44577147109183  92.94642497522072  1.4729041244590917  -246.0970483544135  -49.795802678723334  -77.3272556678626  176.76255412088125  75.73630495235395  -279.03283128716885  170.98056294124873  
-11.927631297592143  49.560309000622595  49.84277963862749  128.75761701564065  112.37289527003773  -107.10086543500063  47.75585005246657  0.0  113.55590023657453  72.0930748292977  41.698267639397216  169.41018337661214  91.7162247888372  -149.80574452486792  173.68733702486628  53.22586564269062  -1.4508615168266488  -75.17879643550458  189.25090703485574  106.82265207690082  68.22338363103293  -208.61445137602243  -170.1814480244039  -373.32205575716813  133.32774616138454  132.36071717342492  -86.6154993520172  -118.7721624186575  -68.37946603741744  -34.880263280047245  -133.03993497389672  58.39277871570866  60.76989666499003  147.07656142606982  20.622470074191597  27.105257893165486  70.204330715635  171.3192699257786  144.53003719854686  134.38062822125906  129.98774232627298  142.61139722427362  224.26639643115666  -39.1164600996658  218.73163466264393  124.64728343812087  169.87343268134435  203.6113664438659  181.68662297469018  229.9989377545005  -457.17633823571606  171.89365228729628  -85.83290977015048  160.9091877502945  171.39483209733584  29.26854706188041  94.80182003484865  190.3042752058618  156.9258516653963  -230.8605091755689  213.15492061658642  123.26615069386062  -20.68587450510381  72.2186955002314  208.67379732391123  172.93076028442266  34.74190150483298  183.7849445303392  46.7422324603119  112.70074210660505  -30.05497600237345  146.81939919492646  149.6339343858174  222.2661050558823  180.77373520481513  137.30957141053713  200.09340043092965  166.59812841052104  129.63891640092976  172.91863111421924  178.52154297286626  -98.08078697859372  133.34334583237705  -192.98464619190673  131.2096997314231  39.915250103016575  32.48455941827615  177.11579491918417  154.67738490235774  106.7218052327976  110.31691643054009  -145.68992141862526  140.70227502768728  49.22875417692566  -198.34119830194692  -2.0399526262567633  -29.57140561539603  224.51840417334782  123.49215500482052  -231.27698123470225  218.7364129937153  
-125.48353153416667  -63.995591235951935  -63.71312059794704  15.201716779066118  -1.1830049665367994  -220.65676567157516  -65.80005018410796  -113.55590023657453  0.0  -41.462825407276824  -71.85763259717731  55.85428314003761  -21.839675447737335  -263.36164476144245  60.13143678829174  -60.33003459388391  -115.00676175340118  -188.7346966720791  75.69500679828123  -6.733248159673707  -45.3325166055416  -322.17035161259696  -283.7373482609784  -486.87795599374266  19.77184592481001  18.804816936850386  -200.17139958859173  -232.32806265523203  -181.93536627399197  -148.43616351662178  -246.59583521047125  -55.16312152086587  -52.7860035715845  33.5206611894953  -92.93343016238293  -86.45064234340904  -43.351569520939535  57.76336968920408  30.974136961972334  20.82472798468453  16.43184208969845  29.055496987699073  110.71049619458213  -152.67236033624033  105.1757344260694  11.091383201546336  56.31753244476984  90.05546620729139  68.13072273811567  116.44303751792596  -570.7322384722906  58.33775205072176  -199.388810006725  47.35328751371996  57.83893186076132  -84.28735317469412  -18.754080201725884  76.74837496928727  43.36995142882178  -344.4164094121434  99.5990203800119  9.710250457286094  -134.24177474167834  -41.337204736343125  95.1178970873367  59.37486004784813  -78.81399873174155  70.22904429376469  -66.81366777626263  -0.8551581299694817  -143.61087623894798  33.263498958351946  36.07803414924288  108.71020481930776  67.21783496824061  23.7536711739626  86.53750019435512  53.042228173946526  16.08301616435523  59.36273087764471  64.96564273629173  -211.63668721516825  19.787445595802524  -306.54054642848126  17.653799494848556  -73.64065013355795  -81.07134081829838  63.55989468260965  41.12148466578323  -6.834095003776923  -3.2389838060344402  -259.2458216551998  27.146374791112763  -64.32714605964887  -311.89709853852145  -115.5958528628313  -143.12730585197056  110.96250393677329  9.936254768245988  -344.8328814712768  105.18051275714078  
-84.02070612688985  -22.53276582867511  -22.250295190670215  56.66454218634294  40.279820440740025  -179.19394026429833  -24.337224776831135  -72.0930748292977  41.462825407276824  0.0  -30.39480718990049  97.31710854731443  19.62314995953949  -221.89881935416562  101.59426219556856  -18.867209186607084  -73.54393634612435  -147.2718712648023  117.15783220555805  34.72957724760312  -3.869691198264775  -280.70752620532016  -242.2745228537016  -445.4151305864658  61.23467133208683  60.26764234412721  -158.7085741813149  -190.8652372479552  -140.47254086671515  -106.97333810934495  -205.13300980319443  -13.700296113589047  -11.323178164307677  74.98348659677212  -51.47060475510611  -44.98781693613222  -1.8887441136627103  99.22619509648091  72.43696236924916  62.28755339196135  57.89466749697527  70.5183223949759  152.17332160185896  -111.2095349289635  146.63855983334622  52.55420860882316  97.78035785204666  131.51829161456823  109.59354814539249  157.90586292520277  -529.2694130650137  99.80057745799859  -157.92598459944819  88.81611292099679  99.30175726803814  -42.824527767417294  22.70874520555094  118.2112003765641  84.8327768360986  -302.95358400486657  141.06184578728872  51.17307586456292  -92.77894933440152  0.12562067093369933  136.58072249461352  100.83768545512496  -37.351173324464725  111.69186970104151  -25.35084236898581  40.60766727730734  -102.14805083167116  74.72632436562877  77.5408595565197  150.1730302265846  108.68066037551743  65.21649658123943  128.00032560163194  94.50505358122335  57.54584157163205  100.82555628492153  106.42846814356855  -170.17386180789143  61.25027100307935  -265.0777210212044  59.11662490212538  -32.17782472628113  -39.60851541102156  105.02272008988648  82.58431007306005  34.6287304034999  38.223841601242384  -217.78299624792297  68.60920019838959  -22.864320652372044  -270.4342731312446  -74.13302745555447  -101.66448044469374  152.4253293440501  51.39908017552281  -303.370056064  146.6433381644176  
-53.62589893698936  7.86204136122538  8.144511999230275  87.05934937624343  70.67462763064052  -148.79913307439784  6.057582413069355  -41.698267639397216  71.85763259717731  30.39480718990049  0.0  127.71191573721492  50.01795714943998  -191.50401216426513  131.98906938546907  11.527598003293406  -43.149129156223864  -116.8770640749018  147.55263939545853  65.12438443750361  26.525115991635715  -250.31271901541965  -211.8797156638011  -415.02032339656535  91.62947852198732  90.6624495340277  -128.3137669914144  -160.47043005805472  -110.07773367681466  -76.57853091944446  -174.73820261329394  16.694511076311443  19.071629025592813  105.37829378667261  -21.07579756520562  -14.59300974623173  28.50606307623778  129.62100228638138  102.83176955914965  92.68236058186184  88.28947468687576  100.91312958487639  182.56812879175945  -80.81472773906302  177.0333670232467  82.94901579872365  128.17516504194714  161.9130988044687  139.98835533529297  188.3006701151033  -498.8746058751133  130.19538464789906  -127.5311774095477  119.21092011089728  129.69656445793862  -12.429720577516804  53.10355239545143  148.6060075664646  115.22758402599909  -272.5587768149661  171.4566529771892  81.56788305446341  -62.38414214450103  30.52042786083419  166.97552968451402  131.23249264502545  -6.9563661345642345  142.086676890942  5.043964820914681  71.00247446720783  -71.75324364177067  105.12113155552926  107.9356667464202  180.56783741648508  139.0754675654179  95.61130377113992  158.39513279153243  124.89986077112384  87.94064876153254  131.22036347482202  136.82327533346904  -139.77905461799094  91.64507819297984  -234.68291383130395  89.51143209202587  -1.7830175363806404  -9.213708221121067  135.41752727978695  112.97911726296054  65.02353759340039  68.61864879114287  -187.38818905802248  99.00400738829008  7.530486537528446  -240.03946594134413  -43.73822026565398  -71.26967325479325  182.8201365339506  81.7938873654233  -272.97524887409946  177.0381453543181  
-181.33781467420428  -119.84987437598954  -119.56740373798465  -40.65256636097149  -57.03728810657441  -276.5110488116128  -121.65433332414557  -169.41018337661214  -55.85428314003761  -97.31710854731443  -127.71191573721492  0.0  -77.69395858777494  -319.2159279014801  4.277153648254128  -116.18431773392152  -170.8610448934388  -244.58897981211672  19.84072365824362  -62.587531299711316  -101.18679974557921  -378.0246347526346  -339.591631401016  -542.7322391337802  -36.0824372152276  -37.04946620318722  -256.02568272862936  -288.1823457952696  -237.78964941402958  -204.29044665665938  -302.4501183505089  -111.01740466090348  -108.64028671162211  -22.33362195054231  -148.78771330242054  -142.30492548344665  -99.20585266097714  1.9090865491664744  -24.880146178065274  -35.02955515535308  -39.42244105033916  -26.798786152338536  54.85621305454453  -208.52664347627794  49.32145128603179  -44.76289993849127  0.4632493047322299  34.20118306725378  12.276439598078056  60.58875437788835  -626.5865216123282  2.4834689106841523  -255.24309314676262  -8.500995626317646  1.9846487207237118  -140.14163631473173  -74.60836334176349  20.89409182924966  -12.48433171121583  -400.270692552181  43.74473723997429  -46.144032682751515  -190.09605788171595  -97.19148787638073  39.263613947299085  3.520576907810522  -134.66828187177916  14.374761153727079  -122.66795091630024  -56.70944127000709  -199.4651593789856  -22.590784181685663  -19.776248990794727  52.855921679270146  11.363551828203  -32.10061196607501  30.68321705431751  -2.8120549660910825  -39.77126697568238  3.5084477376070993  9.111359596254118  -267.49097035520583  -36.066837544235085  -362.39482956851884  -38.20048364518905  -129.49493327359556  -136.925623958336  7.7056115425720435  -14.73279847425438  -62.68837814381453  -59.09326694607205  -315.10010479523737  -28.707908348924846  -120.18142919968648  -367.751381678559  -171.4501360028689  -198.98158899200817  55.10822079673568  -45.91802837179162  -400.6871646113144  49.32622961710316  
-103.64385608642934  -42.1559157882146  -41.873445150209704  37.04139222680345  20.656670481200536  -198.81709022383782  -43.960374736370625  -91.7162247888372  21.839675447737335  -19.62314995953949  -50.01795714943998  77.69395858777494  0.0  -241.5219693137051  81.97111223602907  -38.490359146146574  -93.16708630566384  -166.89502122434178  97.53468224601856  15.106427288063628  -23.492841157804264  -300.3306761648596  -261.8976728132411  -465.03828054600535  41.611521372547344  40.64449238458772  -178.3317241408544  -210.4883872074947  -160.09569082625464  -126.59648806888444  -224.75615976273392  -33.32344607312854  -30.946328123847167  55.360336637232635  -71.0937547146456  -64.61096689567171  -21.5118940732022  79.60304513694142  52.81381240970967  42.664403432421864  38.271517537435784  50.89517243543641  132.55017164231947  -130.832684888503  127.01540987380673  32.93105864928367  78.15720789250717  111.89514165502872  89.970398185853  138.28271296566328  -548.8925630245533  80.1774274984591  -177.54913455898767  69.1929629614573  79.67860730849866  -62.44767772695678  3.085595246011451  98.5880504170246  65.20962687655911  -322.5767339644061  121.43869582774923  31.54992590502343  -112.402099293941  -19.49752928860579  116.95757253507404  81.21453549558547  -56.974323284004214  92.06871974150202  -44.9739923285253  20.984517317767853  -121.77120079121065  55.10317440608928  57.91770959698022  130.5498802670451  89.05751041597794  45.593346621699936  108.37717564209245  74.88190362168386  37.922691612092564  81.20240632538204  86.80531818402906  -189.79701176743092  41.62712104353986  -284.70087098074396  39.49347494258589  -51.80097468582062  -59.231665370561046  85.39957013034699  62.96116011352056  15.005580443960412  18.600691641702895  -237.40614620746246  48.9860502388501  -42.48747061191153  -290.05742309078414  -93.75617741509396  -121.28763040423323  132.80217938451062  31.775930215983323  -322.9932060235394  127.02018820487811  
137.87811322727578  199.3660535254905  199.6485241634954  278.5633615405086  262.1786397949056  42.70487908986729  197.5615945773345  149.80574452486792  263.36164476144245  221.89881935416562  191.50401216426513  319.2159279014801  241.5219693137051  0.0  323.4930815497342  203.03161016755854  148.35488300804127  74.62694808936334  339.05665155972366  256.6283966017687  218.02912815590085  -58.80870685115451  -20.375703499535973  -223.5163112323002  283.13349068625246  282.16646169829284  63.19024517285072  31.033582106210417  81.42627848745047  114.92548124482067  16.7658095509712  208.19852324057658  210.57564118985795  296.88230595093773  170.42821459905952  176.9110024180334  220.0100752405029  321.1250144506465  294.3357817234148  284.18637274612695  279.79348685114087  292.41714174914154  374.0721409560246  110.68928442520212  368.5373791875119  274.4530279629888  319.6791772062123  353.4171109687338  331.4923674995581  379.8046822793684  -307.37059371084814  321.6993968121642  63.97283475471744  310.7149322751624  321.20057662220376  179.07429158674833  244.60756455971656  340.11001973072973  306.7315961902642  -81.05476465070097  362.96066514145434  273.0718952187285  129.1198700197641  222.02444002509932  358.47954184877915  322.7365048092906  184.5476460297009  333.5906890552071  196.54797698517982  262.50648663147297  119.75076852249447  296.6251437197944  299.4396789106853  372.0718495807502  330.57947972968304  287.1153159354051  349.89914495579757  316.40387293538896  279.4446609257977  322.72437563908716  328.3272874977342  51.7249575462742  283.149090357245  -43.178901667038815  281.015444256291  189.7209946278845  182.29030394314407  326.9215394440521  304.48312942722566  256.5275497576655  260.12266095540804  4.115823106242658  290.5080195525552  199.03449870179358  -48.535453777079  147.76579189861116  120.23433890947189  374.3241486982157  273.29789952968844  -81.47123670983433  368.5421575185832  
-185.61496832245842  -124.12702802424367  -123.84455738623878  -44.92972000922562  -61.314441754828536  -280.7882024598669  -125.9314869723997  -173.68733702486628  -60.13143678829174  -101.59426219556856  -131.98906938546907  -4.277153648254128  -81.97111223602907  -323.4930815497342  0.0  -120.46147138217565  -175.13819854169293  -248.86613346037086  15.56357000998949  -66.86468494796544  -105.46395339383334  -382.3017884008887  -343.8687850492702  -547.0093927820344  -40.35959086348173  -41.32661985144135  -260.3028363768835  -292.4594994435238  -242.06680306228373  -208.56760030491353  -306.727271998763  -115.29455830915761  -112.91744035987624  -26.610775598796437  -153.06486695067468  -146.58207913170077  -103.48300630923127  -2.3680670990876536  -29.157299826319402  -39.30670880360721  -43.69959469859329  -31.075939800592664  50.579059406290405  -212.80379712453208  45.04429763777766  -49.0400535867454  -3.813904343521898  29.924029418999652  7.999285949823928  56.31160072963422  -630.8636752605823  -1.7936847375699756  -259.52024679501676  -12.778149274571774  -2.292504927530416  -144.41878996298584  -78.88551699001762  16.616938180995533  -16.761485359469958  -404.5478462004352  39.467583591720164  -50.42118633100564  -194.3732115299701  -101.46864152463486  34.98646029904496  -0.7565767404436059  -138.9454355200333  10.09760750547295  -126.94510456455437  -60.98659491826122  -203.74231302723973  -26.86793782993979  -24.053402639048855  48.57876803101602  7.086398179948873  -36.377765614329135  26.40606340606338  -7.08920861434521  -44.04842062393651  -0.7687059106470286  4.83420594799999  -271.76812400346  -40.34399119248921  -366.671983216773  -42.47763729344318  -133.77208692184968  -141.20277760659013  3.4284578943179156  -19.00995212250851  -66.96553179206866  -63.37042059432618  -319.37725844349154  -32.985061997178974  -124.4585828479406  -372.0285353268132  -175.72728965112304  -203.2587426402623  50.83106714848155  -50.19518202004575  -404.96431825956853  45.04907596884903  
-65.15349694028276  -3.665556642068026  -3.3830860040631308  75.53175137295003  59.14702962734711  -160.32673107769125  -5.470015590224051  -53.22586564269062  60.33003459388391  18.867209186607084  -11.527598003293406  116.18431773392152  38.490359146146574  -203.03161016755854  120.46147138217565  0.0  -54.67672715951727  -128.4046620781952  136.02504139216512  53.5967864342102  14.99751798834231  -261.84031701871305  -223.4073136670945  -426.54792139985875  80.10188051869392  79.1348515307343  -139.84136499470782  -171.99802806134812  -121.60533168010807  -88.10612892273787  -186.26580061658734  5.166913073018037  7.544031022299407  93.85069578337921  -32.603395568499025  -26.120607749525135  16.978465072944374  118.09340428308799  91.30417155585624  81.15476257856844  76.76187668358236  89.38553158158298  171.04053078846604  -92.34232574235642  165.5057690199533  71.42141779543024  116.64756703865375  150.38550080117528  128.46075733199956  176.77307211180988  -510.4022038784067  118.66778664460567  -139.0587754128411  107.68332210760387  118.16896645464523  -23.95731858081021  41.575954392158025  137.0784095631712  103.69998602270569  -284.0863748182595  159.9290549738958  70.04028505117  -73.91174014779443  18.992829857540784  155.4479316812206  119.70489464173204  -18.48396413785764  130.55907888764858  -6.483633182378725  59.47487646391443  -83.28084164506407  93.59353355223585  96.40806874312679  169.04023941319167  127.54786956212452  84.08370576784651  146.86753478823903  113.37226276783043  76.41305075823914  119.69276547152862  125.29567733017564  -151.30665262128434  80.11748018968643  -246.21051183459736  77.98383408873246  -13.310615539674046  -20.741306224414473  123.88992927649356  101.45151925966714  53.495939590106985  57.09105078784947  -198.91578706131588  87.47640938499667  -3.9971114657649593  -251.56706394463754  -55.265818268947385  -82.79727125808665  171.2925385306572  70.2662893621299  -284.50284687739287  165.51054735102468  
-10.476769780765494  51.011170517449244  51.29364115545414  130.2084785324673  113.82375678686438  -105.65000391817398  49.20671156929322  1.4508615168266488  115.00676175340118  73.54393634612435  43.149129156223864  170.8610448934388  93.16708630566384  -148.35488300804127  175.13819854169293  54.67672715951727  0.0  -73.72793491867793  190.7017685516824  108.27351359372747  69.67424514785958  -207.16358985919578  -168.73058650757724  -371.8711942403415  134.7786076782112  133.81157869025157  -85.16463783519055  -117.32130090183085  -66.9286045205908  -33.429401763220596  -131.58907345707007  59.84364023253531  62.22075818181668  148.52742294289646  22.073331591018245  28.556119409992135  71.65519223246164  172.77013144260525  145.9808987153735  135.8314897380857  131.43860384309963  144.06225874110027  225.7172579479833  -37.66559858283915  220.18249617947058  126.09814495494751  171.324294198171  205.06222796069255  183.13748449151683  231.44979927132715  -455.7254767188894  173.34451380412293  -84.38204825332383  162.36004926712116  172.84569361416249  30.71940857870706  96.2526815516753  191.75513672268846  158.37671318222294  -229.40964765874224  214.60578213341307  124.71701221068727  -19.235012988277163  73.66955701705805  210.12465884073788  174.3816218012493  36.19276302165963  185.23580604716585  48.193093977138545  114.1516036234317  -28.604114485546802  148.2702607117531  151.08479590264406  223.71696657270894  182.22459672164177  138.76043292736378  201.5442619477563  168.0489899273477  131.0897779177564  174.3694926310459  179.9724044896929  -96.62992546176707  134.7942073492037  -191.53378467508008  132.66056124824973  41.366111619843224  33.9354209351028  178.56665643601082  156.1282464191844  108.17266674962426  111.76777794736674  -144.2390599017986  142.15313654451393  50.67961569375231  -196.89033678512027  -0.5890911094301146  -28.120544098569383  225.96926569017447  124.94301652164717  -229.8261197178756  220.18727451054195  
63.25116513791244  124.73910543612718  125.02157607413207  203.93641345114523  187.5516917055423  -31.922068999496048  122.93464648797115  75.17879643550458  188.7346966720791  147.2718712648023  116.8770640749018  244.58897981211672  166.89502122434178  -74.62694808936334  248.86613346037086  128.4046620781952  73.72793491867793  0.0  264.4297034703603  182.0014485124054  143.4021800665375  -133.43565494051785  -95.00265158889931  -298.14325932166355  208.50654259688912  207.5395136089295  -11.436702916512616  -43.59336598315292  6.799330398087136  40.298533155457335  -57.86113853839214  133.57157515121324  135.9486931004946  222.2553578615744  95.80126650969618  102.28405432867007  145.38312715113958  246.49806636128318  219.70883363405144  209.55942465676364  205.16653876177756  217.7901936597782  299.4451928666613  36.06233633583878  293.9104310981485  199.82607987362545  245.05222911684893  278.7901628793705  256.86541941019476  305.1777341900051  -381.9975418002115  247.07244872280086  -10.6541133346459  236.0879841857991  246.57362853284042  104.44734349738499  169.98061647035323  265.4830716413664  232.10464810090087  -155.6817127400643  288.333717052091  198.4449471293652  54.49292193040077  147.39749193573599  283.8525937594158  248.10955671992724  109.92069794033756  258.9637409658438  121.92102889581648  187.87953854210963  45.12382043313113  221.99819563043104  224.812730821322  297.4449014913869  255.9525316403197  212.4883678460417  275.27219686643423  241.77692484602562  204.81771283643434  248.09742754972382  253.70033940837084  -22.90199054308914  208.52214226788163  -117.80584975640215  206.38849616692767  115.09404653852116  107.66335585378073  252.29459135468875  229.85618133786232  181.9006016683022  185.49571286604467  -70.51112498312068  215.88107146319186  124.40755061243024  -123.16240186644234  73.13884380924782  45.60739082010855  299.6972006088524  198.6709514403251  -156.09818479919767  293.9152094292199  
