Height_Data

node	height
0	118.51545532893415
1	84.20686052112363
2	117.58137307220451
3	181.97467299019652
4	86.58191129369293
5	190.43655293393363
6	88.00715704046203
7	89.35018803791941
8	258.41903423089923
9	116.61034588116318
10	110.15663210407358
11	64.84126577262236
12	214.03636498207024
13	291.61490752442467
14	79.72976472487838
15	237.59292336861958
16	235.8832407637459
17	95.48116656059331
18	223.53434340691126
19	67.43550252131936
20	90.15787050276286
21	81.05767619415984
22	361.3823031237525
23	158.6413427224135
24	217.83171279721512
25	221.29218783278577
26	206.25281133015162
27	38.71204305321595
28	168.95938130228242
29	145.01648377531416
30	183.19874970049165
31	97.99398960469601
32	171.8858638998623
33	47.01983787148101
34	91.06227725001008
35	62.10801420703929
36	52.157907187845176
37	131.22948861188698
38	211.52636948705486
39	62.69844804363039
40	127.97969255383805
41	47.619125769888214
42	100.06996777796469
43	167.0445408035853
44	207.84941339614727
45	227.75229751834857
46	104.07968819359824
47	51.65718057243624
48	233.80871000193105
49	133.05334902869708
50	91.19318778302022
51	172.0943561911079
52	203.46850110013366
53	72.45253157338682
54	78.00907989229087
55	77.13275819322524
56	257.6852730556959
57	189.28544997962302
58	321.7196729393598
59	112.87063446537188
60	287.97319667623805
61	81.99284884500182
62	92.67203285347999
63	63.81342693038505
64	227.1673437531604
65	55.02158909073741
66	140.31839885101604
67	108.07213807323255
68	113.10117111389656
69	184.671996158428
70	54.18546772162661
71	170.41551180808722
72	220.3119002529111
73	344.02270552672087
74	120.1055362851715
75	186.5538801257643
76	102.55746864651724
77	357.4732350958332
78	100.11919283724237
79	111.22788862643276
80	99.87809468302258
81	50.107405930804056
82	223.58967587313074
83	117.03889605511354
84	73.57475513731751
85	243.17962945090505
86	49.90086922866071
87	173.7192134160499
88	240.36953219768844
89	68.40210869295154
90	132.08279058344152
91	149.21927717488268
92	214.09723099765174
93	149.38695945139673
94	332.87900567808384
95	122.35963152719575
96	209.92572281866055
97	179.26790820564256
98	88.00206088913541
99	199.06105519832423
100	264.5479296758625



height_matrix
0.0  68.61718961562104  1.868164513459277  -126.91843532252474  63.86708807048245  -143.84219520999895  61.01659657694424  58.330534582029486  -279.8071578039302  3.8102188955419365  16.717646449721144  107.34837911262358  -191.04181930627217  -346.19890439098106  77.57138120811155  -238.15493607937086  -234.7355708696235  46.06857753668169  -210.03777615595422  102.15990561522958  56.71516965234258  74.91555826954863  -485.7336955896367  -80.25177478695869  -198.63251493656193  -205.55346500770324  -175.47471200243493  159.6068245514364  -100.88785194669654  -53.00205689276001  -129.366588743115  41.04293144847628  -106.7408171418563  142.99123491490627  54.90635615784814  112.81488224378973  132.71509628217797  -25.428066565905652  -186.02182831624143  111.63401457060752  -18.928474449807794  141.79265911809188  36.89097510193892  -97.05817094930231  -178.66791613442624  -218.47368437882884  28.871534270671816  133.7165495129958  -230.5865093459938  -29.075787399525865  54.64453509182786  -107.15780172434748  -169.90609154239903  92.12584751109466  81.01275087328656  82.76539427141782  -278.33963545352356  -141.53998930137774  -406.4084352208513  11.289641727124547  -338.9154826946078  73.04521296786467  51.68684495090832  109.4040567970982  -217.3037768484525  126.98773247639349  -43.60588704416378  20.8866345114032  10.828568430075194  -132.31308165898767  128.6599752146151  -103.80011295830613  -203.5928898479539  -451.01450039557346  -3.180161912474688  -136.07684959366028  31.91597336483383  -477.91555953379816  36.79252498338357  14.575133405002788  37.27472129182314  136.81609879626018  -210.14844108839318  2.9531185476412247  89.88140038323328  -249.3283482439418  137.22917220054688  -110.40751617423152  -243.70815373750858  100.22669327196522  -27.13467050901474  -61.40764369189705  -191.16355133743517  -61.743008244925164  -428.7271006982994  -7.688352396523186  -182.8205349794528  -121.5049057534168  61.02678887959749  -161.09119973878015  -292.06494869385676  
-68.61718961562104  0.0  -66.74902510216177  -195.5356249381458  -4.750101545138591  -212.45938482562  -7.600593038676806  -10.286655033591558  -348.42434741955117  -64.80697072007911  -51.8995431658999  38.73118949700253  -259.65900892189325  -414.81609400660204  8.954191592490503  -306.7721256949919  -303.3527604852445  -22.548612078939357  -278.65496577157523  33.54271599960853  -11.902019963278462  6.298368653927582  -554.3508852052577  -148.86896440257973  -267.24970455218295  -274.17065462332425  -244.09190161805597  90.98963493581536  -169.5050415623176  -121.61924650838105  -197.98377835873603  -27.574258167144762  -175.35800675747734  74.37404529928524  -13.710833457772907  44.19769262816868  64.09790666655691  -94.0452561815267  -254.63901793186247  43.016824954986475  -87.54566406542884  73.17546950247083  -31.726214513682123  -165.67536056492335  -247.28510575004728  -287.0908739944499  -39.74565534494923  65.09935989737478  -299.2036989616148  -97.69297701514691  -13.972654523793182  -175.77499133996852  -238.52328115802007  23.50865789547362  12.39556125766552  14.148204655796775  -346.95682506914454  -210.1571789169988  -475.0256248364723  -57.3275478884965  -407.5326723102288  4.428023352243628  -16.93034466471272  40.78686718147716  -285.92096646407356  58.370542860772446  -112.22307665978482  -47.73055510421784  -57.78862118554585  -200.9302712746087  60.042785598994044  -172.41730257392717  -272.21007946357497  -519.6316900111945  -71.79735152809573  -204.69403920928133  -36.70121625078721  -546.5327491494191  -31.82466463223747  -54.042056210618256  -31.342468323797902  68.19890918063915  -278.76563070401426  -65.66407106797982  21.26421076761224  -317.9455378595628  68.61198258492584  -179.02470578985256  -312.3253433531296  31.609503656344174  -95.75186012463578  -130.0248333075181  -259.78074095305624  -130.3601978605462  -497.3442903139204  -76.30554201214423  -251.43772459507383  -190.12209536903785  -7.590400736023554  -229.7083893544012  -360.68213830947775  
-1.868164513459277  66.74902510216177  0.0  -128.78659983598402  61.998923557023176  -145.71035972345823  59.14843206348496  56.46237006857021  -281.67532231738943  1.9420543820826595  14.849481936261867  105.4802145991643  -192.90998381973145  -348.0670689044403  75.70321669465227  -240.02310059283013  -236.60373538308278  44.20041302322241  -211.9059406694135  100.2917411017703  54.847005138883304  73.04739375608935  -487.60186010309593  -82.11993930041797  -200.5006794500212  -207.42162952116252  -177.3428765158942  157.73866003797713  -102.75601646015582  -54.87022140621929  -131.23475325657427  39.174766935017004  -108.60898165531557  141.12307040144702  53.03819164438886  110.94671773033045  130.84693176871866  -27.29623107936493  -187.8899928297007  109.76585005714824  -20.79663896326707  139.9244946046326  35.02281058847964  -98.92633546276159  -180.5360806478855  -220.3418488922881  27.00336975721254  131.84838499953656  -232.45467385945307  -30.943951912985142  52.776370578368585  -109.02596623780676  -171.7742560558583  90.25768299763538  79.14458635982729  80.89722975795854  -280.2077999669828  -143.40815381483702  -408.27659973431054  9.42147721366527  -340.78364720806707  71.1770484544054  49.818680437449046  107.53589228363893  -219.17194136191176  125.11956796293421  -45.474051557623056  19.018469997943924  8.960403916615917  -134.18124617244695  126.79181070115581  -105.6682774717654  -205.46105436141318  -452.8826649090327  -5.048326425933965  -137.94501410711956  30.047808851374555  -479.7837240472574  34.924360469924295  12.70696889154351  35.406556778363864  134.94793428280093  -212.01660560185246  1.0849540341819477  88.01323586977401  -251.19651275740108  135.3610076870876  -112.2756806876908  -245.57631825096786  98.35852875850594  -29.002835022474017  -63.27580820535633  -193.03171585089444  -63.61117275838444  -430.59526521175866  -9.556516909982463  -184.68869949291206  -123.37307026687608  59.15862436613821  -162.95936425223942  -293.933113207316  
126.91843532252474  195.5356249381458  128.78659983598402  0.0  190.7855233930072  -16.923759887474205  187.93503189946898  185.24896990455423  -152.8887224814054  130.72865421806668  143.6360817722459  234.26681443514832  -64.12338398374743  -219.28046906845628  204.4898165306363  -111.23650075684611  -107.81713554709876  172.98701285920643  -83.11934083342948  229.07834093775432  183.63360497486732  201.83399359207337  -358.8152602671119  46.66666053556605  -71.71407961403719  -78.6350296851785  -48.556276679910184  286.52525987396115  26.0305833758282  73.91637842976473  -2.448153420590245  167.96136677100102  20.177618180668446  269.90967023743104  181.82479148037288  239.73331756631447  259.6335316047027  101.49036875661909  -59.10339299371668  238.55244989313226  107.98996087271695  268.71109444061665  163.80941042446366  29.860264373222435  -51.74948081190149  -91.55524905630409  155.78996959319656  260.6349848355206  -103.66807402346905  97.84264792299888  181.5629704143526  19.760633598177265  -42.98765621987428  219.0442828336194  207.9311861958113  209.68382959394256  -151.42120013099878  -14.621553978853001  -279.4899998983265  138.2080770496493  -211.99704737208305  199.96364829038941  178.60528027343307  236.32249211962295  -90.38534152592774  253.90616779891823  83.31254827836096  147.80506983392794  137.74700375259994  -5.394646336462927  255.57841053713983  23.118322364218614  -76.67445452542916  -324.0960650730487  123.73827341005006  -9.158414271135541  158.83440868735858  -350.9971242112734  163.71096030590832  141.49356872752753  164.19315661434788  263.73453411878495  -83.23000576586844  129.87155387016597  216.79983570575803  -122.40991292141706  264.14760752307166  16.510919148293226  -116.78971841498384  227.14512859448996  99.78376481351  65.5107916306277  -64.24511601491042  65.17542707759958  -301.80866537577464  119.23008292600156  -55.902099656928044  5.413529569107936  187.94522420212223  -34.172764416255404  -165.146513371332  
-63.86708807048245  4.750101545138591  -61.998923557023176  -190.7855233930072  0.0  -207.7092832804814  -2.8504914935382146  -5.536553488452967  -343.6742458744126  -60.056869174940516  -47.14944162076131  43.48129104214112  -254.90890737675463  -410.06599246146345  13.704293137629094  -302.02202414985334  -298.6026589401059  -17.798510533800766  -273.90486422643664  38.29281754474712  -7.151918418139871  11.048470199066173  -549.6007836601191  -144.11886285744114  -262.49960300704436  -269.42055307818566  -239.34180007291738  95.73973648095395  -164.754940017179  -116.86914496324246  -193.23367681359744  -22.82415662200617  -170.60790521233875  79.12414684442383  -8.960731912634316  48.94779417330727  68.8480082116955  -89.2951546363881  -249.88891638672388  47.76692650012507  -82.79556252029025  77.92557104760942  -26.976112968543532  -160.92525901978476  -242.5350042049087  -282.3407724493113  -34.99555379981064  69.84946144251337  -294.4535974164762  -92.94287547000832  -9.22255297865459  -171.02488979482993  -233.77317961288148  28.25875944061221  17.14566280280411  18.898306200935366  -342.20672352400595  -205.4070773718602  -470.2755232913337  -52.577446343357906  -402.7825707650902  9.178124897382219  -12.18024311957413  45.536968726615754  -281.17086491893497  63.12064440591104  -107.47297511464623  -42.98045355907925  -53.03851964040726  -196.18016972947012  64.79288714413264  -167.66720102878858  -267.4599779184364  -514.8815884660559  -67.04724998295714  -199.94393766414274  -31.95111470564862  -541.7826476042806  -27.07456308709888  -49.291954665479665  -26.59236677865931  72.94901072577774  -274.01552915887567  -60.91396952284123  26.014312312750832  -313.1954363144242  73.36208413006443  -174.27460424471397  -307.575241807991  36.359605201482765  -91.00175857949719  -125.2747317623795  -255.03063940791762  -125.61009631540762  -492.5941887687818  -71.55544046700564  -246.68762304993524  -185.37199382389926  -2.840299190884963  -224.9582878092626  -355.93203676433916  
143.84219520999895  212.45938482562  145.71035972345823  16.923759887474205  207.7092832804814  0.0  204.8587917869432  202.17272979202843  -135.9649625939312  147.65241410554088  160.5598416597201  251.19057432262252  -47.199624096273226  -202.35670918098208  221.4135764181105  -94.31274086937191  -90.89337565962455  189.91077274668064  -66.19558094595527  246.00210082522852  200.55736486234153  218.75775347954757  -341.8915003796377  63.59042042304026  -54.790319726562984  -61.71126979770429  -31.63251679243598  303.44901976143535  42.954343263302405  90.84013831723894  14.47560646688396  184.88512665847523  37.10137806814265  286.83343012490525  198.74855136784709  256.6570774537887  276.5572914921769  118.4141286440933  -42.17963310624248  255.47620978060647  124.91372076019115  285.6348543280908  180.73317031193787  46.78402426069664  -34.82572092442729  -74.63148916882989  172.71372948067076  277.5587447229948  -86.74431413599484  114.76640781047308  198.4867303018268  36.68439348565147  -26.063896332400077  235.9680427210936  224.8549460832855  226.60758948141677  -134.49744024352458  2.302205908621204  -262.5662400108523  155.1318369371235  -195.07328748460884  216.88740817786362  195.52904016090727  253.24625200709716  -73.46158163845354  270.82992768639247  100.23630816583517  164.72882972140215  154.67076364007414  11.529113551011278  272.50217042461406  40.04208225169282  -59.75069463795495  -307.1723051855745  140.66203329752426  7.765345616338664  175.75816857483278  -334.0733643237992  180.63472019338252  158.41732861500174  181.1169165018221  280.65829400625915  -66.30624587839424  146.79531375764017  233.72359559323223  -105.48615303394286  281.0713674105458  33.43467903576743  -99.86595852750963  244.06888848196417  116.70752470098421  82.4345515181019  -47.32135612743622  82.09918696507378  -284.88490548830043  136.15384281347576  -38.97833976945384  22.33728945658214  204.86898408959644  -17.2490045287812  -148.2227534838578  
-61.01659657694424  7.600593038676806  -59.14843206348496  -187.93503189946898  2.8504914935382146  -204.8587917869432  0.0  -2.686061994914752  -340.8237543808744  -57.2063776814023  -44.298950127223094  46.33178253567934  -252.0584158832164  -407.21550096792527  16.55478463116731  -299.1715326563151  -295.75216744656774  -14.948019040262551  -271.05437273289846  41.14330903828534  -4.301426924601657  13.898961692604388  -546.750292166581  -141.26837136390293  -259.64911151350617  -266.5700615846475  -236.49130857937917  98.59022797449217  -161.90444852364078  -114.01865346970425  -190.38318532005923  -19.973665128467957  -167.75741371880054  81.97463833796205  -6.110240419096101  51.79828566684549  71.69849970523371  -86.44466314284989  -247.03842489318566  50.61741799366328  -79.94507102675203  80.77606254114764  -24.125621475005318  -158.07476752624655  -239.68451271137047  -279.4902809557731  -32.14506230627242  72.69995293605159  -291.603105922938  -90.0923839764701  -6.372061485116376  -168.17439830129172  -230.92268811934326  31.109250934150424  19.996154296342326  21.74879769447358  -339.35623203046777  -202.55658587832198  -467.4250317977955  -49.72695484981969  -399.932079271552  12.028616390920433  -9.329751626035915  48.38746022015397  -278.3203734253967  65.97113589944925  -104.62248362110802  -40.12996206554104  -50.188028146869044  -193.3296782359319  67.64337863767085  -164.81670953525037  -264.60948642489814  -512.0310969725176  -64.19675848941893  -197.09344617060452  -29.100623212110406  -538.9321561107424  -24.224071593560666  -46.44146317194145  -23.741875285121097  75.79950221931595  -271.1650376653374  -58.06347802930301  28.864803806289046  -310.34494482088604  76.21257562360265  -171.42411275117576  -304.7247503144528  39.21009669502098  -88.15126708595898  -122.42424026884129  -252.1801479143794  -122.7596048218694  -489.7436972752436  -68.70494897346742  -243.83713155639703  -182.52150233036105  0.010192302653251772  -222.10779631572439  -353.081545270801  
-58.330534582029486  10.286655033591558  -56.46237006857021  -185.24896990455423  5.536553488452967  -202.17272979202843  2.686061994914752  0.0  -338.13769238595967  -54.52031568648755  -41.61288813230834  49.01784453059409  -249.37235388830166  -404.52943897301054  19.24084662608206  -296.4854706614003  -293.066105451653  -12.261957045347799  -268.36831073798373  43.82937103320009  -1.6153649296869048  16.58502368751914  -544.0642301716662  -138.58230936898818  -256.96304951859145  -263.88399958973275  -233.8052465844644  101.27628996940692  -159.21838652872603  -111.3325914747895  -187.69712332514447  -17.287603133553205  -165.07135172388578  84.6607003328768  -3.424178424181349  54.48434766176024  74.38456170014847  -83.75860114793514  -244.3523628982709  53.30347998857803  -77.25900903183728  83.46212453606239  -21.439559480090566  -155.3887055313318  -236.99845071645572  -276.8042189608583  -29.45900031135767  75.38601493096634  -288.9170439280233  -87.40632198155535  -3.685999490201624  -165.48833630637697  -228.2366261244285  33.795312929065176  22.682216291257078  24.434859689388333  -336.67017003555304  -199.87052388340723  -464.7389698028808  -47.04089285490494  -397.2460172766373  14.714678385835185  -6.643689631121163  51.07352221506872  -275.63431143048194  68.657197894364  -101.93642162619327  -37.443900070626285  -47.50196615195429  -190.64361624101716  70.3294406325856  -162.13064754033562  -261.92342442998336  -509.34503497760295  -61.510696494504174  -194.40738417568977  -26.414561217195654  -536.2460941158276  -21.538009598645914  -43.7554011770267  -21.055813290206345  78.4855642142307  -268.47897567042264  -55.37741603438826  31.5508658012038  -307.6588828259713  78.8986376185174  -168.738050756261  -302.0386883195381  41.89615868993573  -85.46520509104423  -119.73817827392654  -249.49408591946465  -120.07354282695465  -487.0576352803289  -66.01888697855267  -241.15106956148227  -179.8354403354463  2.6962542975680037  -219.42173432080963  -350.39548327588625  
279.8071578039302  348.42434741955117  281.67532231738943  152.8887224814054  343.6742458744126  135.9649625939312  340.8237543808744  338.13769238595967  0.0  283.61737669947206  296.52480425365127  387.15553691655373  88.76533849765798  -66.39174658705087  357.3785390120417  41.6522217245593  45.07158693430665  325.87573534061187  69.76938164797593  381.96706341915973  336.5223274562727  354.72271607347875  -205.9265377857065  199.55538301697146  81.17464286736822  74.25369279622691  104.33244580149523  439.41398235536656  178.9193058572336  226.80510091117014  150.44056906081516  320.8500892524064  173.06634066207386  422.79839271883645  334.7135139617783  392.6220400477199  412.5222540861081  254.3790912380245  93.78532948768873  391.4411723745377  260.87868335412236  421.599816922022  316.6981329058691  182.74898685462784  101.13924166950392  61.33347342510132  308.67869207460194  413.523707316926  49.22064845793636  250.7313704044043  334.451692895758  172.64935607958267  109.90106626153113  371.93300531502484  360.81990867721674  362.57255207534797  1.4675223504066253  138.2671685025524  -126.6012774169211  291.09679953105467  -59.108324890677636  352.8523707717948  331.49400275483845  389.21121460102836  62.50338095547767  406.79489028032367  236.20127075976637  300.6937923153333  290.63572623400535  147.49407614494248  408.46713301854527  176.00704484562402  76.21426795597625  -171.20734259164328  276.62699589145546  143.73030821026987  311.723131168764  -198.10840172986798  316.5996827873137  294.38229120893294  317.08187909575327  416.62325660019036  69.65871671553697  282.7602763515714  369.68855818716344  30.47880955998835  417.036330004477  169.39964162969864  36.09900406642157  380.03385107589537  252.6724872949154  218.3995141120331  88.64360646649499  218.064149559005  -148.91994289436923  272.11880540740697  96.98662282447737  158.30225205051335  340.83394668352764  118.71595806515  -12.257790889926582  
-3.8102188955419365  64.80697072007911  -1.9420543820826595  -130.72865421806668  60.056869174940516  -147.65241410554088  57.2063776814023  54.52031568648755  -283.61737669947206  0.0  12.907427554179208  103.53816021708164  -194.8520382018141  -350.00912328652294  73.76116231256961  -241.9651549749128  -238.54578976516544  42.25835864113975  -213.84799505149616  98.34968671968764  52.904950756800645  71.10533937400669  -489.54391448517856  -84.06199368250063  -202.44273383210387  -209.36368390324517  -179.28493089797686  155.79660565589447  -104.69807084223848  -56.812275788301946  -133.17680763865692  37.232712552934345  -110.55103603739823  139.18101601936434  51.0961372623062  109.00466334824779  128.90487738663603  -29.23828546144759  -189.83204721178336  107.82379567506558  -22.73869334534973  137.98244022254994  33.080756206396984  -100.86838984484424  -182.47813502996817  -222.28390327437077  25.06131537512988  129.90633061745388  -234.39672824153573  -32.8860062950678  50.834316196285926  -110.96802061988942  -173.71631043794096  88.31562861555273  77.20253197774463  78.95517537587588  -282.14985434906544  -145.35020819691968  -410.21865411639317  7.47942283158261  -342.7257015901497  69.23499407232273  47.87662605536639  105.59383790155627  -221.11399574399442  123.17751358085155  -47.416105939705716  17.076415615861265  7.018349534533257  -136.1233005545296  124.84975631907315  -107.61033185384807  -207.40310874349584  -454.82471929111534  -6.990380808016624  -139.88706848920222  28.105754469291895  -481.72577842934004  32.982306087841636  10.764914509460851  33.464502396281205  133.00587990071824  -213.95865998393512  -0.8571003479007118  86.07118148769135  -253.13856713948374  133.41895330500495  -114.21773506977345  -247.51837263305052  96.41647437642328  -30.944889404556676  -65.21786258743899  -194.9737702329771  -65.5532271404671  -432.5373195938413  -11.498571292065122  -186.63075387499472  -125.31512464895874  57.21656998405555  -164.90141863432208  -295.87516758939864  
-16.717646449721144  51.8995431658999  -14.849481936261867  -143.6360817722459  47.14944162076131  -160.5598416597201  44.298950127223094  41.61288813230834  -296.52480425365127  -12.907427554179208  0.0  90.63073266290243  -207.75946575599332  -362.91655084070214  60.8537347583904  -254.872582529092  -251.45321731934465  29.350931086960543  -226.75542260567536  85.44225916550843  39.99752320262144  58.19791181982748  -502.45134203935777  -96.96942123667984  -215.35016138628308  -222.27111145742438  -192.19235845215607  142.88917810171526  -117.60549839641769  -69.71970334248115  -146.08423519283613  24.325284998755137  -123.45846359157744  126.27358846518514  38.18870970812699  96.09723579406858  115.99744983245681  -42.1457130156268  -202.73947476596257  94.91636812088637  -35.64612089952894  125.07501266837073  20.173328652217776  -113.77581739902345  -195.38556258414738  -235.19133082854998  12.153887820950672  116.99890306327468  -247.30415579571493  -45.79343384924701  37.92688864210672  -123.87544817406862  -186.62373799212017  75.40820106137352  64.29510442356542  66.04774782169667  -295.05728190324464  -158.2576357510989  -423.1260816705724  -5.428004722596597  -355.6331291443289  56.32756651814353  34.96919850118718  92.68641034737706  -234.02142329817363  110.27008602667235  -60.32353349388492  4.168988061682057  -5.88907801964595  -149.03072810870881  111.94232876489394  -120.51775940802727  -220.31053629767504  -467.73214684529455  -19.897808362195832  -152.79449604338143  15.198326915112688  -494.63320598351925  20.074878533662428  -2.1425130447183562  20.557074842101997  120.09845234653905  -226.86608753811433  -13.76452790207992  73.16375393351214  -266.0459946936629  120.51152575082574  -127.12516262395266  -260.4258001872297  83.50904682224407  -43.852316958735884  -78.1252901416182  -207.8811977871563  -78.46065469464631  -445.4447471480205  -24.40599884624433  -199.53818142917393  -138.22255220313795  44.309142429876346  -177.8088461885013  -308.78259514357785  
-107.34837911262358  -38.73118949700253  -105.4802145991643  -234.26681443514832  -43.48129104214112  -251.19057432262252  -46.33178253567934  -49.01784453059409  -387.15553691655373  -103.53816021708164  -90.63073266290243  0.0  -298.39019841889575  -453.5472835036046  -29.77699790451203  -345.50331519199443  -342.0839499822471  -61.27980157594189  -317.3861552685778  -5.188473497394  -50.633209460280995  -32.43282084307495  -593.0820747022602  -187.60015389958227  -305.9808940491855  -312.9018441203268  -282.8230911150585  52.25844543881283  -208.23623105932012  -160.35043600538359  -236.71496785573856  -66.3054476641473  -214.08919625447987  35.64285580228271  -52.44202295477544  5.466503131166149  25.366717169554377  -132.77644567852923  -293.370207428865  4.285635457983943  -126.27685356243137  34.4442800054683  -70.45740401068466  -204.40655006192588  -286.0162952470498  -325.8220634914524  -78.47684484195176  26.36817040037225  -337.93488845861737  -136.42416651214944  -52.703844020795714  -214.50618083697105  -277.2544706550226  -15.222531601528914  -26.335628239337012  -24.582984841205757  -385.6880145661471  -248.88836841400132  -513.7568143334748  -96.05873738549903  -446.26386180723136  -34.303166144758904  -55.66153416171525  2.055677684474631  -324.65215596107606  19.639353363769914  -150.95426615678736  -86.46174460122037  -96.51981068254838  -239.66146077161125  21.311596101991512  -211.1484920709297  -310.9412689605775  -558.362879508197  -110.52854102509826  -243.42522870628386  -75.43240574778974  -585.2639386464217  -70.55585412924  -92.77324570762079  -70.07365782080043  29.467719683636616  -317.49682020101676  -104.39526056498235  -17.46697872939029  -356.6767273565654  29.88079308792331  -217.7558952868551  -351.05653285013216  -7.121685840658358  -134.48304962163832  -168.75602280452063  -298.51193045005874  -169.09138735754874  -536.075479810923  -115.03673150914676  -290.16891409207636  -228.85328486604038  -46.321590233026086  -268.4395788514037  -399.4133278064803  
191.04181930627217  259.65900892189325  192.90998381973145  64.12338398374743  254.90890737675463  47.199624096273226  252.0584158832164  249.37235388830166  -88.76533849765798  194.8520382018141  207.75946575599332  298.39019841889575  0.0  -155.15708508470885  268.6132005143837  -47.11311677309868  -43.69375156335133  237.11039684295386  -18.995956849682045  293.20172492150175  247.75698895861476  265.95737757582083  -294.6918762833645  110.79004451931348  -7.590695630289758  -14.511645701431064  15.567107303837247  350.6486438577086  90.15396735957563  138.03976241351216  61.675230563157186  232.08475075474846  84.30100216441588  334.0330542211785  245.9481754641203  303.85670155006187  323.7569155884501  165.61375274036652  5.019990990030749  302.67583387687966  172.11334485646438  332.8344784243641  227.9327944082111  93.98364835696987  12.373903171845939  -27.43186507255666  219.913353576944  324.758368819268  -39.544690039721615  161.9660319067463  245.68635439810004  83.8840175819247  21.13572776387315  283.1676668173668  272.0545701795587  273.80721357769  -87.29781614725135  49.50183000489443  -215.36661591457909  202.33146103339672  -147.87366338833561  264.08703227413685  242.7286642571805  300.4458761033704  -26.261957542180312  318.02955178266564  147.4359322621084  211.92845381767538  201.87038773634737  58.728737647284504  319.70179452088723  87.24170634796604  -12.551070541681725  -259.97268108930126  187.8616573937975  54.96496971261189  222.957792671106  -286.87374022752596  227.83434428965575  205.61695271127496  228.31654059809532  327.8579181025324  -19.10662178212101  193.9949378539134  280.92321968950546  -58.28652893766963  328.2709915068191  80.63430313204066  -52.66633443123641  291.2685125782374  163.90714879725743  129.63417561437512  -0.12173203116299192  129.298811061347  -237.6852813920272  183.353466909749  8.221284326819386  69.53691355285537  252.06860818586966  29.950619567492026  -101.02312938758456  
346.19890439098106  414.81609400660204  348.0670689044403  219.28046906845628  410.06599246146345  202.35670918098208  407.21550096792527  404.52943897301054  66.39174658705087  350.00912328652294  362.91655084070214  453.5472835036046  155.15708508470885  0.0  423.7702855990926  108.04396831161017  111.46333352135753  392.26748192766274  136.1611282350268  448.3588100062106  402.9140740433236  421.1144626605296  -139.53479119865563  265.94712960402234  147.5663894544191  140.6454393832778  170.7241923885461  505.80572894241743  245.31105244428448  293.196847498221  216.83231564786604  387.2418358394573  239.45808724912473  489.1901393058873  401.10526054882916  459.0137866347708  478.91400067315897  320.7708378250754  160.1770760747396  457.8329189615886  327.27042994117323  487.9915635090729  383.08987949292  249.14073344167872  167.5309882565548  127.72522001215219  375.0704386616528  479.91545390397687  115.61239504498724  317.12311699145516  400.8434394828089  239.04110266663355  176.292812848582  438.3247519020757  427.2116552642676  428.96429866239885  67.8592689374575  204.65891508960328  -60.20953082987023  357.48854611810555  7.283421696373239  419.2441173588457  397.8857493418893  455.60296118807923  128.89512754252854  473.18663686737455  302.59301734681725  367.0855389023842  357.0274728210562  213.88582273199336  474.85887960559614  242.3987914326749  142.60601454302713  -104.81559600459241  343.01874247850634  210.12205479732074  378.11487775581486  -131.7166551428171  382.9914293743646  360.7740377959838  383.47362568280414  483.01500318724123  136.05046330258784  349.1520229386223  436.0803047742143  96.87055614703922  483.4280765915279  235.7913882167495  102.49075065347245  446.42559766294625  319.0642338819663  284.791260699084  155.03535305354586  284.45589614605586  -82.52819630731835  338.51055199445784  163.37836941152824  224.69399863756422  407.2256932705785  185.10770465220088  54.13395569712429  
-77.57138120811155  -8.954191592490503  -75.70321669465227  -204.4898165306363  -13.704293137629094  -221.4135764181105  -16.55478463116731  -19.24084662608206  -357.3785390120417  -73.76116231256961  -60.8537347583904  29.77699790451203  -268.6132005143837  -423.7702855990926  0.0  -315.7263172874824  -312.30695207773505  -31.50280367142986  -287.60915736406577  24.58852440711803  -20.856211555768965  -2.6558229385629204  -563.3050767977481  -157.82315599507024  -276.2038961446735  -283.1248462158148  -253.04609321054647  82.03544334332486  -178.4592331548081  -130.57343810087156  -206.93796995122653  -36.528449759635265  -184.31219834996784  65.41985370679474  -22.66502505026341  35.24350103567818  55.14371507406641  -102.9994477740172  -263.593209524353  34.06263336249597  -96.49985565791934  64.22127790998033  -40.680406106172626  -174.62955215741385  -256.2392973425378  -296.0450655869404  -48.69984693743973  56.14516830488428  -308.15789055410534  -106.64716860763741  -22.926846116283684  -184.72918293245903  -247.47747275051057  14.554466302983116  3.441369665175017  5.194013063306272  -355.9110166616351  -219.1113705094893  -483.9798164289628  -66.281739480987  -416.48686390271934  -4.526168240246875  -25.884536257203223  31.83267558898666  -294.87515805656403  49.41635126828194  -121.17726825227533  -56.684746696708345  -66.74281277803635  -209.88446286709922  51.08859400650354  -181.37149416641768  -281.16427105606545  -528.585881603685  -80.75154312058623  -213.64823080177183  -45.655407843277715  -555.4869407419096  -40.778856224727974  -62.99624780310876  -40.296659916288405  59.244717588148646  -287.71982229650473  -74.61826266047032  12.310019175121738  -326.89972945205335  59.65779099243534  -187.97889738234306  -321.2795349456201  22.65531206385367  -104.70605171712629  -138.9790249000086  -268.7349325455467  -139.3143894530367  -506.2984819064109  -85.25973360463473  -260.39191618756433  -199.07628696152835  -16.544592328514057  -238.6625809468917  -369.6363299019683  
238.15493607937086  306.7721256949919  240.02310059283013  111.23650075684611  302.02202414985334  94.31274086937191  299.1715326563151  296.4854706614003  -41.6522217245593  241.9651549749128  254.872582529092  345.50331519199443  47.11311677309868  -108.04396831161017  315.7263172874824  0.0  3.4193652097473546  284.2235136160525  28.117159923416637  340.31484169460043  294.87010573171347  313.0704943489195  -247.5787595102658  157.90316129241216  39.52242114280892  32.60147107166762  62.68022407693593  397.76176063080726  137.2670841326743  185.15287918661085  108.78834733625587  279.19786752784717  131.41411893751456  381.14617099427716  293.061292237219  350.96981832316055  370.8700323615488  212.7268695134652  52.13310776312943  349.78895064997835  219.22646162956306  379.94759519746276  275.04591118130975  141.09676513006855  59.48701994494462  19.68125170054202  267.0264703500427  371.8714855923667  7.568426733377066  209.079148679845  292.7994711711987  130.99713435502338  68.24884453697183  330.2807835904655  319.1676869526574  320.9203303507887  -40.18469937415267  96.61494677799311  -168.2534991414804  249.4445778064954  -100.76054661523693  311.2001490472355  289.8417810302792  347.55899287646906  20.85115923091837  365.1426685557643  194.54904903520708  259.0415705907741  248.98350450944605  105.84185442038319  366.8149112939859  134.35482312106473  34.56204623141696  -212.85956431620258  234.97477416689617  102.07808648571057  270.0709094442047  -239.76062345442728  274.9474610627544  252.73006948437364  275.429657371194  374.97103487563106  28.00649499097767  241.10805462701208  328.03633646260414  -11.173412164570948  375.38410827991777  127.74741990513934  -5.553217658137726  338.3816293513361  211.02026557035612  176.7472923874738  46.99138474193569  176.4119278344457  -190.57216461892853  230.46658368284767  55.33440109991807  116.65003032595405  299.18172495896835  77.06373634059071  -53.91001261448588  
234.7355708696235  303.3527604852445  236.60373538308278  107.81713554709876  298.6026589401059  90.89337565962455  295.75216744656774  293.066105451653  -45.07158693430665  238.54578976516544  251.45321731934465  342.0839499822471  43.69375156335133  -111.46333352135753  312.30695207773505  -3.4193652097473546  0.0  280.8041484063052  24.697794713669282  336.8954764848531  291.45074052196605  309.6511291391721  -250.99812472001315  154.4837960826648  36.10305593306157  29.182105861920263  59.260858867188574  394.3423954210599  133.84771892292696  181.7335139768635  105.36898212650851  275.77850231809975  127.9947537277672  377.7268057845298  289.64192702747164  347.55045311341325  367.45066715180144  209.30750430371785  48.713742553382076  346.36958544023105  215.8070964198157  376.52822998771535  271.62654597156245  137.6773999203212  56.067654735197266  16.261886490794666  263.6071051402953  368.45212038261934  4.149061523629712  205.65978347009764  289.38010596145136  127.57776914527602  64.82947932722448  326.8614183807182  315.7483217429101  317.5009651410413  -43.604064583900026  93.19558156824576  -171.67286435122776  246.02521259674805  -104.17991182498429  307.7807838374882  286.4224158205318  344.1396276667217  17.431794021171015  361.723303346017  191.12968382545972  255.6222053810267  245.5641392996987  102.42248921063583  363.3955460842386  130.93545791131737  31.142681021669603  -216.27892952594993  231.5554089571488  98.65872127596322  266.65154423445733  -243.17998866417463  271.5280958530071  249.3107042746263  272.0102921614466  371.5516696658837  24.587129781230317  237.68868941726473  324.6169712528568  -14.592777374318302  371.96474307017036  124.32805469539198  -8.97258286788508  334.9622641415887  207.60090036060876  173.32792717772645  43.572019532188335  172.99256262469834  -193.99152982867588  227.04721847310032  51.915035890170714  113.2306651162067  295.762359749221  73.64437113084335  -57.329377824233234  
-46.06857753668169  22.548612078939357  -44.20041302322241  -172.98701285920643  17.798510533800766  -189.91077274668064  14.948019040262551  12.261957045347799  -325.87573534061187  -42.25835864113975  -29.350931086960543  61.27980157594189  -237.11039684295386  -392.26748192766274  31.50280367142986  -284.2235136160525  -280.8041484063052  0.0  -256.10635369263593  56.09132807854789  10.646592115660894  28.84698073286694  -531.8022731263184  -126.32035232364038  -244.70109247324362  -251.62204254438493  -221.5432895391166  113.53824701475472  -146.95642948337823  -99.0706344294417  -175.43516627979668  -5.025646088205406  -152.80939467853798  96.9226573782246  8.83777862116645  66.74630470710804  86.64651874549627  -71.49664410258734  -232.0904058529231  65.56543703392583  -64.99705198648948  95.72408158141019  -9.177602434742766  -143.126748485984  -224.73649367110792  -264.5422619155105  -17.19704326600987  87.64797197631414  -276.6550868826755  -75.14436493620755  8.575957555146175  -153.22637926102917  -215.9746690790807  46.057269974412975  34.94417333660488  36.69681673473613  -324.40821299020524  -187.60856683805943  -452.477012757533  -34.77893580955714  -384.9840602312895  26.976635431182984  5.6182674142266364  63.33547926041652  -263.37235438513414  80.9191549397118  -89.67446458084547  -25.181943025278485  -35.24000910660649  -178.38165919566936  82.5913976779334  -149.86869049498782  -249.66146738463559  -497.08307793225515  -49.248739449156375  -182.14542713034197  -14.152604171847855  -523.9841370704798  -9.276052553298115  -31.4934441316789  -8.793856244858546  90.7475212595785  -256.21701862507484  -43.11545898904046  43.8128228465516  -295.3969257806235  91.1605946638652  -156.4760937109132  -289.7767312741903  54.15811573528353  -73.20324804569643  -107.47622122857874  -237.23212887411685  -107.81158578160685  -474.7956782349811  -53.75692993320487  -228.88911251613447  -167.5734832900985  14.958211342915803  -207.15977727546183  -338.13352623053845  
