Height_Data

node	height
0	175.71149849895852
1	61.742780398635695
2	58.78299299549552
3	114.09584161095817
4	68.71030106328281
5	138.76967822502945
6	131.25465827095846
7	101.45892563414989
8	167.35944540481324
9	125.83645407659543
10	231.51079650650013
11	82.63632757416669
12	283.98955411770453
13	125.82616361797945
14	137.01108159589378
15	171.93281995441626
16	105.82605305089879
17	84.680011935297
18	102.80898904437268
19	69.65069720663628
20	175.44168398689143
21	35.430844064210405
22	168.07487304716574
23	135.4392643351074
24	65.00295748248607
25	181.367096859848
26	145.31595367700885
27	62.59452337798271
28	104.25197238532935
29	91.10462018955144
30	143.545100949128
31	345.6244213708207
32	153.02370092142206
33	94.40877370907245
34	102.14274130481024
35	142.02941503866117
36	77.13851136771663
37	44.42308632568474
38	137.53638306017876
39	91.27927459845365
40	166.73939439761048
41	114.60788026483961
42	95.27361792457191
43	176.76671326875413
44	144.21085992728388
45	284.51637374106457
46	209.57732284102656
47	106.31661318904767
48	210.7225891352101
49	129.0488428793046
50	48.35981816894148
51	85.77389398614491
52	368.9769801210239
53	136.90444997172258
54	144.3398141708862
55	175.53628361691872
56	56.08890997372435
57	36.189605081576126
58	90.3311531532904
59	225.66000204590415
60	92.01806164024666
61	103.29109032960132
62	115.72742049221957
63	222.07430215837422
64	361.74295126995986
65	77.67828250887392
66	73.67152644220786
67	105.67224954215351
68	32.930906248605694
69	152.45050855172198
70	54.0324701128016
71	93.4944090463472
72	345.5273443798213
73	101.18718869873591
74	324.1610444788291
75	114.56935193607009
76	76.56854578380461
77	114.09301078857337
78	140.15582975239354
79	59.82182558167723
80	281.1851931870309
81	23.170820094186137
82	193.9634166494086
83	115.16052619503118
84	166.94433181882795
85	71.02939548034095
86	211.80352668933628
87	216.1228486946431
88	94.09639888349234
89	68.38036724874947
90	267.5695763144423
91	191.05187361527973
92	160.25251770132112
93	73.31712148167843
94	82.65114997581212
95	159.80791081447066
96	109.76967333514521
97	114.21749434299132
98	131.61211656064714
99	90.98903946394691
100	334.7751097664986



height_matrix
0.0  227.93743620064566  233.857011006926  123.23131377600069  214.0023948713514  73.88364054785814  88.91368045600012  148.50514572961725  16.704106188290552  99.75008884472618  -111.59859601508322  186.15034184958367  -216.55611123749202  99.77066976195815  77.40083380612947  7.557357089084519  139.77089089611945  182.06297312732303  145.80501890917168  212.12160258464448  0.5396290241341717  280.5613088694962  15.273250903585563  80.54446832770225  221.4170820329449  -11.31119672177897  60.79108964389934  226.23395024195162  142.91905222725833  169.21375661881416  64.33279509966104  -339.82584574372436  45.375595155072915  162.60544957977214  147.13751438829655  67.3641669205947  197.14597426248378  262.57682434654754  76.35023087755951  168.86444780100973  17.944208202696075  122.20723646823782  160.87576114877322  -2.110429539591223  63.001277143349284  -217.6097504842121  -67.73164868413608  138.7897706198217  -70.02218127250313  93.32531123930784  254.7033606600341  179.8752090256272  -386.5309632441308  77.61409705447187  62.74336865614464  0.3504297640795926  239.24517705046833  279.0437868347648  170.76069069133624  -99.89700709389126  167.38687371742373  144.8408163387144  119.96815601347791  -92.72560731883141  -372.0629055420027  196.0664319801692  204.0799441135013  140.07849791361002  285.5611845007056  46.52197989447308  243.35805677231383  164.43417890522264  -339.6316917617255  149.04861960044522  -296.8990919597412  122.28429312577686  198.28590543030782  123.2369754207703  71.11133749312995  231.77934583456258  -210.94738937614477  305.0813568095448  -36.50383630090016  121.10194460785468  17.534333360261144  209.36420603723514  -72.18405638075552  -80.82270039136915  163.23019923093236  214.6622625004181  -183.7161556309676  -30.680750232642424  30.91796159527479  204.78875403456018  186.1206970462928  31.80717536897572  131.8836503276266  122.98800831193441  88.19876387662276  169.44491807002322  -318.12722253508014  
-227.93743620064566  0.0  5.919574806280352  -104.70612242464496  -13.935041329294236  -154.05379565278753  -139.02375574464554  -79.4322904710284  -211.2333300123551  -128.18734735591948  -339.5360322157289  -41.78709435106198  -444.4935474381377  -128.1667664386875  -150.5366023945162  -220.38007911156114  -88.1665453045262  -45.874463073322616  -82.13241729147397  -15.815833616001171  -227.3978071765115  52.62387266885058  -212.6641852970601  -147.39296787294342  -6.520354167700745  -239.24863292242463  -167.14634655674632  -1.7034859586940314  -85.01838397338732  -58.72367958183149  -163.60464110098462  -567.76328194437  -182.56184104557275  -65.33198662087351  -80.7999218123491  -160.57326928005097  -30.791461938161873  34.639388145901904  -151.58720532308615  -59.07298839963592  -209.9932279979496  -105.73019973240783  -67.06167505187243  -230.0478657402369  -164.93615905729638  -445.54718668485776  -295.66908488478174  -89.14766558082395  -297.9596174731488  -134.61212496133783  26.76592445938843  -48.062227175018435  -614.4683994447764  -150.3233391461738  -165.19406754450102  -227.58700643656607  11.307740849822693  51.10635063411914  -57.17674550930941  -327.8344432945369  -60.550562483221924  -83.09661986193125  -107.96928018716774  -320.66304351947707  -600.0003417426483  -31.87100422047645  -23.857492087144337  -87.85893828703563  57.62374830006  -181.4154563061726  15.420620571668195  -63.50325729542301  -567.5691279623711  -78.88881660020043  -524.8365281603868  -105.6531430748688  -29.65153077033783  -104.70046077987534  -156.8260987075157  3.841909633916927  -438.88482557679043  77.14392060889912  -264.4412725015458  -106.83549159279097  -210.40310284038452  -18.573230163410514  -300.1214925814012  -308.7601365920148  -64.70723696971329  -13.27517370022754  -411.65359183161326  -258.6181864332881  -197.01947460537087  -23.148682166085464  -41.816739154352845  -196.13026083166994  -96.05378587301904  -104.94942788871124  -139.7386723240229  -58.49251813062243  -546.0646587357257  
-233.857011006926  -5.919574806280352  0.0  -110.62569723092531  -19.854616135574588  -159.97337045906787  -144.94333055092588  -85.35186527730875  -217.15290481863545  -134.10692216219982  -345.4556070220092  -47.70666915734233  -450.413122244418  -134.08634124496785  -156.45617720079653  -226.29965391784148  -94.08612011080655  -51.79403787960297  -88.05199209775432  -21.735408422281523  -233.31738198279183  46.70429786257023  -218.58376010334044  -153.31254267922375  -12.439928973981097  -245.16820772870497  -173.06592136302666  -7.623060764974383  -90.93795877966767  -64.64325438811184  -169.52421590726496  -573.6828567506503  -188.4814158518531  -71.25156142715386  -86.71949661862945  -166.4928440863313  -36.711036744442225  28.719813339621552  -157.5067801293665  -64.99256320591627  -215.91280280422993  -111.64977453868818  -72.98124985815278  -235.96744054651722  -170.85573386357672  -451.4667614911381  -301.58865969106205  -95.0672403871043  -303.87919227942916  -140.53169976761816  20.846349653108078  -53.98180198129879  -620.3879742510568  -156.24291395245413  -171.11364235078136  -233.5065812428464  5.388166043542341  45.18677582783879  -63.096320315589765  -333.75401810081723  -66.47013728950228  -89.0161946682116  -113.88885499344809  -326.5826183257574  -605.9199165489287  -37.7905790267568  -29.77706689342469  -93.77851309331598  51.70417349377965  -187.33503111245292  9.501045765387843  -69.42283210170336  -573.4887027686515  -84.80839140648078  -530.7561029666672  -111.57271788114915  -35.57110557661818  -110.6200355861557  -162.74567351379605  -2.0776651723634245  -444.80440038307074  71.22434580261876  -270.36084730782613  -112.75506639907132  -216.32267764666486  -24.492804969690866  -306.04106738768155  -314.6797113982951  -70.62681177599364  -19.194748506507892  -417.57316663789356  -264.53776123956845  -202.9390494116512  -29.068256972365816  -47.7363139606332  -202.04983563795028  -101.97336067929939  -110.8690026949916  -145.65824713030324  -64.41209293690278  -551.9842335420061  
-123.23131377600069  104.70612242464496  110.62569723092531  0.0  90.77108109535072  -49.347673228142554  -34.31763332000057  25.273831953616565  -106.52720758771014  -23.48122493127451  -234.8299097910839  62.91902807358298  -339.7874250134927  -23.460644014042543  -45.83047996987122  -115.67395668691617  16.539577120118764  58.831659351322344  22.57370513317099  88.89028880864379  -122.69168475186652  157.32999509349554  -107.95806287241513  -42.68684544829844  98.18576825694421  -134.54251049777966  -62.44022413210135  103.00263646595093  19.687738451257644  45.98244284281347  -58.89851867633965  -463.057159519725  -77.85571862092777  39.37413580377145  23.906200612295862  -55.86714685540599  73.91466048648309  139.34551057054688  -46.88108289844118  45.63313402500904  -105.28710557330461  -1.024077307762866  37.64444737277253  -125.34174331559191  -60.230036632651405  -340.84106426021276  -190.96296246013677  15.558456843821006  -193.25349504850382  -29.906002536692853  131.47204688403338  56.643895249626524  -509.7622770201315  -45.61721672152882  -60.48794511985605  -122.8808840119211  116.01386327446765  155.8124730587641  47.52937691533555  -223.12832086989195  44.155559941423036  21.609502562713715  -3.2631577625227806  -215.9569210948321  -495.29421931800334  72.83511820416851  80.84863033750062  16.847184137609332  162.32987072470496  -76.70933388152761  120.12674299631315  41.20286512922195  -462.86300553772617  25.81730582444453  -420.1304057357419  -0.9470206502238341  75.05459165430713  0.005661644769617169  -52.11997628287074  108.54803205856189  -334.17870315214543  181.85004303354407  -159.73515007690085  -2.129369168146013  -105.69698041573955  86.13289226123445  -195.4153701567562  -204.05401416736984  39.99888545493167  91.43094872441742  -306.94746940696825  -153.9120640086431  -92.3133521807259  81.5574402585595  62.889383270292115  -91.42413840702497  8.652336551625922  -0.24330546406628173  -35.032549899377926  46.21360429402253  -441.3585363110808  
-214.0023948713514  13.935041329294236  19.854616135574588  -90.77108109535072  0.0  -140.11875432349328  -125.08871441535129  -65.49724914173416  -197.29828868306086  -114.25230602662523  -325.6009908864346  -27.852053021767745  -430.5585061088434  -114.23172510939327  -136.60156106522194  -206.4450377822669  -74.23150397523196  -31.93942174402838  -68.19737596217973  -1.880792286706935  -213.46276584721724  66.55891399814482  -198.72914396776585  -133.45792654364917  7.414687161593491  -225.31359159313038  -153.21130522745207  12.231555370600205  -71.08334264409308  -44.788638252537254  -149.66959977169037  -553.8282406150757  -168.6267997162785  -51.39694529157927  -66.86488048305486  -146.63822795075671  -16.856420608867637  48.57442947519614  -137.6521639937919  -45.13794707034168  -196.05818666865534  -91.79515840311359  -53.12663372257819  -216.11282441094264  -151.00111772800213  -431.6121453555635  -281.73404355548746  -75.21262425152972  -284.0245761438546  -120.67708363204358  40.700965788682666  -34.1271858457242  -600.5333581154822  -136.38829781687954  -151.25902621520677  -213.65196510727182  25.24278217911693  65.04139196341337  -43.24170418001518  -313.89940196524265  -46.61552115392769  -69.16157853263701  -94.0342388578735  -306.7280021901828  -586.0653004133541  -17.935962891182214  -9.9224507578501  -73.92389695774139  71.55878962935424  -167.48041497687834  29.35566190096243  -49.568215966128776  -553.6340866330769  -64.95377527090619  -510.9014868310926  -91.71810174557456  -15.716489441043592  -90.7654194505811  -142.89105737822146  17.776950963211164  -424.94978424749615  91.07896193819334  -250.50623117225157  -92.90045026349674  -196.46806151109027  -4.638188834116278  -286.18645125210696  -294.82509526272054  -50.772195640419056  0.6598676290666958  -397.718550502319  -244.68314510399384  -183.08443327607662  -9.213640836791228  -27.88169782505861  -182.1952195023757  -82.1187445437248  -91.014386559417  -125.80363099472865  -44.55747680132819  -532.1296174064315  
-73.88364054785814  154.05379565278753  159.97337045906787  49.347673228142554  140.11875432349328  0.0  15.030039908141987  74.62150518175912  -57.17953435956758  25.866448296868043  -185.48223656294135  112.26670130172553  -290.43975178535015  25.88702921410001  3.517193258271334  -66.32628345877362  65.88725034826132  108.1793325794649  71.92137836131354  138.23796203678634  -73.34401152372396  206.6776683216381  -58.61038964427257  6.660827779844112  147.53344148508677  -85.1948372696371  -13.092550903958795  152.35030969409348  69.0354116794002  95.33011607095602  -9.550845448197094  -413.7094862915825  -28.50804539278522  88.721809031914  73.25387384043842  -6.519473627263437  123.26233371462564  188.6931837986894  2.4665903297013756  94.9808072531516  -55.93943234516206  48.32359592037969  86.99212060091509  -75.99407008744936  -10.882363404508851  -291.49339103207024  -141.6152892319942  64.90613007196356  -143.90582182036127  19.4416706914497  180.81972011217596  105.99156847776908  -460.41460379198895  3.7304565066137343  -11.140271891713496  -73.53321078377854  165.3615365026102  205.16014628690664  96.8770501434781  -173.7806476417494  93.50323316956559  70.95717579085627  46.08451546561977  -166.60924786668954  -445.9465460898608  122.18279143231106  130.19630356564318  66.19485736575189  211.67754395284751  -27.36166065338506  169.4744162244557  90.5505383573645  -413.51533230958364  75.16497905258709  -370.78273250759935  48.40065257791872  124.40226488244969  49.35333487291217  -2.7723030547281837  157.89570528670444  -284.8310299240029  231.19771626168662  -110.3874768487583  47.21830405999654  -56.34930718759699  135.480565489377  -146.06769692861366  -154.7063409392273  89.34655868307422  140.77862195255997  -257.5997961788257  -104.56439078050056  -42.965678952583346  130.90511348670205  112.23705649843467  -42.076465178882415  58.000009779768476  49.10436776407627  14.315123328764628  95.56127752216508  -392.0108630829383  
-88.91368045600012  139.02375574464554  144.94333055092588  34.31763332000057  125.08871441535129  -15.030039908141987  0.0  59.59146527361713  -72.20957426770957  10.836408388726056  -200.51227647108334  97.23666139358355  -305.46979169349214  10.856989305958024  -11.512846649870653  -81.3563233669156  50.85721044011933  93.14929267132291  56.89133845317156  123.20792212864436  -88.37405143186595  191.6476284134961  -73.64042955241456  -8.369212128297875  132.50340157694478  -100.22487717777909  -28.122590812100782  137.3202697859515  54.00537177125821  80.30007616281404  -24.58088535633908  -428.7395261997245  -43.53808530092721  73.69176912377202  58.22383393229643  -21.549513535405424  108.23229380648365  173.66314389054742  -12.563449578440611  79.95076734500961  -70.96947225330405  33.2935560122377  71.9620806927731  -91.02410999559135  -25.912403312650838  -306.5234309402122  -156.6453291401362  49.87609016382157  -158.93586172850326  4.411630783307714  165.78968020403397  90.96152856962709  -475.44464370013094  -11.299583401528253  -26.170311799855483  -88.56325069192053  150.3314965944682  190.13010637876465  81.84701023533611  -188.81068754989138  78.4731932614236  55.92713588271428  31.054475557477787  -181.63928777483153  -460.9765859980028  107.15275152416908  115.16626365750119  51.1648174576099  196.64750404470553  -42.391700561527045  154.4443763163137  75.52049844922252  -428.5453722177256  60.1349391444451  -385.81277241574134  33.37061266977673  109.3722249743077  34.323294964770184  -17.80234296287017  142.86566537856245  -299.8610698321449  216.16767635354464  -125.41751675690028  32.188264151854554  -71.37934709573898  120.45052558123501  -161.09773683675564  -169.73638084736928  74.31651877493223  125.74858204441799  -272.6298360869677  -119.59443068864255  -57.99571886072533  115.87507357856006  97.20701659029268  -57.1065050870244  42.96996987162649  34.074327855934285  -0.7149165793773591  80.5312376140231  -407.04090299108026  
-148.50514572961725  79.4322904710284  85.35186527730875  -25.273831953616565  65.49724914173416  -74.62150518175912  -59.59146527361713  0.0  -131.8010395413267  -48.755056884891076  -260.10374174470047  37.645196119966414  -365.0612569671093  -48.73447596765911  -71.10431192348778  -140.94778864053274  -8.7342548334978  33.55782739770578  -2.7001268204455755  63.616456855027224  -147.96551670548308  132.05616313987898  -133.2318948260317  -67.960677401915  72.91193630332765  -159.81634245139622  -87.71405608571791  77.72880451233436  -5.586093502358921  20.708610889196905  -84.17235062995621  -488.3309914733416  -103.12955057454434  14.100303850154887  -1.3676313413207026  -81.14097880902256  48.64082853286652  114.0716786169303  -72.15491485205774  20.359302071392477  -130.56093752692118  -26.29790926137943  12.370615419155968  -150.61557526920848  -85.50386858626797  -366.11489621382935  -216.23679441375333  -9.71537510979556  -218.5273270021204  -55.17983449030942  106.19821493041682  31.37006329600996  -535.036108973748  -70.89104867514538  -85.76177707347262  -148.15471596553766  90.74003132085109  130.53864110514752  22.255544961718982  -248.40215282350852  18.88172798780647  -3.66432939090285  -28.536989716139345  -241.23075304844866  -520.5680512716199  47.561286250551944  55.57479838388406  -8.426647816007232  137.0560387710884  -101.98316583514418  94.85291104269659  15.929033175605383  -488.13683749134276  0.5434738708279667  -445.40423768935847  -26.2208526038404  49.78075970069057  -25.268170308846948  -77.3938082364873  83.27420010494532  -359.452535105762  156.5762110799275  -185.00898203051742  -27.403201121762578  -130.9708123693561  60.85906030761788  -220.68920211037278  -229.3278461209864  14.725053501315102  66.15711677080085  -332.22130136058485  -179.18589596225968  -117.58718413434246  56.28360830494293  37.61555131667555  -116.69797036064153  -16.621495401990643  -25.517137417682846  -60.30638185299449  20.939772340405966  -466.6323682646974  
-16.704106188290552  211.2333300123551  217.15290481863545  106.52720758771014  197.29828868306086  57.17953435956758  72.20957426770957  131.8010395413267  0.0  83.04598265643563  -128.30270220337377  169.44623566129312  -233.26021742578257  83.0665635736676  60.69672761783892  -9.146749099206033  123.0667847078289  165.35886693903248  129.10091272088113  195.41749639635393  -16.16447716415638  263.85720268120565  -1.4308552847049896  63.840362139411695  204.71297584465435  -28.015302910069522  44.08698345560879  209.52984405366107  126.21494603896778  152.5096504305236  47.62868891137049  -356.5299519320149  28.671488966782363  145.9013433914816  130.433408200006  50.660060732304146  180.44186807419322  245.872718158257  59.64612468926896  152.16034161271918  1.2401020144055224  105.50313027994727  144.17165496048267  -18.814535727881776  46.29717095505873  -234.31385667250265  -84.43575487242663  122.08566443153114  -86.72628746079369  76.62120505101728  237.99925447174354  163.17110283733666  -403.23506943242137  60.90999086618132  46.03926246785409  -16.35367642421096  222.54107086217778  262.3396806464742  154.05658450304568  -116.60111328218181  150.68276752913317  128.13671015042385  103.26404982518736  -109.42971350712196  -388.76701173029323  179.36232579187865  187.37583792521076  123.37439172531947  268.85707831241507  29.817873706182525  226.65395058402328  147.73007271693209  -356.33579795001606  132.34451341215467  -313.60319814803177  105.5801869374863  181.58179924201727  106.53286923247975  54.4072313048394  215.07523964627202  -227.65149556443532  288.37725062125423  -53.207942489190714  104.39783841956412  0.8302271719705914  192.66009984894458  -88.88816256904607  -97.5268065796597  146.5260930426418  197.95815631212756  -200.42026181925814  -47.38485642093298  14.213855406984237  188.08464784626963  169.41659085800225  15.103069180685168  115.17954413933606  106.28390212364386  71.49465768833221  152.74081188173267  -334.8313287233707  
-99.75008884472618  128.18734735591948  134.10692216219982  23.48122493127451  114.25230602662523  -25.866448296868043  -10.836408388726056  48.755056884891076  -83.04598265643563  0.0  -211.3486848598094  86.40025300485749  -316.3062000822182  0.020580917231967533  -22.34925503859671  -92.19273175564166  40.020802051393275  82.31288428259685  46.0549300644455  112.3715137399183  -99.210459820592  180.81122002477005  -84.47683794114062  -19.20562051702393  121.66699318821873  -111.06128556650515  -38.95899920082684  126.48386139722544  43.168963382532155  69.46366777408798  -35.41729374506514  -439.57593458845054  -54.374493689653264  62.85536073504596  47.38742554357037  -32.38592192413148  97.3958854177576  162.82673550182136  -23.399857967166668  69.11435895628355  -81.8058806420301  22.457147623511645  61.12567230404704  -101.8605183843174  -36.748811701376894  -317.3598393289383  -167.48173752886225  39.03968177509552  -169.7722701172293  -6.424777605418342  154.95327181530791  80.12512018090104  -486.281052088857  -22.13599179025431  -37.00672018858154  -99.39965908064659  139.49508820574215  179.2936979900386  71.01060184661006  -199.64709593861744  67.63678487269755  45.090727493988226  20.21806716875173  -192.4756961635576  -471.81299438672886  96.31634313544302  104.32985526877513  40.32840906888384  185.81109565597947  -53.2281089502531  143.60796792758765  64.68409006049646  -439.3817806064517  49.29853075571904  -396.6491808044674  22.534204281050677  98.53581658558164  23.486886576044128  -28.638751351596227  132.0292569898364  -310.69747822087095  205.33126796481858  -136.25392514562634  21.351855763128498  -82.21575548446503  109.61411719250896  -171.9341452254817  -180.57278923609533  63.48011038620618  114.91217365569193  -283.46624447569377  -130.4308390773686  -68.83212724945139  105.038665189834  86.37060820156663  -67.94291347575046  32.13356148290043  23.23791946720823  -11.551324968103415  69.69482922529704  -417.8773113798063  
111.59859601508322  339.5360322157289  345.4556070220092  234.8299097910839  325.6009908864346  185.48223656294135  200.51227647108334  260.10374174470047  128.30270220337377  211.3486848598094  0.0  297.7489378646669  -104.9575152224088  211.36926577704136  188.9994298212127  119.15595310416774  251.36948691120267  293.6615691424063  257.4036149242549  323.7201985997277  112.13822503921739  392.1599048845794  126.87184691866878  192.14306434278546  333.0156780480281  100.28739929330425  172.38968565898256  337.83254625703483  254.51764824234155  280.8123526338974  175.93139111474426  -228.22724972864114  156.97419117015613  274.20404559485536  258.73611040337977  178.96276293567792  308.744570277567  374.17542036163076  187.94882689264273  280.463043816093  129.5428042177793  233.80583248332104  272.47435716385644  109.488166475492  174.5998731584325  -106.01115446912888  43.86694733094714  250.3883666349049  41.576414742580084  204.92390725439105  366.3019566751173  291.47380504071043  -274.9323672290476  189.2126930695551  174.34196467122786  111.94902577916281  350.84377306555155  390.642382849848  282.3592867064194  11.701588921191956  278.98546973250694  256.4394123537976  231.56675202856113  18.87298869625181  -260.46430952691946  307.66502799525244  315.67854012858453  251.67709392869324  397.15978051578884  158.1205759095563  354.95665278739705  276.0327749203059  -228.0330957466423  260.64721561552847  -185.300495944658  233.88288914086007  309.88450144539104  234.83557143585352  182.70993350821317  343.3779418496458  -99.34879336106155  416.679952824628  75.09475971418306  232.7005406229379  129.13292937534436  320.96280205231835  39.414539634327696  30.775895623714064  274.8287952460156  326.26085851550135  -72.11755961588437  80.91784578244079  142.516557610358  316.3873500496434  297.719293061376  143.40577138405894  243.48224634270983  234.58660432701762  199.79735989170598  281.04351408510644  -206.52862651999692  
-186.15034184958367  41.78709435106198  47.70666915734233  -62.91902807358298  27.852053021767745  -112.26670130172553  -97.23666139358355  -37.645196119966414  -169.44623566129312  -86.40025300485749  -297.7489378646669  0.0  -402.7064530870757  -86.37967208762552  -108.7495080434542  -178.59298476049915  -46.379450953464215  -4.087368722260635  -40.34532294041199  25.97126073506081  -185.6107128254495  94.41096701991256  -170.8770909459981  -105.60587352188142  35.266740183361236  -197.46153857136264  -125.35925220568433  40.08360839236795  -43.231289622325335  -16.93658523076951  -121.81754674992263  -525.976187593308  -140.77474669451075  -23.544892269811527  -39.01282746128712  -118.78617492898897  10.995632412900108  76.42648249696389  -109.80011097202416  -17.285894048573937  -168.2061336468876  -63.943105381345845  -25.274580700810446  -188.2607713891749  -123.14906470623438  -403.7600923337958  -253.88199053371974  -47.36057122976197  -256.1725231220868  -92.82503061027583  68.55301881045041  -6.275132823956454  -572.6813050937145  -108.5362447951118  -123.40697319343903  -185.79991208550408  53.094835200884674  92.89344498518112  -15.389651158247432  -286.04734894347496  -18.763468132159943  -41.309525510869264  -66.18218583610576  -278.8759491684151  -558.2132473915864  9.91609013058553  17.929602263917644  -46.07184393597365  99.41084265112198  -139.6283619551106  57.207714922730176  -21.71616294436103  -525.7820336113092  -37.10172224913845  -483.0494338093249  -63.86604872380681  12.135563580724153  -62.91336642881336  -115.03900435645372  45.62900398497891  -397.09773122572847  118.93101495996109  -222.65417815048383  -65.04839724172899  -168.61600848932252  23.213864187651467  -258.33439823033916  -266.97304224095285  -22.92014261865131  28.51192065083444  -369.8664974805513  -216.8310920822261  -155.23238025430888  18.638412184976517  -0.029644803290864274  -154.34316648060795  -54.26669152195706  -63.16233353764926  -97.9515779729609  -16.705423779560448  -504.27756438466383  
216.55611123749202  444.4935474381377  450.413122244418  339.7874250134927  430.5585061088434  290.43975178535015  305.46979169349214  365.0612569671093  233.26021742578257  316.3062000822182  104.9575152224088  402.7064530870757  0.0  316.3267809994502  293.9569450436215  224.11346832657654  356.3270021336115  398.6190843648151  362.3611301466637  428.6777138221365  217.0957402616262  497.1174201069882  231.82936214107758  297.10057956519427  437.9731932704369  205.24491451571305  277.34720088139136  442.79006147944364  359.4751634647504  385.7698678563062  280.88890633715306  -123.26973450623234  261.93170639256493  379.16156081726416  363.69362562578857  283.9202781580867  413.7020854999758  479.13293558403956  292.90634211505153  385.4205590385018  234.5003194401881  338.76334770572987  377.43187238626524  214.4456816979008  279.5573883808413  -1.0536392467200812  148.82446255335594  355.3458818573137  146.53392996498889  309.88142247679986  471.2594718975261  396.43132026311923  -169.9748520066388  294.1702082919639  279.29947989363666  216.9065410015716  455.80128828796035  495.5998980722568  387.3168019288282  116.65910414360076  383.94298495491574  361.3969275762064  336.52426725096996  123.83050391866061  -155.50679430451066  412.62254321766125  420.63605535099333  356.63460915110204  502.11729573819764  263.0780911319651  459.91416800980585  380.9902901427147  -123.07558052423349  365.60473083793727  -80.3429807222492  338.8404043632689  414.84201666779984  339.7930866582623  287.66744873062197  448.3354570720546  5.608721861347249  521.6374680470368  180.05227493659186  337.65805584534667  234.09044459775316  425.92031727472715  144.3720548567365  135.73341084612287  379.7863104684244  431.21837373791016  32.83995560652443  185.8753610048496  247.4740728327668  421.3448652720522  402.6768082837848  248.36328660646774  348.4397615651186  339.54411954942645  304.7548751141148  386.00102930751524  -101.57111129758812  
-99.77066976195815  128.1667664386875  134.08634124496785  23.460644014042543  114.23172510939327  -25.88702921410001  -10.856989305958024  48.73447596765911  -83.0665635736676  -0.020580917231967533  -211.36926577704136  86.37967208762552  -316.3267809994502  0.0  -22.369835955828677  -92.21331267287363  40.00022113416131  82.29230336536489  46.03434914721353  112.35093282268633  -99.23104073782397  180.79063910753808  -84.49741885837258  -19.2262014342559  121.64641227098676  -111.08186648373712  -38.979580118058806  126.46328047999347  43.14838246530019  69.44308685685601  -35.437874662297105  -439.59651550568253  -54.39507460688523  62.834779817813995  47.366844626338406  -32.40650284136345  97.37530450052563  162.80615458458942  -23.420438884398635  69.09377803905159  -81.82646155926207  22.436566706279677  61.105091386815076  -101.88109930154937  -36.76939261860886  -317.3804202461703  -167.50231844609422  39.01910085786355  -169.79285103446128  -6.445358522650309  154.93269089807592  80.10453926366907  -486.301633006089  -22.156572707486276  -37.02730110581351  -99.42023999787855  139.4745072885102  179.27311707280666  70.99002092937809  -199.6676768558494  67.61620395546558  45.07014657675626  20.197486251519763  -192.49627708078955  -471.83357530396086  96.29576221821105  104.30927435154317  40.307828151651876  185.7905147387475  -53.24868986748507  143.5873870103557  64.66350914326449  -439.4023615236837  49.277949838487075  -396.6697617216994  22.51362336381871  98.51523566834967  23.46630565881216  -28.659332268828194  132.00867607260443  -310.71805913810294  205.3106870475866  -136.2745060628583  21.33127484589653  -82.236336401697  109.59353627527699  -171.95472614271367  -180.5933701533273  63.45952946897421  114.89159273845996  -283.48682539292577  -130.45141999460057  -68.85270816668336  105.01808427260204  86.35002728433466  -67.96349439298243  32.112980565668465  23.21733854997626  -11.571905885335383  69.67424830806507  -417.8978922970383  
-77.40083380612947  150.5366023945162  156.45617720079653  45.83047996987122  136.60156106522194  -3.517193258271334  11.512846649870653  71.10431192348778  -60.69672761783892  22.34925503859671  -188.9994298212127  108.7495080434542  -293.9569450436215  22.369835955828677  0.0  -69.84347671704495  62.370057089989984  104.66213932119356  68.40418510304221  134.720768778515  -76.8612047819953  203.16047506336676  -62.12758290254391  3.1436345215727783  144.01624822681543  -88.71203052790844  -16.60974416223013  148.83311643582215  65.51821842112886  91.81292281268469  -13.068038706468428  -417.2266795498538  -32.025238651056554  85.20461577364267  69.73668058216708  -10.036666885534771  119.7451404563543  185.17599054041807  -1.0506029285699583  91.46361399488026  -59.456625603433395  44.806402662108354  83.47492734264375  -79.51126334572069  -14.399556662780185  -295.01058429034157  -145.13248249026555  61.388936813692226  -147.4230150786326  15.924477433178367  177.30252685390462  102.47437521949774  -463.9317970502603  0.2132632483424004  -14.65746514998483  -77.05040404204988  161.84434324433886  201.6429530286353  93.35985688520677  -177.29784090002073  89.98603991129426  67.43998253258493  42.56732220734844  -170.12644112496088  -449.46373934813215  118.66559817403973  126.67911030737184  62.67766410748055  208.16035069457618  -30.878853911656392  165.95722296618436  87.03334509909317  -417.032525567855  71.64778579431575  -374.2999257658707  44.883459319647386  120.88507162417835  45.83614161464084  -6.289496312999518  154.3785120284331  -288.34822318227424  227.6805230034153  -113.90467010702963  43.70111080172521  -59.866500445868326  131.96337223110567  -149.584890186885  -158.22353419749862  85.82936542480289  137.26142869428864  -261.11698943709706  -108.0815840387719  -46.48287221085468  127.38792022843072  108.71986324016333  -45.59365843715375  54.48281652149714  45.58717450580494  10.797930070493294  92.04408426389375  -395.5280563412096  
-7.557357089084519  220.38007911156114  226.29965391784148  115.67395668691617  206.4450377822669  66.32628345877362  81.3563233669156  140.94778864053274  9.146749099206033  92.19273175564166  -119.15595310416774  178.59298476049915  -224.11346832657654  92.21331267287363  69.84347671704495  0.0  132.21353380703493  174.50561603823851  138.24766182008716  204.56424549555996  -7.017728064950347  273.00395178041174  7.715893814501044  72.98711123861773  213.85972494386039  -18.86855381086349  53.23373255481482  218.6765931528671  135.36169513817381  161.65639952972964  56.77543801057652  -347.3832028328089  37.818238065988396  155.04809249068762  139.58015729921203  59.80680983151018  189.58861717339926  255.01946725746302  68.79287378847499  161.3070907119252  10.386851113611556  114.6498793791533  153.3184040596887  -9.667786628675742  55.443920054264765  -225.16710757329662  -75.2890057732206  131.23241353073718  -77.57953836158765  85.76795415022332  247.14600357094957  172.3178519365427  -394.08832033321534  70.05673996538735  55.18601156706012  -7.206927325004926  231.6878199613838  271.48642974568025  163.20333360225172  -107.45436418297578  159.8295166283392  137.28345924962989  112.41079892439339  -100.28296440791593  -379.6202626310872  188.50907489108468  196.5225870244168  132.5211408245255  278.00382741162116  38.96462280538856  235.8006996832293  156.87682181613812  -347.18904885081  141.4912625113607  -304.45644904882573  114.72693603669234  190.7285483412233  115.67961833168579  63.55398040404543  224.22198874547806  -218.5047464652293  297.52399972046027  -44.06119338998468  113.54458751877016  9.976976271176625  201.80684894815062  -79.74141346984004  -88.38005748045367  155.67284214184784  207.1049054113336  -191.2735127200521  -38.23810732172694  23.36060450619027  197.23139694547567  178.56333995720829  24.2498182798912  124.32629323854209  115.43065122284989  80.64140678753824  161.8875609809387  -325.68457962416466  
-139.77089089611945  88.1665453045262  94.08612011080655  -16.539577120118764  74.23150397523196  -65.88725034826132  -50.85721044011933  8.7342548334978  -123.0667847078289  -40.020802051393275  -251.36948691120267  46.379450953464215  -356.3270021336115  -40.00022113416131  -62.370057089989984  -132.21353380703493  0.0  42.29208223120358  6.034128013052225  72.35071168852502  -139.23126187198528  140.79041797337678  -124.49763999253389  -59.226422568417206  81.64619113682545  -151.08208761789842  -78.97980125222011  86.46305934583216  3.14816133113888  29.442865722694705  -75.43809579645841  -479.5967366398438  -94.39529574104654  22.834558683652688  7.366623492177098  -72.40672397552476  57.37508336636432  122.8059334504281  -63.42066001855994  29.093556904890278  -121.82668269342338  -17.56365442788163  21.104870252653768  -141.88132043571068  -76.76961375277017  -357.38064138033155  -207.50253958025553  -0.9811202762977587  -209.7930721686226  -46.44557965681162  114.93246976391463  40.10431812950776  -526.3018541402503  -62.156793841647584  -77.02752223997481  -139.42046113203986  99.47428615434889  139.27289593864532  30.989799795216783  -239.66789799001072  27.61598282130427  5.0699254425949505  -19.802734882641545  -232.49649821495086  -511.83379643812214  56.295541084049745  64.30905321738186  0.30760701749056807  145.7902936045862  -93.24891100164638  103.58716587619439  24.663288009103184  -479.40258265784496  9.277728704325767  -436.66998285586067  -17.4865977703426  58.51501453418837  -16.533915475349147  -68.6595534029895  92.00845493844312  -350.7182802722642  165.3104659134253  -176.27472719701962  -18.668946288264777  -122.23655753585831  69.59331514111568  -211.95494727687498  -220.5935912874886  23.459308334812903  74.89137160429866  -323.48704652708705  -170.45164112876188  -108.85292930084466  65.01786313844073  46.34980615017335  -107.96371552714373  -7.887240568492842  -16.782882584185046  -51.57212701949669  29.674027173903767  -457.8981134311996  
-182.06297312732303  45.874463073322616  51.79403787960297  -58.831659351322344  31.93942174402838  -108.1793325794649  -93.14929267132291  -33.55782739770578  -165.35886693903248  -82.31288428259685  -293.6615691424063  4.087368722260635  -398.6190843648151  -82.29230336536489  -104.66213932119356  -174.50561603823851  -42.29208223120358  0.0  -36.257954218151355  30.058629457321445  -181.52334410318886  98.4983357421732  -166.78972222373747  -101.51850479962079  39.35410890562187  -193.374169849102  -121.2718834834237  44.170977114628585  -39.1439209000647  -12.849216508508874  -117.73017802766199  -521.8888188710474  -136.68737797225012  -19.457523547550892  -34.92545873902648  -114.69880620672834  15.083001135160742  80.51385121922452  -105.71274224976352  -13.198525326313302  -164.11876492462696  -59.85573665908521  -21.18721197854981  -184.17340266691426  -119.06169598397375  -399.67272361153516  -249.7946218114591  -43.27320250750134  -252.08515439982617  -88.7376618880152  72.64038753271105  -2.1877641016958194  -568.5939363714539  -104.44887607285116  -119.3196044711784  -181.71254336324344  57.18220392314531  96.98081370744175  -11.302282435986797  -281.9599802212143  -14.676099409899308  -37.22215678860863  -62.094817113845124  -274.78858044615447  -554.1258786693257  14.003458852846165  22.01697098617828  -41.98447521371301  103.49821137338262  -135.54099323284996  61.29508364499081  -17.628794222100396  -521.6946648890486  -33.01435352687781  -478.9620650870643  -59.77868000154618  16.222932302984788  -58.82599770655273  -110.95163563419308  49.71637270723954  -393.01036250346783  123.01838368222172  -218.5668094282232  -60.96102851946836  -164.5286397670619  27.301232909912102  -254.24702950807855  -262.8856735186922  -18.832773896390677  32.599289373095075  -365.77912875829065  -212.74372335996546  -151.14501153204824  22.72578090723715  4.057723918969771  -150.2557977583473  -50.17932279969642  -59.074964815388626  -93.86420925070027  -12.618055057299813  -500.1901956624032  
