Height_Data

node	height
0	270.4960797880758
1	434.309470999532
2	426.74398048120486
3	113.53490458673159
4	149.57440087412317
5	81.68807435002422
6	185.76355893257076
7	159.9953236227021
8	248.9614920288992
9	324.20995640436564
10	163.5878449968034
11	174.44966935033113
12	226.15200848227633
13	475.9107180051151
14	236.71434090121497
15	57.06176303435851
16	225.71182395194788
17	171.14243998614702
18	184.57765862912458
19	193.4880447294962
20	201.24508060181083
21	165.29595967630996
22	149.29230693473815
23	171.66775241269042
24	423.1092779051849
25	89.32344975492305
26	152.2270468377538
27	242.4116185863973
28	151.22214369113567
29	271.9762643826843
30	327.57393524287215
31	159.07607308222097
32	225.79871449920702
33	192.2052117186295
34	135.24217206270697
35	92.30184453572575
36	398.8036304759704
37	186.7509133677771
38	454.26912009404367
39	56.98037561996144
40	123.23987074113822
41	202.32032163950893
42	90.70160978644368
43	118.8235060423099
44	252.01231994074257
45	561.1124074096608
46	229.81925451550538
47	464.6980006586785
48	428.55555167720377
49	109.04664218951906
50	226.04026759613245
51	240.21304646504134
52	217.99479134292298
53	225.92941322500081
54	125.20427551645034
55	58.16409606121107
56	110.98214115700453
57	378.15273238871276
58	196.27709058715737
59	246.3192728427741
60	142.48812601960387
61	349.4551014167474
62	164.12185893457152
63	186.43905838846587
64	214.1131922626991
65	156.47152318155457
66	186.60839787673825
67	92.44410238326613
68	394.2611102677071
69	243.72316696611887
70	320.4798711833411
71	267.7431052433873
72	240.5248829009376
73	128.60094957110576
74	139.95774339139342
75	278.84030773062136
76	194.04683574323138
77	205.78921702879572
78	65.57018227420953
79	175.87780104020334
80	174.9564430575709
81	234.90690560025783
82	133.52527879336367
83	67.6965491003875
84	38.25665775415317
85	205.4770244971568
86	451.4950270004498
87	167.59477757617648
88	85.93671191491087
89	31.972253568866442
90	301.4894305390534
91	203.7971303248448
92	450.3145011029335
93	184.19850634241388
94	163.75222169291902
95	111.91894700103748
96	71.28032507730843
97	242.18693286312538
98	444.5897664679927
99	114.95789428368373
100	273.81414383041596



height_matrix
0.0  -163.81339121145618  -156.24790069312905  156.96117520134422  120.92167891395263  188.80800543805157  84.73252085550504  110.5007561653737  21.534587759176617  -53.71387661628984  106.9082347912724  96.04641043774467  44.344071305799474  -205.41463821703928  33.781738886860836  213.4343167537173  44.784255836127926  99.35363980192878  85.91842115895122  77.0080350585796  69.25099918626498  105.20012011176584  121.20377285333765  98.82832737538538  -152.6131981171091  181.17263003315276  118.26903295032201  28.084461201678494  119.27393609694013  -1.4801845946084882  -57.07785545479635  111.42000670585483  44.69736528886878  78.2908680694463  135.25390772536883  178.19423525235004  -128.3075506878946  83.74516642029872  -183.77304030596787  213.51570416811435  147.25620904693758  68.17575814856687  179.79447000163213  151.6725737457659  18.483759847333232  -290.616327621585  40.676825272570426  -194.2019208706027  -158.05947188912796  161.44943759855676  44.45581219194335  30.28303332303446  52.501288445152824  44.56666656307499  145.29180427162547  212.33198372686473  159.51393863107126  -107.65665260063696  74.21898920091843  24.176806945301706  128.00795376847194  -78.95902162867162  106.37422085350428  84.05702139960994  56.3828875253767  114.02455660652123  83.88768191133755  178.0519774048097  -123.76503047963132  26.772912821956936  -49.983791395265314  2.752974544688527  29.971196887138206  141.89513021697005  130.53833639668238  -8.344227942545558  76.44924404484442  64.70686275928009  204.9258975138663  94.61827874787247  95.5396367305049  35.589174187817974  136.97080099471214  202.7995306876883  232.23942203392264  65.019055290919  -180.998947212374  102.90130221189932  184.55936787316494  238.52382621920935  -30.993350750977584  66.698949463231  -179.8184213148577  86.29757344566193  106.74385809515678  158.57713278703832  199.21575471076738  28.309146924950426  -174.0936866799169  155.53818550439206  -3.318064042340154  
163.81339121145618  0.0  7.565490518327124  320.77456641280037  284.7350701254088  352.62139664950774  248.54591206696122  274.31414737682985  185.3479789706328  110.09951459516634  270.7216260027286  259.85980164920085  208.15746251725565  -41.601247005583105  197.59513009831701  377.24770796517345  208.5976470475841  263.167031013385  249.7318123704074  240.82142627003577  233.06439039772116  269.013511323222  285.01716406479386  262.64171858684153  11.200193094347071  344.98602124460893  282.0824241617782  191.89785241313467  283.0873273083963  162.3332066168477  106.73553575665983  275.233397917311  208.51075650032496  242.10425928090248  299.067298936825  342.0076264638062  35.505840523561574  247.5585576317549  -19.95964909451169  377.32909537957056  311.06960025839373  231.98914936002305  343.6078612130883  315.4859649572221  182.2971510587894  -126.80293641012884  204.4902164840266  -30.388529659146513  5.7539193223282155  325.26282881001293  208.26920340339953  194.09642453449064  216.314679656609  208.38005777453117  309.1051954830816  376.1453749383209  323.32732984252743  56.15673861081922  238.0323804123746  187.99019815675788  291.8213449799281  84.85436958278456  270.1876120649605  247.87041261106612  220.19627873683288  277.8379478179774  247.70107312279373  341.86536861626587  40.04836073182486  190.58630403341311  113.82959981619086  166.5663657561447  193.78458809859438  305.70852142842625  294.35172760813856  155.46916326891062  240.2626352563006  228.52025397073626  368.73928872532247  258.43166995932864  259.35302794196105  199.40256539927415  300.7841922061683  366.61292189914445  396.05281324537884  228.83244650237518  -17.185556000917813  266.71469342335547  348.3727590846211  402.33721743066553  132.8200404604786  230.51234067468718  -16.00503010340151  250.1109646571181  270.55724930661296  322.3905239984945  363.02914592222356  192.1225381364066  -10.280295468460736  319.35157671584824  160.49532716911602  
156.24790069312905  -7.565490518327124  0.0  313.20907589447324  277.1695796070817  345.0559061311806  240.9804215486341  266.7486568585027  177.78248845230567  102.53402407683922  263.1561354844015  252.29431113087372  200.59197199892853  -49.16673752391023  190.0296395799899  369.6822174468463  201.03215652925698  255.60154049505783  242.16632185208027  233.25593575170865  225.49889987939403  261.4480208048949  277.45167354646674  255.07622806851444  3.634702576019947  337.4205307262818  274.51693364345107  184.33236189480755  275.5218367900692  154.76771609852057  99.1700452383327  267.66790739898386  200.94526598199784  234.53876876257536  291.5018084184979  334.4421359454791  27.94035000523445  239.99306711342777  -27.525139612838814  369.76360486124344  303.5041097400666  224.42365884169593  336.0423706947612  307.920474438895  174.7316605404623  -134.36842692845596  196.92472596569948  -37.95402017747364  -1.8115711959989085  317.6973382916858  200.7037128850724  186.5309340161635  208.74918913828188  200.81456725620404  301.5397049647545  368.5798844199938  315.7618393242003  48.591248092492094  230.46688989404748  180.42470763843076  284.25585446160096  77.28887906445743  262.62212154663337  240.304922092739  212.63078821850576  270.2724572996503  240.1355826044666  334.29987809793874  32.48287021349773  183.020813515086  106.26410929786374  159.00087523781758  186.21909758026726  298.1430309100991  286.78623708981144  147.9036727505835  232.69714473797347  220.95476345240914  361.17379820699534  250.86617944100152  251.78753742363395  191.83707488094703  293.2187016878412  359.04743138081733  388.4873227270517  221.26695598404805  -24.751046519244937  259.14920290502835  340.807268566294  394.7717269123384  125.25454994215147  222.94685015636006  -23.570520621728633  242.54547413879098  262.99175878828584  314.82503348016735  355.46365540389644  184.55704761807948  -17.84578598678786  311.7860861975211  152.9298366507889  
-156.96117520134422  -320.77456641280037  -313.20907589447324  0.0  -36.039496287391586  31.846830236707362  -72.22865434583917  -46.46041903597052  -135.4265874421676  -210.67505181763406  -50.05294041007181  -60.91476476359955  -112.61710389554474  -362.3758134183835  -123.17943631448338  56.47314155237307  -112.17691936521629  -57.60753539941544  -71.042754042393  -79.95314014276462  -87.71017601507924  -51.76105508957838  -35.757402348006565  -58.132847825958834  -309.57437331845335  24.21145483180854  -38.692142251022204  -128.87671399966572  -37.687239104404085  -158.4413597959527  -214.03903065614057  -45.54116849548939  -112.26380991247544  -78.67030713189791  -21.707267475975385  21.233060051005836  -285.2687258892388  -73.2160087810455  -340.7342155073121  56.55452896677014  -9.704966154406634  -88.78541705277735  22.833294800287902  -5.288601455578316  -138.477415354011  -447.5775028229292  -116.28434992877379  -351.16309607194694  -315.02064709047215  4.488262397212523  -112.50536300940087  -126.67814187830976  -104.4598867561914  -112.39450863826923  -11.669370929718752  55.370808525520516  2.552763429727051  -264.6178278019812  -82.74218600042579  -132.7843682560425  -28.953221432872283  -235.92019683001584  -50.586954347839935  -72.90415380173428  -100.57828767596752  -42.93661859482299  -73.07349329000667  21.090802203465458  -280.72620568097557  -130.18826237938728  -206.94496659660953  -154.2082006566557  -126.98997831420601  -15.066044984374173  -26.422838804661836  -165.30540314388978  -80.5119311564998  -92.25431244206413  47.964722312522056  -62.34289645347175  -61.42153847083932  -121.37200101352624  -19.990374206632083  45.838355486344085  75.27824683257842  -91.94211991042522  -337.9601224137182  -54.0598729894449  27.598192671820712  81.56265101786514  -187.9545259523218  -90.26222573811322  -336.7795965162019  -70.6636017556823  -50.21731710618744  1.6159575856941046  42.25457950942315  -128.6520282763938  -331.0548618812611  -1.4229896969521434  -160.27923924368437  
-120.92167891395263  -284.7350701254088  -277.1695796070817  36.039496287391586  0.0  67.88632652409895  -36.18915805844759  -10.420922748578931  -99.38709115477602  -174.63555553024247  -14.013444122680227  -24.875268476207964  -76.57760760815316  -326.3363171309919  -87.1399400270918  92.51263783976466  -76.1374230778247  -21.568039112023854  -35.003257755001414  -43.91364385537304  -51.670679727687656  -15.721558802186792  0.28209393938502103  -22.093351538567248  -273.53487703106174  60.250951119200124  -2.6526459636306186  -92.83721771227414  -1.6477428170124995  -122.40186350856112  -177.99953436874898  -9.501672208097801  -76.22431362508385  -42.63081084450633  14.3322288114162  57.27255633839742  -249.22922960184724  -37.17651249365392  -304.6947192199205  92.59402525416172  26.334530132984952  -52.74592076538576  58.87279108767949  30.75089483181327  -102.4379190666194  -411.53800653553765  -80.2448536413822  -315.1235997845553  -278.9811508030806  40.52775868460411  -76.46586672200928  -90.63864559091817  -68.42039046879981  -76.35501235087764  24.370125357672833  91.4103048129121  38.59225971711864  -228.5783315145896  -46.702689713034204  -96.74487196865093  7.086274854519303  -199.88070054262425  -14.54745806044835  -36.864657514342696  -64.53879138857593  -6.8971223074314025  -37.03399700261508  57.130298490857044  -244.68670939358395  -94.1487660919957  -170.90547030921795  -118.1687043692641  -90.95048202681443  20.973451303017413  9.61665748272975  -129.2659068564982  -44.47243486910821  -56.21481615467255  84.00421859991364  -26.303400166080166  -25.382042183447737  -85.33250472613466  16.049122080759503  81.87785177373567  111.31774311997  -55.902623623033634  -301.9206261263266  -18.020376702053312  63.6376889592123  117.60214730525672  -151.91502966493022  -54.22272945072163  -300.7401002288103  -34.62410546829071  -14.177820818795851  37.65545387308569  78.29407579681474  -92.6125319890022  -295.01536559386955  34.61650659043944  -124.23974295629279  
-188.80800543805157  -352.62139664950774  -345.0559061311806  -31.846830236707362  -67.88632652409895  0.0  -104.07548458254654  -78.30724927267788  -167.27341767887498  -242.5218820543414  -81.89977064677917  -92.76159500030691  -144.46393413225212  -394.22264365509085  -155.02626655119076  24.62631131566571  -144.02374960192367  -89.4543656361228  -102.88958427910036  -111.79997037947199  -119.5570062517866  -83.60788532628574  -67.60423258471393  -89.9796780626662  -341.4212035551607  -7.635375404898824  -70.53897248772957  -160.72354423637307  -69.53406934111145  -190.28819003266005  -245.88586089284792  -77.38799873219675  -144.1106401491828  -110.51713736860528  -53.55409771268275  -10.613770185701526  -317.11555612594617  -105.06283901775286  -372.58104574401943  24.70769873006278  -41.551796391113996  -120.63224728948471  -9.01353543641946  -37.13543169228568  -170.32424559071836  -479.4243330596366  -148.13118016548117  -383.00992630865426  -346.86747732717953  -27.35856783949484  -144.35219324610824  -158.52497211501714  -136.30671699289877  -144.24133887497658  -43.516201166426114  23.523978288813154  -29.29406680698031  -296.4646580386885  -114.58901623713315  -164.6311984927499  -60.800051669579645  -267.7670270667232  -82.4337845845473  -104.75098403844164  -132.42511791267486  -74.78344883153035  -104.92032352671403  -10.756028033241904  -312.5730359176829  -162.03509261609463  -238.79179683331688  -186.05503089336304  -158.83680855091336  -46.912875221081535  -58.2696690413692  -197.15223338059712  -112.35876139320716  -124.1011426787715  16.117892075814694  -94.18972669017911  -93.26836870754668  -153.21883125023362  -51.837204443339445  13.991525249636723  43.431416595871056  -123.78895014713258  -369.80695265042556  -85.90670322615226  -4.24863756488665  49.71582078115778  -219.80135618902915  -122.10905597482058  -368.62642675290925  -102.51043199238966  -82.0641473428948  -30.230872651013257  10.40774927271579  -160.49885851310114  -362.9016921179685  -33.269819933659505  -192.12606948039172  
-84.73252085550504  -248.54591206696122  -240.9804215486341  72.22865434583917  36.18915805844759  104.07548458254654  0.0  25.768235309868658  -63.19793309632843  -138.44639747179488  22.175713935767362  11.313889582239625  -40.38844954970557  -290.14715907254435  -50.95078196864421  128.70179589821225  -39.94826501937712  14.621118946423735  1.185900303446175  -7.72448579692545  -15.481521669240067  20.467599256260797  36.47125199783261  14.095806519880341  -237.34571897261415  96.44010917764771  33.53651209481697  -56.64805965382655  34.54141524143509  -86.21270545011353  -141.8103763103014  26.687485850349788  -40.03515556663626  -6.441652786058739  50.52138686986379  93.46171439684501  -213.04007154339965  -0.9873544352063277  -268.5055611614729  128.7831833126093  62.52368819143254  -16.556762706938173  95.06194914612708  66.94005289026086  -66.24876100817181  -375.3488484770901  -44.05569558293462  -278.9344417261077  -242.791992744633  76.7169167430517  -40.27670866356169  -54.449487532470584  -32.23123241035222  -40.165854292430055  60.55928341612042  127.59946287135969  74.78141777556623  -192.389173456142  -10.513531654586615  -60.55571391020334  43.27543291296689  -163.69154248417667  21.64169999799924  -0.6754994558951068  -28.34963333012834  29.292035751016186  -0.844838944167492  93.31945654930463  -208.49755133513636  -57.95960803354811  -134.71631225077036  -81.97954631081652  -54.76132396836684  57.162609361465  45.80581554117734  -93.0767487980506  -8.283276810660624  -20.02565809622496  120.19337665836123  9.885757892367423  10.807115874999852  -49.14334666768707  52.23828013920709  118.06700983218326  147.5069011784176  -19.713465564586045  -265.73146806787906  18.168781356394277  99.82684701765989  153.7913053637043  -115.72587160648263  -18.03357139227404  -264.55094217036276  1.5650525901568813  22.011337239651738  73.84461193153328  114.48323385526233  -56.42337393055462  -258.826207535422  70.80566464888703  -88.0505848978452  
-110.5007561653737  -274.31414737682985  -266.7486568585027  46.46041903597052  10.420922748578931  78.30724927267788  -25.768235309868658  0.0  -88.96616840619708  -164.21463278166354  -3.5925213741012954  -14.454345727629033  -66.15668485957423  -315.91539438241296  -76.71901727851287  102.9335605883436  -65.71650032924578  -11.147116363444923  -24.582335006422483  -33.49272110679411  -41.249756979108724  -5.30063605360786  10.703016687963952  -11.672428789988317  -263.11395428248284  70.67187386777906  7.768276784948313  -82.41629496369521  8.773179931566432  -111.98094075998219  -167.57861162017005  0.91925054048113  -65.80339087650492  -32.2098880959274  24.753151559995132  67.69347908697635  -238.8083068532683  -26.755589745074985  -294.2737964713416  103.01494800274065  36.75545288156388  -42.32499801680683  69.29371383625842  41.1718175803922  -92.01699631804047  -401.1170837869587  -69.82393089280328  -304.7026770359764  -268.56022805450164  50.94868143318304  -66.04494397343035  -80.21772284233924  -57.99946772022088  -65.93408960229871  34.791048106251765  101.83122756149103  49.01318246569757  -218.15740876601066  -36.28176696445527  -86.323949220072  17.507197603098234  -189.45977779404532  -4.126535311869418  -26.443734765763764  -54.117868639997  3.5238004411475288  -26.61307425403615  67.55122123943598  -234.26578664500502  -83.72784334341677  -160.48454756063902  -107.74778162068517  -80.5295592782355  31.394374051596344  20.03758023130868  -118.84498410791926  -34.05151212052928  -45.793893406093616  94.42514134849257  -15.882477417501235  -14.961119434868806  -74.91158197755573  26.470044829338434  92.2987745223146  121.73866586854894  -45.4817008744547  -291.49970337774766  -7.599453953474381  74.05861170779123  128.02307005383565  -141.49410691635129  -43.8018067021427  -290.31917748023136  -24.203182719711776  -3.75689807021692  48.07637662166462  88.71499854539367  -82.19160924042328  -284.5944428452906  45.037429339018374  -113.81882020771386  
-21.534587759176617  -185.3479789706328  -177.78248845230567  135.4265874421676  99.38709115477602  167.27341767887498  63.19793309632843  88.96616840619708  0.0  -75.24846437546645  85.37364703209579  74.51182267856805  22.809483546622857  -226.9492259762159  12.24715112768422  191.89972899454068  23.24966807695131  77.81905204275216  64.3838333997746  55.47344729940298  47.71641142708836  83.66553235258922  99.66918509416104  77.29373961620877  -174.14778587628572  159.63804227397614  96.7344451911454  6.549873442501877  97.73934833776352  -23.014772353785105  -78.61244321397297  89.88541894667821  23.162777529692164  56.75628031026969  113.71931996619222  156.65964749317345  -149.84213844707122  62.2105786611221  -205.30762806514448  191.98111640893774  125.72162128776097  46.641170389390254  158.2598822424555  130.13798598658929  -3.0508279118433848  -312.1509153807616  19.14223751339381  -215.7365086297793  -179.59405964830458  139.9148498393801  22.921224432766735  8.748445563857842  30.966700685976207  23.032078803898372  123.75721651244885  190.79739596768812  137.97935087189467  -129.19124035981358  52.68440144174181  2.6422191861250894  106.47336600929532  -100.49360938784824  84.83963309432767  62.52243364043332  34.848299766200086  92.48996884734461  62.353094152160935  156.51738964563305  -145.29961823880794  5.238325062780319  -71.51837915444193  -18.78161321448809  8.436609127961589  120.36054245779343  109.00374863750577  -29.878815701722175  54.9146562856678  43.17227500010347  183.39130975468964  73.08369098869585  74.00504897132828  14.054586428641358  115.43621323553552  181.2649429285117  210.70483427474602  43.48446753174238  -202.5335349715506  81.3667144527227  163.0247801139883  216.98923846003274  -52.5279385101542  45.164361704054386  -201.3530090740343  64.76298568648531  85.20927033598016  137.0425450278617  177.68116695159074  6.774559165773809  -195.62827443909353  134.00359774521547  -24.85265180151677  
53.71387661628984  -110.09951459516634  -102.53402407683922  210.67505181763406  174.63555553024247  242.5218820543414  138.44639747179488  164.21463278166354  75.24846437546645  0.0  160.62211140756224  149.7602870540345  98.05794792208931  -151.70076160074944  87.49561550315067  267.1481933700071  98.49813245241776  153.06751641821862  139.63229777524106  130.72191167486943  122.96487580255481  158.91399672805568  174.9176494696275  152.54220399167522  -98.89932150081927  234.8865066494426  171.98290956661185  81.79833781796833  172.98781271322997  52.23369202168135  -3.3639788385065117  165.13388332214467  98.41124190515862  132.00474468573614  188.96778434165867  231.90811186863988  -74.59367407160477  137.45904303658855  -130.05916368967803  267.2295807844042  200.97008566322742  121.88963476485671  233.50834661792197  205.38645036205574  72.19763646362307  -236.90245100529518  94.39070188886026  -140.48804425431285  -104.34559527283812  215.1633142148466  98.16968880823319  83.9969099393243  106.21516506144266  98.28054317936483  199.0056808879153  266.0458603431546  213.2278152473611  -53.94277598434712  127.93286581720827  77.89068356159154  181.72183038476177  -25.245145012381784  160.08809746979412  137.77089801589977  110.09676414166654  167.73843322281107  137.6015585276274  231.76585402109953  -70.05115386334148  80.48678943824677  3.730085221024524  56.466851160978365  83.68507350342804  195.60900683325988  184.25221301297222  45.36964867374428  130.16312066113426  118.42073937556992  258.6397741301561  148.3321553641623  149.25351334679473  89.30305080410781  190.68467761100197  256.51340730397817  285.95329865021245  118.73293190720884  -127.28507059608415  156.61517882818916  238.27324448945478  292.2377028354992  22.720525865312254  120.41282607952084  -126.10454469856785  140.01145006195176  160.45773471144662  212.29100940332816  252.92963132705722  82.02302354124026  -120.37981006362708  209.2520621206819  50.395812573949684  
-106.9082347912724  -270.7216260027286  -263.1561354844015  50.05294041007181  14.013444122680227  81.89977064677917  -22.175713935767362  3.5925213741012954  -85.37364703209579  -160.62211140756224  0.0  -10.861824353527737  -62.56416348547293  -312.3228730083117  -73.12649590441157  106.52608196244489  -62.12397895514448  -7.554594989343627  -20.989813632321187  -29.900199732692812  -37.65723560500743  -1.708114679506565  14.295538062065248  -8.079907415887021  -259.5214329083815  74.26439524188035  11.360798159049608  -78.82377358959391  12.365701305667727  -108.3884193858809  -163.98609024606876  4.511771914582425  -62.210869502403625  -28.6173667218261  28.345672934096427  71.28600046107765  -235.215785479167  -23.16306837097369  -290.68127509724025  106.60746937684195  40.34797425566518  -38.732476642705535  72.88623521035971  44.764338954493496  -88.42447494393917  -397.52456241285745  -66.23140951870198  -301.11015566187507  -264.9677066804004  54.541202807284336  -62.452422599329054  -76.62520146823795  -54.40694634611958  -62.34156822819742  38.38356948035306  105.42374893559233  52.60570383979886  -214.56488739190937  -32.68924559035398  -82.7314278459707  21.09971897719953  -185.86725641994403  -0.5340139377681226  -22.85121339166247  -50.525347265895704  7.116321815248824  -23.020552879934854  71.14374261353727  -230.67326527090373  -80.13532196931547  -156.89202618653772  -104.15526024658388  -76.9370379041342  34.98689542569764  23.630101605409976  -115.25246273381796  -30.458990746427986  -42.20137203199232  98.01766272259387  -12.28995604339994  -11.36859806076751  -71.31906060345443  30.06256620343973  95.8912958964159  125.33118724265023  -41.88917950035341  -287.9071820036464  -4.0069325793730854  77.65113308189252  131.61559142793695  -137.90158554225  -40.2092853280414  -286.7266561061301  -20.61066134561048  -0.16437669611562455  51.66889799576592  92.30751991949496  -78.59908786632198  -281.00192147118935  48.62995071311967  -110.22629883361256  
-96.04641043774467  -259.85980164920085  -252.29431113087372  60.91476476359955  24.875268476207964  92.76159500030691  -11.313889582239625  14.454345727629033  -74.51182267856805  -149.7602870540345  10.861824353527737  0.0  -51.702339131945195  -301.46104865478395  -62.26467155088383  117.38790631597263  -51.26215460161674  3.30722936418411  -10.12798927879345  -19.038375379165075  -26.795411251479692  9.153709674021172  25.157362415592985  2.781916937640716  -248.65960855485378  85.12621959540809  22.222622512577345  -67.96194923606618  23.227525659195464  -97.52659503235316  -153.12426589254102  15.373596268110163  -51.34904514887589  -17.755542368298364  39.207497287624165  82.14782481460539  -224.35396112563927  -12.301244017445953  -279.81945074371254  117.46929373036969  51.209798609192916  -27.870652289177798  83.74805956388745  55.62616330802123  -77.56265059041144  -386.6627380593297  -55.36958516517424  -290.24833130834736  -254.10588232687263  65.40302716081207  -51.59059824580132  -65.76337711471021  -43.545121992591845  -51.47974387466968  49.2453938338808  116.28557328912007  63.4675281933266  -203.70306303838163  -21.82742123682624  -71.86960349244296  31.961543330727267  -175.0054320664163  10.327810415759615  -11.989389038134732  -39.66352291236797  17.97814616877656  -12.158728526407117  82.00556696706501  -219.811440917376  -69.27349761578773  -146.03020183300998  -93.29343589305614  -66.07521355060646  45.84871977922538  34.49192595893771  -104.39063838029023  -19.59716639290025  -31.339547678464584  108.8794870761216  -1.4281316898722025  -0.5067737072397733  -60.457236249926694  40.92439055696747  106.75312024994363  136.19301159617797  -31.02735514682567  -277.04535765011866  6.854891774154652  88.51295743542026  142.47741578146469  -127.03976118872225  -29.347460974513666  -275.86483175260236  -9.748836992082744  10.697447657412113  62.530722349293654  103.1693442730227  -67.73726351279424  -270.1400971176616  59.491775066647406  -99.36447448008482  
-44.344071305799474  -208.15746251725565  -200.59197199892853  112.61710389554474  76.57760760815316  144.46393413225212  40.38844954970557  66.15668485957423  -22.809483546622857  -98.05794792208931  62.56416348547293  51.702339131945195  0.0  -249.75870952283876  -10.562332418938638  169.09024544791782  0.44018453032845173  55.009568496129305  41.574349853151745  32.66396375278012  24.906927880465503  60.85604880596637  76.85970154753818  54.48425606958591  -196.95726942290858  136.82855872735328  73.92496164452254  -16.25961010412098  74.92986479114066  -45.82425590040796  -101.42192676059582  67.07593540005536  0.3532939830693067  33.94679676364683  90.90983641956936  133.8501639465506  -172.65162199369408  39.40109511449924  -228.11711161176734  169.17163286231488  102.91213774113811  23.831686842767397  135.45039869583263  107.32850243996643  -25.860311458466242  -334.9603989273845  -3.6672460332290484  -238.54599217640217  -202.40354319492744  117.10536629275727  0.11174088614387756  -14.061037982765015  8.15721713935335  0.22259525727551477  100.94773296582599  167.98791242106526  115.1698673252718  -152.00072390643643  29.874917895118955  -20.167264360497768  83.66388246267246  -123.3030929344711  62.03014954770481  39.71295009381046  12.038816219577228  69.68048530072176  39.54361060553808  133.7079060990102  -168.1091017854308  -17.571158483842538  -94.32786270106479  -41.59109676111095  -14.372874418661269  97.55105891117057  86.19426509088291  -52.68829924834503  32.105172739044946  20.36279145348061  160.5818262080668  50.27420744207299  51.19556542470542  -8.7548971179815  92.62672968891266  158.45545938188883  187.89535072812316  20.674983985119525  -225.34301851817347  58.557230906099846  140.21529656736544  194.17975491340988  -75.33742205677706  22.35487815743153  -224.16249262065716  41.95350213986245  62.39978678935731  114.23306148123885  154.87168340496788  -16.03492438084905  -218.4377579857164  111.1941141985926  -47.66213534813963  
205.41463821703928  41.601247005583105  49.16673752391023  362.3758134183835  326.3363171309919  394.22264365509085  290.14715907254435  315.91539438241296  226.9492259762159  151.70076160074944  312.3228730083117  301.46104865478395  249.75870952283876  0.0  239.19637710390012  418.84895497075655  250.1988940531672  304.7682780189681  291.3330593759905  282.4226732756189  274.66563740330423  310.6147583288051  326.61841107037696  304.24296559242464  52.801440099930176  386.58726825019204  323.6836711673613  233.49909941871778  324.6885743139794  203.9344536224308  148.33678276224293  316.8346449228941  250.11200350590806  283.7055062864856  340.6685459424081  383.6088734693893  77.10708752914468  289.15980463733797  21.641597911071415  418.93034238515366  352.67084726397684  273.5903963656061  385.2091082186714  357.0872119628052  223.89839806437251  -85.20168940454573  246.0914634896097  11.212717346436591  47.35516632791132  366.86407581559604  249.87045040898263  235.69767154007374  257.9159266621921  249.98130478011427  350.7064424886647  417.746621943904  364.92857684811054  97.75798561640232  279.6336274179577  229.591445162341  333.4225919855112  126.45561658836766  311.7888590705436  289.4716596166492  261.797525742416  319.4391948235605  289.30232012837683  383.466615621849  81.64960773740796  232.18755103899622  155.43084682177397  208.1676127617278  235.3858351041775  347.30976843400936  335.95297461372166  197.07041027449372  281.8638822618837  270.12150097631934  410.3405357309056  300.03291696491175  300.95427494754415  241.00381240485726  342.3854392117514  408.21416890472756  437.65406025096195  270.4336935079583  24.41569100466529  308.3159404289386  389.9740060902042  443.93846443624864  174.4212874660617  272.11358768027026  25.596216902181595  291.7122116627012  312.15849631219606  363.9917710040776  404.63039292780667  233.7237851419897  31.32095153712237  360.95282372143134  202.09657417469913  
-33.781738886860836  -197.59513009831701  -190.0296395799899  123.17943631448338  87.1399400270918  155.02626655119076  50.95078196864421  76.71901727851287  -12.24715112768422  -87.49561550315067  73.12649590441157  62.26467155088383  10.562332418938638  -239.19637710390012  0.0  179.65257786685646  11.00251694926709  65.57190091506794  52.13668227209038  43.22629617171876  35.46926029940414  71.418381224905  87.42203396647682  65.04658848852455  -186.39493700396994  147.39089114629192  84.48729406346118  -5.697277685182343  85.4921972100793  -35.261923481469324  -90.85959434165719  77.638267818994  10.915626402007945  44.50912918258547  101.472168838508  144.41249636548923  -162.08928957475544  49.96342753343788  -217.5547791928287  179.73396528125352  113.47447016007675  34.394019261706035  146.01273111477127  117.89083485890507  -15.297979039527604  -324.3980665084458  6.89508638570959  -227.98365975746353  -191.8412107759888  127.6676987116959  10.674073305082516  -3.498705563826377  18.719549558291988  10.784927676214153  111.51006538476463  178.5502448400039  125.73219974421043  -141.4383914874978  40.43725031405759  -9.60493194155913  94.2262148816111  -112.74076051553246  72.59248196664345  50.2752825127491  22.601148638515866  80.2428177196604  50.105943024476716  144.27023851794883  -157.54676936649216  -7.0088260649039  -83.76553028212615  -31.02876434217231  -3.8105419997226306  108.11339133010921  96.75659750982155  -42.125966829406394  42.667505157983584  30.92512387241925  171.14415862700542  60.83653986101163  61.75789784364406  1.8074353009571382  103.1890621078513  169.01779180082747  198.4576831470618  31.237316404058163  -214.78068609923483  69.11956332503848  150.77762898630408  204.74208733234852  -64.77508963783842  32.91721057637017  -213.60016020171852  52.51583455880109  72.96211920829595  124.79539390017749  165.43401582390652  -5.47259196191041  -207.87542556677775  121.75644661753124  -37.09980292920099  
-213.4343167537173  -377.24770796517345  -369.6822174468463  -56.47314155237307  -92.51263783976466  -24.62631131566571  -128.70179589821225  -102.9335605883436  -191.89972899454068  -267.1481933700071  -106.52608196244489  -117.38790631597263  -169.09024544791782  -418.84895497075655  -179.65257786685646  0.0  -168.65006091758937  -114.08067695178852  -127.51589559476608  -136.4262816951377  -144.18331756745232  -108.23419664195146  -92.23054390037964  -114.60598937833191  -366.0475148708264  -32.26168672056453  -95.16528380339528  -185.3498555520388  -94.16038065677716  -214.91450134832579  -270.5121722085136  -102.01431004786247  -168.73695146484852  -135.143448684271  -78.18040902834846  -35.240081501367236  -341.7418674416119  -129.68915033341858  -397.20735705968514  0.08138741439707076  -66.17810770677971  -145.25855860515043  -33.63984675208517  -61.76174300795139  -194.95055690638407  -504.0506443753023  -172.75749148114687  -407.63623762431996  -371.49378864284523  -51.98487915516055  -168.97850456177395  -183.15128343068284  -160.93302830856447  -168.8676501906423  -68.14251248209183  -1.1023330268525555  -53.92037812264602  -321.09096935435423  -139.21532755279887  -189.2575098084156  -85.42636298524536  -292.3933383823889  -107.06009590021301  -129.37729535410736  -157.0514292283406  -99.40976014719607  -129.54663484237975  -35.382339348907614  -337.1993472333486  -186.66140393176036  -263.4181081489826  -210.68134220902877  -183.4631198665791  -71.53918653674725  -82.89598035703492  -221.77854469626286  -136.98507270887288  -148.7274539944372  -8.508419239851015  -118.81603800584483  -117.8946800232124  -177.84514256589932  -76.46351575900516  -10.634786066028987  18.805105280205346  -148.4152614627983  -394.43326396609126  -110.53301454181798  -28.87494888055236  25.08950946549207  -244.42766750469488  -146.7353672904863  -393.25273806857496  -127.13674330805537  -106.69045865856052  -54.85718396667897  -14.21856204294992  -185.12516982876687  -387.5280034336342  -57.896131249325215  -216.75238079605745  
-44.784255836127926  -208.5976470475841  -201.03215652925698  112.17691936521629  76.1374230778247  144.02374960192367  39.94826501937712  65.71650032924578  -23.24966807695131  -98.49813245241776  62.12397895514448  51.26215460161674  -0.44018453032845173  -250.1988940531672  -11.00251694926709  168.65006091758937  0.0  54.56938396580085  41.13416532282329  32.22377922245167  24.46674335013705  60.415864275637915  76.41951701720973  54.04407153925746  -197.39745395323703  136.38837419702483  73.48477711419409  -16.699794634449432  74.48968026081221  -46.264440430736414  -101.86211129092428  66.6357508697269  -0.08689054725914502  33.50661223331838  90.46965188924091  133.40997941622214  -173.09180652402253  38.96091058417079  -228.5572961420958  168.73144833198643  102.47195321080966  23.391502312438945  135.01021416550418  106.88831790963798  -26.300495988794694  -335.40058345771297  -4.1074305635575  -238.98617670673062  -202.8437277252559  116.66518176242882  -0.32844364418457417  -14.501222513093467  7.717032609024898  -0.21758927305293696  100.50754843549754  167.5477278907368  114.72968279494334  -152.4409084367649  29.434733364790503  -20.60744889082622  83.22369793234401  -123.74327746479955  61.58996501737636  39.27276556348201  11.598631689248776  69.2403007703933  39.103426075209626  133.26772156868174  -168.54928631575925  -18.01134301417099  -94.76804723139324  -42.0312812914394  -14.81305894898972  97.11087438084212  85.75408056055446  -53.128483778673484  31.664988208716494  19.92260692315216  160.14164167773833  49.83402291174454  50.75538089437697  -9.195081648309952  92.18654515858421  158.01527485156038  187.4551661977947  20.234799454791073  -225.78320304850192  58.117046375771395  139.775112037037  193.73957038308143  -75.77760658710551  21.914693627103077  -224.6026771509856  41.513317609534  61.959602259028856  113.7928769509104  154.43149887463943  -16.4751089111775  -218.87794251604484  110.75392966826415  -48.10231987846808  
-99.35363980192878  -263.167031013385  -255.60154049505783  57.60753539941544  21.568039112023854  89.4543656361228  -14.621118946423735  11.147116363444923  -77.81905204275216  -153.06751641821862  7.554594989343627  -3.30722936418411  -55.009568496129305  -304.7682780189681  -65.57190091506794  114.08067695178852  -54.56938396580085  0.0  -13.43521864297756  -22.345604743349185  -30.102640615663802  5.846480309837062  21.850133051408875  -0.5253124265433939  -251.96683791903789  81.81899023122398  18.915393148393235  -71.26917860025029  19.920296295011354  -100.83382439653727  -156.43149525672513  12.066366903926053  -54.65627451306  -21.062771732482474  35.900267923440055  78.84059545042128  -227.66119048982338  -15.608473381630063  -283.1266801078966  114.16206436618558  47.902569245008806  -31.177881653361908  80.44083019970334  52.31893394383712  -80.86987995459555  -389.9699674235138  -58.67681452935835  -293.55556067253144  -257.41311169105677  62.09579779662796  -54.89782760998543  -69.07060647889432  -46.852351356775955  -54.78697323885379  45.93816446969669  112.97834392493596  60.16029882914249  -207.01029240256574  -25.13465060101035  -75.17683285662707  28.654313966543157  -178.3126614306004  7.020581051575505  -15.296618402318842  -42.970752276552076  14.670916804592451  -15.465957890591227  78.6983376028809  -223.1186702815601  -72.58072697997184  -149.3374311971941  -96.60066525724025  -69.38244291479057  42.54149041504127  31.184696594753603  -107.69786774447434  -22.90439575708436  -34.646777042648694  105.5722577119375  -4.7353610540563125  -3.8140030714238833  -63.764465614110804  37.61716119278336  103.44589088575952  132.88578223199386  -34.33458451100978  -280.3525870143028  3.547662409970542  85.20572807123615  139.17018641728058  -130.34699055290636  -32.654690338697776  -279.1720611167865  -13.056066356266854  7.390218293228003  59.223492985109544  99.86211490883859  -71.04449287697835  -273.4473264818457  56.184545702463296  -102.67170384426893  
