Height_Data

node	height
0	343.5051509755155
1	149.34471674546177
2	132.84412074381456
3	128.9930745498555
4	68.60015784906682
5	226.39612504623122
6	136.0620919745014
7	195.4546012517099
8	235.5799199452967
9	609.7348448031825
10	47.186796179188015
11	191.50592229856986
12	176.08811740182412
13	232.08486997780574
14	85.68819055776336
15	186.1928228002404
16	249.11097223063575
17	77.66571361256747
18	201.61142660050194
19	54.29112288982629
20	33.47307460426027
21	550.0476926014092
22	114.74940740199392
23	190.56274853665343
24	194.5253825377847
25	198.225619176064
26	143.99180422348843
27	221.97821836365108
28	482.69508535624067
29	212.78726555210503
30	169.7551430898858
31	369.8753551357607
32	74.41342873922693
33	196.71836648259475
34	140.42108953860858
35	117.23252416360403
36	228.726937530169
37	118.85151906178345
38	74.27292171732637
39	111.07371609946249
40	47.51124980180562
41	416.94675470339206
42	218.6317242128335
43	205.86963412813685
44	183.21995291311407
45	240.448722688045
46	234.63940021469352
47	87.58971872013818
48	483.1916556814453
49	234.30049738776304
50	677.028238947266
51	311.80471380449114
52	200.63128852679728
53	495.16478454012633
54	361.3506228448244
55	375.91145741702627
56	248.22508201955532
57	199.35238992519186
58	282.3041668040838
59	69.93284446924967
60	99.84788802238491
61	620.0615769968491
62	183.03858552573675
63	143.29183923614374
64	135.78762466941595
65	284.11742543015015
66	240.82659151787237
67	697.453116299487
68	46.634487207531016
69	215.44057795696907
70	114.97916644182203
71	640.6357862529549
72	157.23632037962219
73	61.05280375554257
74	197.22163946825205
75	299.76411728656046
76	390.798725760478
77	156.4197662262686
78	333.4375921726359
79	614.945284964209
80	86.162504792604
81	138.80018562197913
82	134.26965355879796
83	94.78691620610603
84	347.1146508180979
85	399.6230740395315
86	133.43499587682663
87	177.51267952046734
88	239.68799407811835
89	337.1787519083028
90	121.76018379262082
91	93.28939914991086
92	87.68578598862089
93	198.98226157184112
94	572.3210154690818
95	149.13139817031006
96	51.30594471634854
97	195.2778452994715
98	296.6515802160302
99	205.5425588177835
100	343.01123416736596



height_matrix
0.0  194.16043423005374  210.66103023170095  214.51207642566  274.9049931264487  117.10902592928429  207.4430590010141  148.0505497238056  107.92523103021881  -266.22969382766695  296.31835479632747  151.99922867694565  167.41703357369138  111.42028099770977  257.81696041775217  157.3123281752751  94.39417874487975  265.83943736294805  141.89372437501356  289.2140280856892  310.03207637125524  -206.54254162589365  228.75574357352158  152.94240243886208  148.9797684377308  145.27953179945152  199.51334675202708  121.52693261186442  -139.18993438072516  130.71788542341048  173.7500078856297  -26.37020416024518  269.09172223628855  146.78678449292076  203.08406143690692  226.2726268119115  114.7782134453465  224.65363191373206  269.23222925818914  232.431434876053  295.9939011737099  -73.44160372787655  124.87342676268202  137.63551684737865  160.28519806240143  103.05642828747051  108.86575076082198  255.9154322553773  -139.6865047059298  109.20465358775246  -333.5230879717505  31.70043717102436  142.87386244871823  -151.65963356461083  -17.84547186930888  -32.406306441510765  95.28006895596019  144.15276105032365  61.200984171431685  273.5723065062658  243.6572629531306  -276.5564260213336  160.46656544977876  200.21331173937176  207.71752630609956  59.387725545365356  102.67855945764313  -353.94796532397146  296.87066376798447  128.06457301854644  228.52598453369347  -297.13063527743935  186.26883059589332  282.4523472199729  146.28351150726346  43.74103368895504  -47.293574784962516  187.0853847492469  10.067558802879603  -271.4401339886935  257.3426461829115  204.70496535353638  209.23549741671755  248.7182347694095  -3.6094998425824087  -56.117923064016  210.07015509868887  165.99247145504816  103.81715689739715  6.326399067212719  221.7449671828947  250.21575182560463  255.8193649868946  144.52288940367438  -228.81586449356627  194.37375280520544  292.19920625916694  148.227305676044  46.85357075948531  137.96259215773202  0.4939168081495495  
-194.16043423005374  0.0  16.50059600164721  20.351642195606274  80.74455889639495  -77.05140830076945  13.282624770960354  -46.109884506248136  -86.23520319983493  -460.3901280577207  102.15792056627376  -42.16120555310809  -26.743400656362354  -82.74015323234397  63.656526187698404  -36.84810605477864  -99.76625548517399  71.6790031328943  -52.266709855040176  95.05359385563548  115.8716421412015  -400.7029758559474  34.59530934346785  -41.21803179119166  -45.18066579232294  -48.88090243060222  5.352912521973337  -72.63350161818931  -333.3503686107789  -63.44254880664326  -20.410426344424025  -220.53063839029892  74.93128800623484  -47.37364973713298  8.923627206853183  32.11219258185774  -79.38222078470724  30.493197683678318  75.0717950281354  38.27100064599928  101.83346694365615  -267.6020379579303  -69.28700746737172  -56.524917382675085  -33.875236167652304  -91.10400594258323  -85.29468346923176  61.75499802532359  -333.84693893598353  -84.95578064230128  -527.6835222018042  -162.45999705902938  -51.28657178133551  -345.82006779466457  -212.00590609936262  -226.5667406715645  -98.88036527409355  -50.00767317973009  -132.95945005862205  79.4118722762121  49.49682872307686  -470.71686025138735  -33.69386878027498  6.052877509318023  13.55709207604582  -134.77270868468838  -91.4818747724106  -548.1083995540253  102.71022953793076  -66.0958612115073  34.365550303639736  -491.2910695074931  -7.891603634160418  88.2919129899192  -47.87692272279028  -150.4194005410987  -241.45400901501625  -7.075049480806825  -184.09287542717414  -465.60056821874724  63.18221195285777  10.544531123482642  15.075063186663812  54.55780053935574  -197.76993407263615  -250.27835729406974  15.909720868635134  -28.167962775005577  -90.34327733265658  -187.83403516284102  27.584532952840945  56.0553175955509  61.658930756840874  -49.637544826379354  -422.97629872362  0.21331857515170327  98.03877202911323  -45.93312855400973  -147.30686347056843  -56.19784207232172  -193.6665174219042  
-210.66103023170095  -16.50059600164721  0.0  3.851046193959064  64.24396289474774  -93.55200430241666  -3.2179712306868566  -62.610480507895346  -102.73579920148214  -476.8907240593679  85.65732456462655  -58.6618015547553  -43.243996658009564  -99.24074923399118  47.155930186051194  -53.34870205642585  -116.2668514868212  55.178407131247084  -68.76730585668739  78.55299785398827  99.3710461395543  -417.2035718575946  18.094713341820636  -57.71862779283887  -61.68126179397015  -65.38149843224943  -11.147683479673873  -89.13409761983652  -349.8509646124261  -79.94314480829047  -36.911022346071235  -237.03123439194613  58.43069200458763  -63.87424573878019  -7.576968794794027  15.61159658021053  -95.88281678635445  13.992601682031108  58.57119902648819  21.77040464435207  85.33287094200894  -284.1026339595775  -85.78760346901893  -73.0255133843223  -50.375832169299514  -107.60460194423044  -101.79527947087897  45.25440202367638  -350.3475349376307  -101.45637664394849  -544.1841182034515  -178.9605930606766  -67.78716778298272  -362.3206637963118  -228.50650210100983  -243.0673366732117  -115.38096127574076  -66.5082691813773  -149.46004606026926  62.911276274564884  32.99623272142965  -487.2174562530346  -50.19446478192219  -10.447718492329187  -2.943503925601391  -151.2733046863356  -107.98247077405782  -564.6089955556724  86.20963353628355  -82.59645721315451  17.864954301992526  -507.79166550914033  -24.39219963580763  71.79131698827199  -64.3775187244375  -166.9199965427459  -257.95460501666344  -23.575645482454036  -200.59347142882135  -482.1011642203945  46.68161595121056  -5.956064878164568  -1.4255328149833986  38.05720453770853  -214.27053007428336  -266.778953295717  -0.5908751330120765  -44.66855877665279  -106.8438733343038  -204.33463116448823  11.083936951193735  39.55472159390369  45.158334755193664  -66.13814082802656  -439.47689472526724  -16.287277426495507  81.53817602746602  -62.43372455565694  -163.80745947221564  -72.69843807396893  -210.1671134235514  
-214.51207642566  -20.351642195606274  -3.851046193959064  0.0  60.392916700788675  -97.40305049637573  -7.069017424645921  -66.46152670185441  -106.5868453954412  -480.741770253327  81.80627837066748  -62.512847748714364  -47.09504285196863  -103.09179542795025  43.30488399209213  -57.199748250384914  -120.11789768078026  51.32736093728802  -72.61835205064645  74.70195166002921  95.51999994559523  -421.0546180515537  14.243667147861572  -61.56967398679794  -65.53230798792922  -69.2325446262085  -14.998729673632937  -92.98514381379559  -353.70201080638515  -83.79419100224953  -40.7620685400303  -240.8822805859052  54.57964581062856  -67.72529193273925  -11.428014988753091  11.760550386251467  -99.73386298031352  10.141555488072044  54.72015283252912  17.919358450393005  81.48182474804987  -287.95368015353654  -89.638649662978  -76.87655957828136  -54.22687836325858  -111.4556481381895  -105.64632566483803  41.40335582971731  -354.1985811315898  -105.30742283790755  -548.0351643974105  -182.81163925463565  -71.63821397694178  -366.17170999027087  -232.3575482949689  -246.91838286717078  -119.23200746969982  -70.35931537533637  -153.31109225422833  59.06023008060582  29.145186527470585  -491.06850244699365  -54.04551097588126  -14.298764686288251  -6.794550119560455  -155.12435088029466  -111.83351696801688  -568.4600417496315  82.35858734232448  -86.44750340711357  14.013908108033462  -511.6427117030994  -28.243245829766693  67.94027079431292  -68.22856491839656  -170.77104273670497  -261.8056512106225  -27.4266916764131  -204.4445176227804  -485.95221041435354  42.830569757251496  -9.807111072123632  -5.276579008942463  34.206158343749465  -218.12157626824242  -270.62999948967604  -4.441921326971141  -48.51960497061185  -110.69491952826286  -208.1856773584473  7.232890757234671  35.70367539994463  41.3072885612346  -69.98918702198563  -443.3279409192263  -20.13832362045457  77.68712983350696  -66.284770749616  -167.6585056661747  -76.549484267928  -214.01815961751046  
-274.9049931264487  -80.74455889639495  -64.24396289474774  -60.392916700788675  0.0  -157.7959671971644  -67.4619341254346  -126.85444340264308  -166.97976209622988  -541.1346869541156  21.413361669878803  -122.90576444950304  -107.4879595527573  -163.48471212873892  -17.088032708696545  -117.59266495117359  -180.51081438156893  -9.065555763500655  -133.01126875143513  14.309034959240527  35.12708324480655  -481.44753475234234  -46.1492495529271  -121.96259068758661  -125.92522468871789  -129.62546132699717  -75.39164637442161  -153.37806051458426  -414.09492750717385  -144.1871077030382  -101.15498524081897  -301.27519728669387  -5.813270890160112  -128.11820863352793  -71.82093168954177  -48.63236631453721  -160.1267796811022  -50.25136121271663  -5.672763868259551  -42.47355825039567  21.0889080472612  -348.34659685432524  -150.03156636376667  -137.26947627907003  -114.61979506404725  -171.84856483897818  -166.0392423656267  -18.98956087107136  -414.5914978323785  -165.70033953869623  -608.4280810981992  -243.20455595542433  -132.03113067773046  -426.5646266910595  -292.75046499575757  -307.31129956795945  -179.6249241704885  -130.75223207612504  -213.704008955017  -1.332686620182855  -31.24773017331809  -551.4614191477823  -114.43842767666993  -74.69168138707693  -67.18746682034913  -215.51726758108333  -172.22643366880556  -628.8529584504201  21.9656706415358  -146.84042010790225  -46.37900859275521  -572.035628403888  -88.63616253055537  7.547354093524248  -128.62148161918523  -231.16395943749365  -322.1985679114112  -87.81960837720177  -264.8374343235691  -546.3451271151422  -17.56234694353718  -70.2000277729123  -65.66949570973114  -26.18675835703921  -278.5144929690311  -331.0229161904647  -64.83483802775982  -108.91252167140053  -171.08783622905153  -268.57859405923597  -53.160025943554004  -24.689241300844046  -19.085628139554075  -130.3821037227743  -503.72085762001495  -80.53124032124325  17.294213132718276  -126.67768745040468  -228.05142236696338  -136.94240096871667  -274.41107631829914  
-117.10902592928429  77.05140830076945  93.55200430241666  97.40305049637573  157.7959671971644  0.0  90.3340330717298  30.941523794521316  -9.183794899065475  -383.33871975695126  179.2093288670432  34.89020274766136  50.3080076444071  -5.688744931574519  140.70793448846786  40.20330224599081  -22.714847184404533  148.73041143366373  24.784698445729276  172.10500215640494  192.92305044197096  -323.65156755517796  111.6467176442373  35.83337650957779  31.87074250844651  28.170505870167233  82.40432082274279  4.4179066825801385  -256.2989603100094  13.608859494126193  56.64098195634543  -143.47923008952947  151.9826963070043  29.677758563636473  85.97503550762264  109.1636008826272  -2.330812483937791  107.54460598444777  152.12320332890485  115.32240894676873  178.8848752444256  -190.55062965716084  7.76440083339773  20.526490918094368  43.17617213311715  -14.052597641813776  -8.243275168462304  138.80640632609305  -256.79553063521405  -7.904372341531825  -450.6321139010348  -85.40858875825992  25.764836519433942  -268.76865949389514  -134.95449779859317  -149.51533237079505  -21.828956973324097  27.04373512103936  -55.9080417578526  156.46328057698156  126.54823702384631  -393.6654519506179  43.35753952049447  83.10428581008748  90.60850037681527  -57.72130038391893  -14.430466471641154  -471.0569912532558  179.7616378387002  10.955547089262154  111.41695860440919  -414.23966120672367  69.15980466660903  165.34332129068866  29.17448557797917  -73.36799224032924  -164.4026007142468  69.97635881996263  -107.04146712640468  -388.5491599179778  140.23362025362724  87.5959394242521  92.12647148743326  131.60920884012518  -120.7185257718667  -173.22694899330028  92.96112916940459  48.883445525763875  -13.291869031887131  -110.78262686207157  104.6359412536104  133.10672589632037  138.71033905761033  27.413863474390098  -345.9248904228506  77.26472687592116  175.09018032988268  31.118279746759725  -70.25545516979898  20.853566228447733  -116.61510912113474  
-207.4430590010141  -13.282624770960354  3.2179712306868566  7.069017424645921  67.4619341254346  -90.3340330717298  0.0  -59.39250927720849  -99.51782797079528  -473.67275282868104  88.8752957953134  -55.44383032406844  -40.02602542732271  -96.02277800330432  50.37390141673805  -50.13073082573899  -113.04888025613434  58.39637836193394  -65.54933462600053  81.77096908467513  102.58901737024115  -413.98560062690774  21.312684572507493  -54.50065656215202  -58.463290563283294  -62.16352720156257  -7.929712248987016  -85.91612638914967  -346.63299338173925  -76.72517357760361  -33.69305111538438  -233.81326316125927  61.64866323527448  -60.65627450809333  -4.35899756410717  18.829567810897387  -92.6648455556676  17.210572912717964  61.789170257175044  24.988375875038926  88.5508421726958  -280.88466272889065  -82.56963223833208  -69.80754215363544  -47.15786093861266  -104.38663071354358  -98.57730824019211  48.472373254363234  -347.1295637069439  -98.23840541326163  -540.9661469727646  -175.74262182998973  -64.56919655229586  -359.1026925656249  -225.28853087032297  -239.84936544252486  -112.1629900450539  -63.290297950690444  -146.2420748295824  66.12924750525174  36.214203952116506  -483.9994850223477  -46.976493551235336  -7.229747261642331  0.2744673050854658  -148.05533345564874  -104.76449954337096  -561.3910243249856  89.4276047669704  -79.37848598246765  21.082925532679383  -504.57369427845344  -21.174228405120772  75.00928821895884  -61.15954749375064  -163.70202531205905  -254.7366337859766  -20.35767425176718  -197.3755001981345  -478.8831929897076  49.89958718189742  -2.7380936474777116  1.792438415703458  41.275175768395385  -211.0525588435965  -263.5609820650301  2.62709609767478  -41.45058754596593  -103.62590210361694  -201.11665993380137  14.301908181880592  42.77269282459055  48.37630598588052  -62.92016959733971  -436.25892349458036  -13.06930619580865  84.75614725815288  -59.21575332497008  -160.58948824152878  -69.48046684328207  -206.94914219286454  
-148.0505497238056  46.109884506248136  62.610480507895346  66.46152670185441  126.85444340264308  -30.941523794521316  59.39250927720849  0.0  -40.12531869358679  -414.28024355147255  148.2678050725219  3.948678953140046  19.366483849885782  -36.630268726095835  109.76641069394654  9.261778451469496  -53.65637097892585  117.78888763914243  -6.15682534879204  141.16347836188362  161.98152664744964  -354.59309134969925  80.70519384971598  4.891852715056473  0.9292187139251951  -2.7710179243540836  51.46279702822147  -26.523617111941178  -287.24048410453076  -17.332664300395123  25.69945816182411  -174.42075388405078  121.04117251248297  -1.263765230884843  55.03351171310132  78.22207708810588  -33.27233627845911  76.60308218992645  121.18167953438353  84.38088515224742  147.9433514499043  -221.49215345168216  -23.177122961123587  -10.415032876426949  12.234648338595832  -44.99412143633509  -39.18479896298362  107.86488253157172  -287.7370544297354  -38.84589613605314  -481.5736376955561  -116.35011255278124  -5.1766872750873745  -299.71018328841643  -165.89602159311448  -180.45685616531637  -52.77048076784541  -3.897788673481955  -86.84956555237392  125.52175678246023  95.606713229325  -424.6069757451392  12.416015725973153  52.16276201556616  59.666976582293955  -88.66282417844025  -45.37199026616247  -501.99851504777706  148.8201140441789  -19.985976705259162  80.47543480988787  -445.18118500124496  38.21828087208772  134.40179749616732  -1.7670382165421472  -104.30951603485056  -195.34412450876812  39.03483502544131  -137.982990920926  -419.4906837124991  109.2920964591059  56.65441562973078  61.18494769291195  100.66768504560387  -151.660049566388  -204.1684727878216  62.01960537488327  17.94192173124256  -44.23339282640845  -141.72415065659288  73.69441745908908  102.16520210179904  107.76881526308901  -3.5276603201312184  -376.86641421737187  46.32320308139984  144.14865653536137  0.176755952238409  -101.1969789643203  -10.087957566073584  -147.55663291565605  
-107.92523103021881  86.23520319983493  102.73579920148214  106.5868453954412  166.97976209622988  9.183794899065475  99.51782797079528  40.12531869358679  0.0  -374.15492485788576  188.3931237661087  44.07399764672684  59.49180254347257  3.4950499674909565  149.89172938753333  49.38709714505629  -13.531052285339058  157.91420633272924  33.96849334479475  181.2887970554704  202.10684534103643  -314.46777265611246  120.83051254330277  45.017171408643264  41.05453740751199  37.35430076923271  91.58811572180826  13.601701581645614  -247.11516541094397  22.79265439319167  65.8247768554109  -134.295435190464  161.16649120606976  38.86155346270195  95.15883040668811  118.34739578169267  6.852982415127684  116.72840088351325  161.30699822797033  124.50620384583421  188.0686701434911  -181.36683475809537  16.948195732463205  29.710285817159843  52.359967032182624  -4.868802742748301  0.940519730603171  147.9902012251585  -247.6117357361486  1.2794225575336498  -441.4483190019693  -76.22479385919445  34.94863141849942  -259.58486459482964  -125.77070289952769  -140.33153747172958  -12.645162074258621  36.22753002010484  -46.724246858787126  165.647075476047  135.7320319229118  -384.4816570515524  52.541334419559945  92.28808070915295  99.79229527588075  -48.537505484853455  -5.2466715725756785  -461.87319635419027  188.94543273776569  20.13934198832763  120.60075350347466  -405.05586630765816  78.34359956567451  174.5271161897541  38.358280477044644  -64.18419734126377  -155.21880581518133  79.1601537190281  -97.85767222733921  -379.3653650189123  149.41741515269268  96.77973432331757  101.31026638649874  140.79300373919068  -111.53473087280122  -164.0431540942348  102.14492406847006  58.06724042482935  -4.108074132821656  -101.59883196300609  113.81973615267587  142.29052079538582  147.8941339566758  36.59765837345557  -336.7410955237851  86.44852177498663  184.27397522894816  40.3020746458252  -61.0716602707335  30.037361127513208  -107.43131422206926  
266.22969382766695  460.3901280577207  476.8907240593679  480.741770253327  541.1346869541156  383.33871975695126  473.67275282868104  414.28024355147255  374.15492485788576  0.0  562.5480486239944  418.22892250461257  433.64672740135836  377.6499748253767  524.0466542454191  423.5420220029421  360.6238725725467  532.0691311906149  408.1234182026805  555.4437219133562  576.2617701989221  59.6871522017733  494.9854374011885  419.172096266529  415.20946226539775  411.50922562711844  465.743040579694  387.7566264395314  127.03975944694179  396.9475792510774  439.97970171329666  239.85948966742177  535.3214160639556  413.0164783205877  469.31375526457384  492.50232063957844  381.0079072730134  490.883325741399  535.4619230858561  498.66112870371995  562.2235950013768  192.7880900997904  391.10312059034896  403.8652106750456  426.5148918900684  369.28612211513746  375.09544458848893  522.1451260830443  126.54318912173716  375.43434741541944  -67.29339414408355  297.9301309986913  409.1035562763852  114.57006026305612  248.38422195835807  233.82338738615618  361.50976278362714  410.3824548779906  327.43067799909863  539.8020003339328  509.88695678079756  -10.326732193666658  426.69625927744573  466.4430055670387  473.9472201337665  325.6174193730323  368.9082532853101  -87.71827149630451  563.1003575956514  394.2942668462134  494.7556783613604  -30.900941449772404  452.4985244235603  548.6820410476399  412.5132053349304  309.970727516622  218.93611904270443  453.31507857691383  276.29725263054655  -5.210440161026554  523.5723400105785  470.9346591812033  475.4651912443845  514.9479285970764  262.62019398508454  210.11177076365095  476.2998489263558  432.2221652827151  370.04685072506413  272.55609289487967  487.97466101056165  516.4454456532716  522.0490588145616  410.7525832313413  37.41382933410068  460.6034466328724  558.4289000868339  414.45699950371096  313.08326458715226  404.19228598539894  266.7236106358165  
-296.31835479632747  -102.15792056627376  -85.65732456462655  -81.80627837066748  -21.413361669878803  -179.2093288670432  -88.8752957953134  -148.2678050725219  -188.3931237661087  -562.5480486239944  0.0  -144.31912611938185  -128.9013212226361  -184.89807379861773  -38.50139437857535  -139.0060266210524  -201.92417605144774  -30.478917433379458  -154.42463042131394  -7.104326710638276  13.713721574927746  -502.8608964222211  -67.56261122280591  -143.37595235746542  -147.3385863585967  -151.03882299687598  -96.80500804430042  -174.79142218446307  -435.50828917705263  -165.60046937291702  -122.56834691069778  -322.68855895657265  -27.226632560038915  -149.53157030340674  -93.23429335942058  -70.045727984416  -181.540141350981  -71.66472288259544  -27.086125538138354  -63.88691992027447  -0.3244536226176038  -369.759958524204  -171.44492803364548  -158.68283794894884  -136.03315673392606  -193.261926508857  -187.45260403550552  -40.402922540950165  -436.00485950225726  -187.11370120857504  -629.841442768078  -264.6179176253031  -153.44449234760927  -447.9779883609383  -314.16382666563635  -328.72466123783823  -201.0382858403673  -152.16559374600385  -235.1173706248958  -22.74604829006166  -52.66109184319689  -572.8747808176611  -135.85178934654874  -96.10504305695574  -88.60082849022794  -236.93062925096214  -193.63979533868437  -650.2663201202989  0.5523089716569984  -168.25378177778106  -67.79237026263402  -593.4489900737668  -110.04952420043418  -13.866007576354555  -150.03484328906404  -252.57732110737246  -343.61192958129  -109.23297004708058  -286.25079599344787  -567.758488785021  -38.97570861341598  -91.61338944279112  -87.08285737960995  -47.60012002691801  -299.9278546389099  -352.43627786034347  -86.24819969763863  -130.32588334127934  -192.50119789893034  -289.99195572911475  -74.5733876134328  -46.10260297072285  -40.49898980943288  -151.7954653926531  -525.1342192898937  -101.94460199112206  -4.119148537160527  -148.0910491202835  -249.4647840368422  -158.35576263859548  -295.8244379881779  
-151.99922867694565  42.16120555310809  58.6618015547553  62.512847748714364  122.90576444950304  -34.89020274766136  55.44383032406844  -3.948678953140046  -44.07399764672684  -418.22892250461257  144.31912611938185  0.0  15.417804896745736  -40.57894767923588  105.8177317408065  5.31309949832945  -57.605049932065896  113.84020868600238  -10.105504301932086  137.21479940874357  158.0328476943096  -358.54177030283927  76.75651489657594  0.9431737619164267  -3.019460239214851  -6.71969687749413  47.51411807508143  -30.472296065081224  -291.18916305767084  -21.28134325353517  21.750779208684065  -178.36943283719083  117.09249355934293  -5.212444184024889  51.08483275996127  74.27339813496583  -37.221015231599154  72.65440323678641  117.23300058124349  80.43220619910737  143.99467249676422  -225.4408324048222  -27.125801914263633  -14.363711829566995  8.285969385455786  -48.94280038947514  -43.13347791612367  103.91620357843168  -291.68573338287547  -42.79457508919319  -485.5223166486961  -120.29879150592129  -9.12536622822742  -303.65886224155645  -169.84470054625453  -184.4055351184564  -56.71915972098546  -7.846467626622001  -90.79824450551396  121.57307782932018  91.65803427618495  -428.5556546982792  8.467336772833107  48.21408306242611  55.71829762915391  -92.61150313158029  -49.320669219302516  -505.9471940009171  144.87143509103885  -23.93465565839921  76.52675585674783  -449.129863954385  34.26960191894767  130.4531185430273  -5.715717169682193  -108.2581949879906  -199.29280346190816  35.086156072301264  -141.93166987406605  -423.4393626656391  105.34341750596586  52.70573667659073  57.2362687397719  96.71900609246383  -155.60872851952806  -208.11715174096165  58.07092642174322  13.993242778102513  -48.182071779548494  -145.67282960973293  69.74573850594903  98.216523148659  103.82013630994896  -7.476339273271265  -380.8150931705119  42.37452412825979  140.19997758222132  -3.771923000901637  -105.14565791746034  -14.03663651921363  -151.5053118687961  
-167.41703357369138  26.743400656362354  43.243996658009564  47.09504285196863  107.4879595527573  -50.3080076444071  40.02602542732271  -19.366483849885782  -59.49180254347257  -433.64672740135836  128.9013212226361  -15.417804896745736  0.0  -55.99675257598162  90.39992684406076  -10.104705398416286  -73.02285482881163  98.42240378925665  -25.523309198677822  121.79699451199784  142.61504279756386  -373.95957519958506  61.3387099998302  -14.474631134829309  -18.437265135960587  -22.137501774239865  32.09631317833569  -45.89010096182696  -306.6069679544165  -36.699148150280905  6.3329743119383295  -193.78723773393656  101.67468866259719  -20.630249080770625  35.66702786321554  58.855593238220095  -52.63882012834489  57.23659834004067  101.81519568449775  65.01440130236163  128.5768676000185  -240.85863730156794  -42.54360681100937  -29.78151672631273  -7.13183551128995  -64.36060528622087  -58.5512828128694  88.49839868168594  -307.10353827962115  -58.212379985938924  -500.9401215454419  -135.71659640266702  -24.543171124973156  -319.07666713830224  -185.26250544300026  -199.82334001520215  -72.1369646177312  -23.264272523367737  -106.2160494022597  106.15527293257445  76.24022937943921  -443.973459595025  -6.9504681239126285  32.79627816568038  40.30049273240817  -108.02930802832603  -64.73847411604825  -521.3649988976629  129.4536301942931  -39.352460555144944  61.10895096000209  -464.54766885113077  18.851797022201936  115.03531364628155  -21.13352206642793  -123.67599988473634  -214.7106083586539  19.66835117555553  -157.34947477081178  -438.8571675623849  89.92561260922012  37.287931779844996  41.818463843026166  81.3012011957181  -171.0265334162738  -223.53495663770738  42.65312152499749  -1.4245621186432231  -63.59987667629423  -161.09063450647866  54.3279336092033  82.79871825191326  88.40233141320323  -22.894144170017  -396.2328980672577  26.956719231514057  124.78217268547559  -19.189727897647373  -120.56346281420608  -29.454441415959366  -166.92311676554183  
-111.42028099770977  82.74015323234397  99.24074923399118  103.09179542795025  163.48471212873892  5.688744931574519  96.02277800330432  36.630268726095835  -3.4950499674909565  -377.6499748253767  184.89807379861773  40.57894767923588  55.99675257598162  0.0  146.39667942004237  45.89204717756533  -17.026102252830015  154.41915636523828  30.473443377303795  177.79374708797945  198.61179537354548  -317.9628226236034  117.33546257581182  41.52212144115231  37.55948744002103  33.85925080174175  88.09306575431731  10.106651614154657  -250.61021537843493  19.29760442570071  62.329726887919946  -137.79048515795495  157.6714412385788  35.36650349521099  91.66378043919715  114.85234581420171  3.3579324476367276  113.23335091602229  157.81194826047937  121.01115387834325  184.57362017600013  -184.86188472558632  13.453145764972248  26.215235849668886  48.86491706469167  -8.363852710239257  -2.5545302368877856  144.49515125766754  -251.10678570363956  -2.215627409957307  -444.94336896946027  -79.7198438266854  31.45358145100846  -263.0799145623206  -129.26575286701865  -143.82658743922053  -16.140212041749578  32.73248005261388  -50.21929682627808  162.15202550855605  132.23698195542084  -387.9767070190434  49.04628445206899  88.793030741662  96.29724530838979  -52.03255545234441  -8.741721540066635  -465.3682463216812  185.45038277027473  16.644292020836673  117.10570353598371  -408.5509162751491  74.84854959818355  171.03206622226315  34.86323050955369  -67.67924730875473  -158.71385578267228  75.66510375153715  -101.35272219483016  -382.86041498640327  145.92236518520173  93.28468435582661  97.81521641900778  137.29795377169972  -115.02978084029218  -167.53820406172576  98.6498741009791  54.572190457338394  -7.603124100312613  -105.09388193049705  110.32468618518492  138.79547082789486  144.39908398918485  33.10260840596462  -340.23614549127603  82.95347180749567  180.7789252614572  36.807024678334244  -64.56671023822446  26.54231116002225  -110.92636418956022  
-257.81696041775217  -63.656526187698404  -47.155930186051194  -43.30488399209213  17.088032708696545  -140.70793448846786  -50.37390141673805  -109.76641069394654  -149.89172938753333  -524.0466542454191  38.50139437857535  -105.8177317408065  -90.39992684406076  -146.39667942004237  0.0  -100.50463224247704  -163.4227816728724  8.02247694519589  -115.92323604273858  31.397067667937073  52.215115953503094  -464.35950204364576  -29.061216844230557  -104.87455797889007  -108.83719198002134  -112.53742861830062  -58.30361366572507  -136.29002780588772  -397.00689479847733  -127.09907499434166  -84.06695253212243  -284.18716457799735  11.274761818536433  -111.03017592483138  -54.73289898084522  -31.544333605840663  -143.03874697240565  -33.163328504020086  11.415268840436994  -25.385525541699124  38.176940755957744  -331.2585641456287  -132.94353365507013  -120.18144357037349  -97.53176235535071  -154.76053213028163  -148.95120965693016  -1.9015281623748166  -397.50346512368196  -148.61230682999968  -591.3400483895026  -226.11652324672778  -114.94309796903391  -409.47659398236294  -275.66243228706105  -290.22326685926294  -162.53689146179195  -113.6641993674285  -196.61597624632046  15.75534608851369  -14.159697464621544  -534.3733864390857  -97.35039496797339  -57.60364867838038  -50.099434111652585  -198.4292348723868  -155.138400960109  -611.7649257417236  39.05370335023235  -129.7523873992057  -29.290975884058668  -554.9475956951915  -71.54812982185882  24.635386802220793  -111.53344891048869  -214.0759267287971  -305.1105352027147  -70.73157566850523  -247.74940161487254  -529.2570944064456  -0.47431423484063373  -53.11199506421576  -48.58146300103459  -9.098725648342665  -261.4264602603346  -313.9348834817681  -47.74680531906327  -91.82448896270398  -153.999803520355  -251.49056135053942  -36.07199323485746  -7.6012085921475006  -1.9975954308575297  -113.29407101407776  -486.6328249113184  -63.4432076125467  34.38224584141482  -109.58965474170813  -210.96338965826683  -119.85436826002012  -257.32304360960256  
-157.3123281752751  36.84810605477864  53.34870205642585  57.199748250384914  117.59266495117359  -40.20330224599081  50.13073082573899  -9.261778451469496  -49.38709714505629  -423.5420220029421  139.0060266210524  -5.31309949832945  10.104705398416286  -45.89204717756533  100.50463224247704  0.0  -62.918149430395346  108.52710918767293  -15.418603800261536  131.90169991041412  152.71974819598015  -363.8548698011688  71.44341539824649  -4.369925736413023  -8.332559737544301  -12.03279637582358  42.20101857675198  -35.785395563410674  -296.50226255600023  -26.59444275186462  16.437679710354615  -183.68253233552028  111.77939406101348  -10.52554368235434  45.77173326163182  68.96029863663638  -42.5341147299286  67.34130373845696  111.91990108291404  75.11910670077792  138.68157299843477  -230.75393190315165  -32.43890141259308  -19.676811327896445  2.972869887126336  -54.25589988780459  -48.44657741445312  98.60310408010223  -296.99883288120486  -48.10767458752264  -490.8354161470256  -125.61189100425074  -14.43846572655687  -308.97196173988596  -175.15780004458398  -189.71863461678586  -62.03225921931491  -13.159567124951451  -96.11134400384341  116.25997833099073  86.3449347778555  -433.86875419660873  3.1542372745036573  42.90098356409666  50.40519813082446  -97.92460262990974  -54.633768717631966  -511.2602934992466  139.5583355927094  -29.247755156728658  71.21365635841838  -454.4429634527145  28.95650242061822  125.14001904469784  -11.028816668011643  -113.57129448632006  -204.60590296023761  29.773056573971814  -147.2447693723955  -428.75246216396863  100.03031800763641  47.39263717826128  51.92316924144245  91.40590659413438  -160.9218280178575  -213.4302512392911  52.757826923413774  8.680143279773063  -53.495171277877944  -150.98592910806238  64.43263900761958  92.90342365032954  98.50703681161951  -12.789438771600715  -386.1281926688414  37.06142462993034  134.88687808389187  -9.085022499231087  -110.45875741578979  -19.34973601754308  -156.81841136712555  
-94.39417874487975  99.76625548517399  116.2668514868212  120.11789768078026  180.51081438156893  22.714847184404533  113.04888025613434  53.65637097892585  13.531052285339058  -360.6238725725467  201.92417605144774  57.605049932065896  73.02285482881163  17.026102252830015  163.4227816728724  62.918149430395346  0.0  171.4452586180683  47.49954563013381  194.81984934080947  215.6378976263755  -300.9367203707734  134.36156482864183  58.54822369398232  54.585589692851045  50.885353054571766  105.11916800714732  27.13275386698467  -233.58411312560492  36.323706678530726  79.35582914074996  -120.76438290512493  174.69754349140882  52.39260574804101  108.68988269202717  131.87844806703174  20.384034700466742  130.2594531688523  174.83805051330938  138.03725613117325  201.59972242883015  -167.8357824727563  30.479248017802263  43.2413381024989  65.89101931752168  8.662249542590757  14.471572015942229  161.52125351049756  -234.08068345080954  14.810474842872708  -427.91726671663025  -62.69374157385539  48.479683703838475  -246.05381230949058  -112.23965061418863  -126.80048518639052  0.8858902110804365  49.758582305443895  -33.19319457344807  179.17812776138607  149.26308420825086  -370.95060476621336  66.072386704899  105.81913299449201  113.3233475612198  -35.0064531995144  8.28438071276338  -448.3421440688512  202.47648502310474  33.67039427366669  134.13180578881372  -391.5248140223191  91.87465185101357  188.05816847509317  51.8893327623837  -50.65314505592471  -141.68775352984227  92.69120600436716  -84.32661994200015  -365.83431273357326  162.94846743803174  110.31078660865663  114.8413186718378  154.32405602452974  -98.00367858746216  -150.51210180889575  115.67597635380912  71.59829271016841  9.422978152517402  -88.06777967766703  127.35078843801493  155.82157308072487  161.42518624201486  50.12871065879463  -323.210043238446  99.97957406032569  197.80502751428722  53.83312693116426  -47.540607985394445  43.568413412852266  -93.9002619367302  
-265.83943736294805  -71.6790031328943  -55.178407131247084  -51.32736093728802  9.065555763500655  -148.73041143366373  -58.39637836193394  -117.78888763914243  -157.91420633272924  -532.0691311906149  30.478917433379458  -113.84020868600238  -98.42240378925665  -154.41915636523828  -8.02247694519589  -108.52710918767293  -171.4452586180683  0.0  -123.94571298793447  23.374590722741182  44.192639008307204  -472.3819789888417  -37.08369378942645  -112.89703492408596  -116.85966892521724  -120.55990556349651  -66.32609061092096  -144.31250475108362  -405.0293717436732  -135.12155193953754  -92.08942947731832  -292.2096415231932  3.2522848733405425  -119.05265287002727  -62.75537592604111  -39.56681055103655  -151.06122391760152  -41.18580544921598  3.3927918952411034  -33.408002486895015  30.154463810761854  -339.2810410908246  -140.96601060026603  -128.2039205155694  -105.5542393005466  -162.78300907547754  -156.97368660212607  -9.924005107570707  -405.52594206887784  -156.63478377519556  -599.3625253346985  -234.13900019192369  -122.9655749142298  -417.4990709275589  -283.6849092322569  -298.2457438044588  -170.55936840698786  -121.68667631262439  -204.63845319151636  7.732869143317799  -22.182174409817435  -542.3958633842816  -105.37287191316928  -65.62612562357627  -58.121911056848475  -206.4517118175827  -163.16087790530491  -619.7874026869194  31.031226405036456  -137.77486434440158  -37.31345282925456  -562.9700726403873  -79.57060676705471  16.612909857024903  -119.55592585568458  -222.098403673993  -313.13301214791056  -78.75405261370112  -255.77187856006844  -537.2795713516415  -8.496791180036524  -61.13447200941165  -56.60393994623048  -17.121202593538555  -269.44893720553046  -321.95736042696404  -55.76928226425916  -99.84696590789987  -162.02228046555086  -259.5130382957353  -44.09447018005335  -15.623685537343391  -10.02007237605342  -121.31654795927365  -494.6553018565143  -71.46568455774259  26.35976889621893  -117.61213168690402  -218.98586660346274  -127.87684520521601  -265.3455205547985  
