Height_Data

node	height
0	175.62477700491792
1	97.16285533691376
2	54.55040309374114
3	49.22701372644717
4	111.15631249869331
5	116.1745848641887
6	240.21830197968643
7	181.75593683081883
8	137.711300495532
9	96.01944304044993
10	48.96770882385605
11	59.1882788668784
12	288.40872801478355
13	159.24314364565024
14	329.4858287483044
15	60.32276726661129
16	238.17753588505076
17	84.98758962966633
18	85.72299101316761
19	210.5469942648347
20	324.84867890493433
21	186.62276497914212
22	108.49111087652525
23	139.94943378748553
24	193.64796011876248
25	158.88000437712503
26	97.07623694829222
27	36.22951774438401
28	336.814209858259
29	96.10248469095094
30	93.64795015936767
31	85.58289416066343
32	84.19492979749076
33	232.6486068805616
34	140.05760638260242
35	319.1944898767428
36	201.24320632632472
37	245.01939991796033
38	195.245549725401
39	278.63565722830424
40	93.11965780054987
41	176.3300855748532
42	90.87185004620363
43	53.21298618694048
44	93.08604007108202
45	141.6187132499706
46	201.92102439615135
47	104.94502624919491
48	119.76869473862489
49	76.63663583006299
50	79.37738296495188
51	278.36386329693056
52	155.9649271500084
53	126.76633016474467
54	56.42462652761125
55	84.08749628872155
56	135.65036498393002
57	29.617818213871207
58	84.94692641192887
59	188.52691989655855
60	198.87801476294314
61	177.4190456897389
62	274.06946683531004
63	101.40740752243734
64	261.6189602180748
65	292.5484290399833
66	98.73453589343178
67	89.5627130162916
68	304.55991424002264
69	90.57798926858757
70	93.64001028719836
71	58.765028246813856
72	163.7207807949448
73	171.04601058493546
74	407.73904443682346
75	59.213012694674504
76	79.85963778333569
77	164.52522625026205
78	60.64392780938458
79	47.05028192922609
80	146.69827406079187
81	279.15866746270115
82	84.13870983602925
83	76.88545044994164
84	153.1192861910635
85	392.0157027696784
86	81.50150032330173
87	86.52348835936112
88	251.6931675657149
89	352.4218355634998
90	167.6453536536709
91	55.31839506165782
92	89.8173905605003
93	235.08610565804923
94	71.80292490973939
95	51.973961054844025
96	41.444037618459305
97	34.14175772434272
98	357.89693559274184
99	249.92030434971787
100	189.9247107262565



height_matrix
0.0  274.61672583801453  423.76030868911874  442.3921714746476  225.63962577178614  208.07567249255226  -226.07733741168977  -21.459059390653124  132.69716778285078  278.618668875638  443.2997386337166  407.52774348313835  -394.7438285345297  57.3357167574369  -538.5136811018527  403.5570340840732  -218.93465608046495  317.2301558133806  314.6562509711261  -122.22776040970871  -522.2836566500574  -38.49295790978465  234.96783144937433  124.86370126101338  -63.08114089845594  58.60670419727512  274.91989019819  487.8834074118687  -564.1630149866938  278.32802309888444  286.9188939594259  315.1465899548907  320.0044652259951  -199.58340456475287  124.4850971781043  -502.49399505138706  -89.66450262492378  -242.88118019564843  -68.67270452169078  -360.53808078185205  288.7679172152882  -2.4685799947734495  296.63524435550005  428.44126786292105  288.88557926842566  119.02122314231565  -92.03686586931701  247.37912764503056  195.4962879320256  346.4584941119923  336.86587913988114  -359.58680202204425  68.80947449218331  171.00456394060637  417.20052667057337  320.3804825066873  139.91044207345766  511.0243557686635  317.3724770754617  -45.15750012074216  -81.38633215308823  -6.279940396873485  -344.55641440637237  259.76079318868204  -300.979641246049  -409.23278212272885  269.1158438902015  301.21722396019214  -451.2729803228666  297.6637570771562  286.94668351201847  409.0091206533642  41.66398673490596  16.0256824699386  -812.3999360116694  407.44117508585197  335.1779872755378  38.84842764129553  402.4329721843667  450.01073276492144  101.24276030444116  -362.36861660224133  320.20123509111033  345.587642942417  78.76921784849048  -757.3682401766617  329.4314683856567  311.85451025944883  -266.2393669627894  -618.7897049550367  27.92798172936466  421.0723368014104  300.32585255546167  -208.11465028595956  363.37648233312484  432.77785582525865  469.6325878526052  495.1905674820132  -637.9525550573836  -260.03434570679985  -50.04976802468502  
-274.61672583801453  0.0  149.1435828511042  167.77544563663312  -48.97710006622839  -66.54105334546227  -500.6940632497043  -296.07578522866766  -141.91955805516375  4.001943037623448  168.68301279570204  132.91101764512382  -669.3605543725442  -217.28100908057763  -813.1304069398673  128.9403082460587  -493.5513819184795  42.613429975366046  40.03952513311157  -396.84448624772324  -796.900382488072  -313.1096837477992  -39.6488943886402  -149.75302457700116  -337.6978667364705  -216.0100216407394  0.3031643601754581  213.26668157385416  -838.7797408247084  3.7112972608699124  12.302168121411341  40.52986411687618  45.38773938798056  -474.2001304027674  -150.13162865991023  -777.1107208894016  -364.2812284629383  -517.497906033663  -343.2894303597053  -635.1548066198666  14.151191377273676  -277.085305832788  22.018518517485518  153.82454202490652  14.268853430411127  -155.59550269569888  -366.65359170733154  -27.237598192983967  -79.12043790598892  71.84176827397778  62.24915330186661  -634.2035278600588  -205.80725134583122  -103.61216189740816  142.58380083255884  45.763756668672784  -134.70628376455687  236.40762993064897  42.75575123744716  -319.7742259587567  -356.00305799110276  -280.896666234888  -619.1731402443869  -14.855932649332487  -575.5963670840636  -683.8495079607434  -5.5008819478130135  26.600498122177612  -725.8897061608811  23.04703123914169  12.329957674003936  134.39239481534972  -232.95273910310857  -258.59104336807593  -1087.016661849684  132.82444924783744  60.561261437523285  -235.768298196719  127.81624634635219  175.3940069269069  -173.37396553357337  -636.9853424402559  45.5845092530958  70.97091710440247  -195.84750798952405  -1031.9849660146763  54.81474254764214  37.2377844214343  -540.8560928008039  -893.4064307930512  -246.68874410864987  146.45561096339586  25.709126717447134  -482.7313761239741  88.75975649511034  158.16112998724412  195.01586201459065  220.5738416439987  -912.5692808953982  -534.6510715448144  -324.66649386269955  
-423.76030868911874  -149.1435828511042  0.0  18.63186278552891  -198.1206829173326  -215.6846361965665  -649.8376461008086  -445.21936807977187  -291.06314090626796  -145.14163981348077  19.539429944597828  -16.232565205980393  -818.5041372236485  -366.42459193168185  -962.2739897909714  -20.20327460504552  -642.6949647695837  -106.53015287573817  -109.10405771799265  -545.9880690988275  -946.0439653391761  -462.2532665989034  -188.79247723974441  -298.89660742810537  -486.8414495875747  -365.1536044918436  -148.84041849092876  64.12309872274994  -987.9233236758125  -145.4322855902343  -136.84141472969287  -108.61371873422803  -103.75584346312365  -623.3437132538716  -299.27521151101445  -926.2543037405057  -513.4248113140425  -666.6414888847671  -492.4330132108095  -784.2983894709707  -134.99239147383054  -426.2288886838922  -127.1250643336187  4.680959173802307  -134.8747294206931  -304.7390855468031  -515.7971745584357  -176.38118104408818  -228.26402075709314  -77.30181457712644  -86.8944295492376  -783.3471107111629  -354.95083419693543  -252.75574474851237  -6.559782018545377  -103.37982618243143  -283.8498666156611  87.26404707954477  -106.38783161365706  -468.9178088098609  -505.146640842207  -430.04024908599223  -768.3167230954912  -163.9995155004367  -724.7399499351677  -832.9930908118477  -154.64446479891723  -122.5430847289266  -875.0332890119853  -126.09655161196252  -136.81362517710028  -14.751188035754495  -382.0963219542128  -407.73462621918014  -1236.160244700788  -16.319133603266778  -88.58232141358093  -384.9118810478232  -21.327336504752026  26.250424075802698  -322.5175483846776  -786.12892529136  -103.55907359800841  -78.17266574670174  -344.99109084062826  -1181.1285488657804  -94.32884030346207  -111.90579842966991  -689.9996756519081  -1042.5500136441553  -395.8323269597541  -2.6879718877083576  -123.43445613365708  -631.8749589750782  -60.383826355993875  9.01754713613991  45.87227916348644  71.43025879289448  -1061.7128637465023  -683.7946543959185  -473.81007671380377  
-442.3921714746476  -167.77544563663312  -18.63186278552891  0.0  -216.7525457028615  -234.3164989820954  -668.4695088863374  -463.85123086530075  -309.69500369179684  -163.77350259900967  0.9075671590689183  -34.8644279915093  -837.1360000091773  -385.0564547172107  -980.9058525765004  -38.83513739057443  -661.3268275551126  -125.16201566126708  -127.73592050352156  -564.6199318843563  -964.675828124705  -480.8851293844323  -207.42434002527332  -317.52847021363425  -505.47331237310357  -383.7854672773725  -167.47228127645766  45.491235937221035  -1006.5551864613415  -164.0641483757632  -155.47327751522178  -127.24558151975694  -122.38770624865256  -641.9755760394005  -317.9070742965433  -944.8861665260347  -532.0566740995714  -685.273351670296  -511.0648759963384  -802.9302522564997  -153.62425425935945  -444.8607514694211  -145.7569271191476  -13.950903611726602  -153.506592206222  -323.370948332332  -534.4290373439646  -195.0130438296171  -246.89588354262204  -95.93367736265535  -105.52629233476651  -801.9789734966919  -373.5826969824643  -271.3876075340413  -25.191644804074286  -122.01168896796034  -302.48172940119  68.63218429401586  -125.01969439918597  -487.5496715953898  -523.7785036277359  -448.6721118715211  -786.94858588102  -182.6313782859656  -743.3718127206967  -851.6249535973765  -173.27632758444614  -141.1749475144555  -893.6651517975142  -144.72841439749143  -155.4454879626292  -33.383050821283405  -400.72818473974166  -426.366489004709  -1254.792107486317  -34.95099638879569  -107.21418419910984  -403.5437438333521  -39.959199290280935  7.618561290273789  -341.14941117020646  -804.760788076889  -122.19093638353732  -96.80452853223065  -363.62295362615714  -1199.7604116513094  -112.96070308899098  -130.53766121519882  -708.631538437437  -1061.1818764296843  -414.46418974528297  -21.319834673237267  -142.066318919186  -650.5068217606072  -79.01568914152278  -9.614315649388999  27.24041637795753  52.79839600736557  -1080.3447265320312  -702.4265171814475  -492.44193949933265  
-225.63962577178614  48.97710006622839  198.1206829173326  216.7525457028615  0.0  -17.563953279233885  -451.7169631834759  -247.09868516243927  -92.94245798893536  52.979043103851836  217.66011286193043  181.8881177113522  -620.3834543063158  -168.30390901434924  -764.1533068736389  177.91740831228708  -444.5742818522511  91.59053004159443  89.01662519933996  -347.86738618149485  -747.9232824218436  -264.1325836815708  9.328205677588187  -100.77592451077277  -288.7207666702421  -167.03292157451102  49.280264426403846  262.24378164008255  -789.80264075848  52.6883973270983  61.27926818763973  89.50696418310457  94.36483945420895  -425.223030336539  -101.15452859368185  -728.1336208231733  -315.3041283967099  -468.52080596743457  -294.3123302934769  -586.1777065536382  63.128291443502064  -228.1082057665596  70.9956185837139  202.8016420911349  63.245953496639515  -106.6184026294705  -317.67649164110315  21.73950187324442  -30.143337839760534  120.81886834020617  111.226253368095  -585.2264277938305  -156.83015127960283  -54.63506183117977  191.56090089878722  94.74085673490117  -85.72918369832848  285.38472999687735  91.73285130367555  -270.7971258925283  -307.0259579248744  -231.91956616865963  -570.1960401781585  34.1211674168959  -526.6192670178352  -634.8724078945149  43.476218118415375  75.577598188406  -676.9126060946528  72.02413130537008  61.307057740232324  183.3694948815781  -183.97563903688018  -209.61394330184754  -1038.0395617834556  181.80154931406582  109.53836150375167  -186.7911981304906  176.79334641258058  224.3711069931353  -124.39686546734498  -588.0082423740275  94.56160931932419  119.94801717063086  -146.87040792329566  -983.0078659484479  103.79184261387053  86.21488448766269  -491.87899273457555  -844.4293307268229  -197.71164404242148  195.43271102962424  74.68622678367552  -433.7542760577457  137.73685656133873  207.1382300534725  243.99296208081904  269.5509417102271  -863.5921808291698  -485.673971478586  -275.68939379647117  
-208.07567249255226  66.54105334546227  215.6846361965665  234.3164989820954  17.563953279233885  0.0  -434.153009904242  -229.53473188320538  -75.37850470970147  70.54299638308572  235.22406614116431  199.4520709905861  -602.819501027082  -150.73995573511536  -746.589353594405  195.48136159152097  -427.0103285730172  109.15448332082832  106.58057847857384  -330.30343290226097  -730.3593291426097  -246.5686304023369  26.892158956822072  -83.21197123153888  -271.1568133910082  -149.46896829527714  66.84421770563773  279.80773491931643  -772.2386874792461  70.25235060633219  78.84322146687362  107.07091746233846  111.92879273344283  -407.6590770573051  -83.59057531444796  -710.5696675439393  -297.74017511747604  -450.9568526882007  -276.74837701424303  -568.6137532744043  80.69224472273595  -210.5442524873257  88.55957186294779  220.3655953703688  80.8099067758734  -89.05444935023661  -300.11253836186927  39.30345515247831  -12.579384560526648  138.38282161944005  128.7902066473289  -567.6624745145965  -139.26619800036895  -37.07110855194588  209.1248541780211  112.30481001413506  -68.1652304190946  302.94868327611124  109.29680458290943  -253.2331726132944  -289.4620046456405  -214.35561288942574  -552.6320868989246  51.685120696129786  -509.0553137386013  -617.3084546152811  61.04017139764926  93.14155146763989  -659.3486528154189  89.58808458460396  78.87101101946621  200.933448160812  -166.4116857576463  -192.04999002261366  -1020.4756085042217  199.3655025932997  127.10231478298556  -169.22724485125673  194.35729969181446  241.93506027236918  -106.8329121881111  -570.4442890947936  112.12556259855808  137.51197044986475  -129.30645464406177  -965.443912669214  121.35579589310441  103.77883776689657  -474.31503945534166  -826.8653774475889  -180.1476907631876  212.99666430885813  92.25018006290941  -416.1903227785118  155.3008098405726  224.7021833327064  261.5569153600529  287.11489498946094  -846.0282275499359  -468.1100181993521  -258.1254405172373  
226.07733741168977  500.6940632497043  649.8376461008086  668.4695088863374  451.7169631834759  434.153009904242  0.0  204.61827802103664  358.77450519454055  504.69600628732775  669.3770760454063  633.6050808948281  -168.66649112283994  283.41305416912667  -312.43634369016297  629.6343714957629  7.142681331224821  543.3074932250704  540.7335883828159  103.84957700198106  -296.20631923836766  187.58437950190512  461.0451688610641  350.94103867270314  162.99619651323383  284.6840416089649  500.99722760987976  713.9607448235585  -338.08567757500407  504.4053605105742  512.9962313711156  541.2239273665805  546.0818026376849  26.4939328469369  350.56243458979407  -276.4166576396973  136.41283478676598  -16.803842783958657  157.404632889999  -134.46074337016228  514.845254626978  223.60875741691632  522.7125817671898  654.5186052746108  514.9629166801154  345.0985605540054  134.04047154237276  473.45646505672033  421.5736253437154  572.5358315236821  562.9432165515709  -133.50946461035448  294.8868119038731  397.08190135229614  643.2778640822631  546.457819918377  365.9877794851474  737.1016931803533  543.4498144871515  180.9198372909476  144.69100525860154  219.79739701481628  -118.4790769946826  485.8381306003718  -74.90230383435926  -183.15544471103908  495.1931813018913  527.2945613718819  -225.19564291117683  523.741094488846  513.0240209237082  635.086458065054  267.74132414659573  242.10301988162837  -586.3225985999796  633.5185124975417  561.2553246872276  264.9257650529853  628.5103095960565  676.0880701766112  327.32009771613093  -136.29127919055156  546.2785725028001  571.6649803541068  304.84655526018025  -531.290902764972  555.5088057973464  537.9318476711386  -40.162029551099636  -392.7123675433469  254.00531914105443  647.1496742131002  526.4031899671514  17.962687125730213  589.4538197448146  658.8551932369485  695.709925264295  721.267904893703  -411.87521764569385  -33.957008295110086  176.02756938700475  
21.459059390653124  296.07578522866766  445.21936807977187  463.85123086530075  247.09868516243927  229.53473188320538  -204.61827802103664  0.0  154.1562271735039  300.0777282662911  464.7587980243697  428.9868028737915  -373.2847691438766  78.79477614809002  -517.0546217111996  425.01609347472635  -197.47559668981182  338.6892152040337  336.1153103617792  -100.76870101905558  -500.8245972594043  -17.033898519131526  256.42689084002745  146.3227606516665  -41.62208150780282  80.06576358792825  296.3789495888431  509.3424668025218  -542.7039555960407  299.78708248953757  308.377953350079  336.60564934554384  341.4635246166482  -178.12434517409974  145.94415656875742  -481.03493566073394  -68.20544323427066  -221.4221208049953  -47.21364513103765  -339.0790213911989  310.22697660594133  18.990479395879674  318.0943037461532  449.9003272535742  310.3446386590788  140.48028253296877  -70.57780647866389  268.8381870356837  216.95534732267873  367.91755350264543  358.32493853053427  -338.12774263139113  90.26853388283644  192.4636233312595  438.6595860612265  341.83954189734044  161.36950146411078  532.4834151593167  338.8315364661148  -23.698440730089033  -59.92727276243511  15.179118993779639  -323.09735501571924  281.21985257933517  -279.5205818553959  -387.7737227320757  290.57490328085464  322.67628335084527  -429.8139209322135  319.12281646780934  308.4057429026716  430.46818004401734  63.123046125559085  37.484741860591726  -790.9408766210163  428.9002344765051  356.63704666619094  60.307487031948654  423.8920315750198  471.46979215557457  122.70181969509429  -340.9095572115882  341.66029448176346  367.04670233307013  100.22827723914361  -735.9091807860086  350.8905277763098  333.31356965010195  -244.78030757213628  -597.3306455643835  49.387041120017784  442.53139619206354  321.7849119461148  -186.65559089530643  384.83554172377796  454.2369152159118  491.0916472432583  516.6496268726663  -616.4934956667305  -238.57528631614673  -28.5907086340319  
-132.69716778285078  141.91955805516375  291.06314090626796  309.69500369179684  92.94245798893536  75.37850470970147  -358.77450519454055  -154.1562271735039  0.0  145.9215010927872  310.6025708508658  274.83057570028757  -527.4409963173805  -75.36145102541388  -671.2108488847035  270.85986630122244  -351.63182386331573  184.5329880305298  181.95908318827532  -254.9249281925595  -654.9808244329082  -171.19012569263543  102.27066366652355  -7.833466521837408  -195.77830868130673  -74.09046358557566  142.2227224153392  355.1862396290179  -696.8601827695446  145.63085531603366  154.2217261765751  182.44942217203993  187.3072974431443  -332.28057234760365  -8.212070604746486  -635.1911628342378  -222.36167040777457  -375.5783479784992  -201.36987230454156  -493.23524856470283  156.07074943243742  -135.16574777762423  163.93807657264927  295.74410008007027  156.18841148557487  -13.675944640535135  -224.7340336521678  114.68195986217978  62.799120149174826  213.76132632914153  204.16871135703036  -492.28396980489504  -63.88769329066747  38.30739615775559  284.5033588877226  187.68331472383653  7.213274290606876  378.3271879858127  184.6753092926109  -177.85466790359294  -214.08349993593902  -138.97710817972427  -477.25358218922315  127.06362540583126  -433.6768090288998  -541.9299499055796  136.41867610735073  168.52005617734136  -583.9701481057174  164.96658929430544  154.24951572916768  276.31195287051344  -91.03318104794482  -116.67148531291218  -945.0971037945202  274.7440073030012  202.48081949268703  -93.84874014155525  269.7358044015159  317.31356498207066  -31.45440747840962  -495.0657843850921  187.50406730825955  212.89047515956622  -53.9279499343603  -890.0654079595125  196.7343006028059  179.15734247659805  -398.9365347456402  -751.4868727378874  -104.76918605348612  288.37516901855963  167.62868477261088  -340.81181806881034  230.67931455027409  300.08068804240787  336.9354200697544  362.4933996991624  -770.6497228402344  -392.73151348965064  -182.7469358075358  
-278.618668875638  -4.001943037623448  145.14163981348077  163.77350259900967  -52.979043103851836  -70.54299638308572  -504.69600628732775  -300.0777282662911  -145.9215010927872  0.0  164.6810697580786  128.90907460750037  -673.3624974101676  -221.28295211820108  -817.1323499774908  124.93836520843524  -497.5533249561029  38.6114869377426  36.03758209548812  -400.8464292853467  -800.9023255256955  -317.11162678542263  -43.65083742626365  -153.7549676146246  -341.6998097740939  -220.01196467836286  -3.69877867744799  209.2647385362307  -842.7816838623319  -0.29064577675353576  8.300225083787893  36.527921079252735  41.38579635035711  -478.20207344039085  -154.13357169753368  -781.1126639270251  -368.28317150056176  -521.4998490712865  -347.29137339732875  -639.1567496574901  10.149248339650228  -281.08724887041143  18.01657547986207  149.82259898728307  10.266910392787679  -159.59744573332233  -370.655534744955  -31.239541230607415  -83.12238094361237  67.83982523635433  58.247210264243165  -638.2054708976823  -209.80919438345467  -107.6141049350316  138.5818577949354  41.761813631049336  -138.70822680218032  232.40568689302552  38.75380819982371  -323.77616899638014  -360.0050010287262  -284.89860927251146  -623.1750832820103  -18.857875686955936  -579.5983101216871  -687.8514509983668  -9.502824985436462  22.598555084554164  -729.8916491985046  19.04508820151824  8.328014636380487  130.39045177772627  -236.95468214073202  -262.5929864056994  -1091.0186048873074  128.822506210214  56.55931839989984  -239.77024123434245  123.81430330872874  171.39206388928346  -177.37590857119682  -640.9872854778794  41.582566215472355  66.96897406677903  -199.8494510271475  -1035.9869090522998  50.81279951001869  33.23584138381085  -544.8580358384274  -897.4083738306747  -250.69068714627332  142.4536679257724  21.707183679823686  -486.73331916159754  84.75781345748689  154.15918694962068  191.0139189769672  216.57189860637524  -916.5712239330217  -538.6530145824379  -328.668436900323  
-443.2997386337166  -168.68301279570204  -19.539429944597828  -0.9075671590689183  -217.66011286193043  -235.22406614116431  -669.3770760454063  -464.7587980243697  -310.6025708508658  -164.6810697580786  0.0  -35.77199515057822  -838.0435671682462  -385.9640218762797  -981.8134197355694  -39.74270454964335  -662.2343947141815  -126.069582820336  -128.64348766259047  -565.5274990434252  -965.583395283774  -481.7926965435012  -208.33190718434224  -318.4360373727032  -506.3808795321725  -384.69303443644145  -168.37984843552658  44.583668778152116  -1007.4627536204105  -164.97171553483213  -156.3808446742907  -128.15314867882586  -123.29527340772148  -642.8831431984695  -318.8146414556123  -945.7937336851037  -532.9642412586404  -686.180918829365  -511.97244315540735  -803.8378194155687  -154.53182141842836  -445.76831862849  -146.66449427821652  -14.85847077079552  -154.4141593652909  -324.2785154914009  -535.3366045030336  -195.920610988686  -247.80345070169096  -96.84124452172426  -106.43385949383543  -802.8865406557609  -374.49026414153326  -272.2951746931102  -26.099211963143205  -122.91925612702926  -303.3892965602589  67.72461713494694  -125.92726155825488  -488.45723875445873  -524.6860707868047  -449.57967903059006  -787.8561530400889  -183.53894544503453  -744.2793798797657  -852.5325207564454  -174.18389474351505  -142.08251467352443  -894.5727189565832  -145.63598155656035  -156.3530551216981  -34.29061798035232  -401.6357518988106  -427.27405616377797  -1255.699674645386  -35.858563547864605  -108.12175135817876  -404.45131099242104  -40.86676644934985  6.71099413120487  -342.0569783292754  -805.668355235958  -123.09850354260624  -97.71209569129957  -364.5305207852261  -1200.6679788103784  -113.8682702480599  -131.44522837426774  -709.539105596506  -1062.0894435887533  -415.3717569043519  -22.227401832306185  -142.9738860782549  -651.4143889196762  -79.9232563005917  -10.521882808457917  26.33284921888861  51.89082884829665  -1081.2522936911002  -703.3340843405165  -493.3495066584016  
-407.52774348313835  -132.91101764512382  16.232565205980393  34.8644279915093  -181.8881177113522  -199.4520709905861  -633.6050808948281  -428.9868028737915  -274.83057570028757  -128.90907460750037  35.77199515057822  0.0  -802.2715720176681  -350.19202672570145  -946.0414245849911  -3.9707093990651288  -626.4623995636033  -90.29758766975777  -92.87149251201225  -529.7555038928471  -929.8114001331958  -446.020701392923  -172.55991203376402  -282.664042222125  -470.6088843815943  -348.92103928586323  -132.60785328494836  80.35566392873034  -971.6907584698322  -129.1997203842539  -120.60884952371248  -92.38115352824764  -87.52327825714326  -607.1111480478912  -283.04264630503405  -910.0217385345254  -497.19224610806214  -650.4089236787868  -476.2004480048291  -768.0658242649904  -118.75982626785014  -409.9963234779118  -110.8924991276383  20.9135243797827  -118.6421642147127  -288.5065203408227  -499.56460935245536  -160.1486158381078  -212.03145555111274  -61.06924937114604  -70.66186434325721  -767.1145455051826  -338.71826899095504  -236.52317954253198  9.672783187435016  -87.14726097645104  -267.6173014096807  103.49661228552516  -90.15526640767666  -452.6852436038805  -488.9140756362266  -413.80768388001184  -752.0841578895107  -147.7669502944563  -708.5073847291874  -816.7605256058672  -138.41189959293683  -106.31051952294621  -858.800723806005  -109.86398640598213  -120.58105997111988  1.4813771702258975  -365.8637567482324  -391.50206101319975  -1219.9276794948078  -0.08656839728638488  -72.34975620760054  -368.6793158418428  -5.094771298771633  42.48298928178309  -306.2849831786972  -769.8963600853797  -87.32650839202802  -61.940100540721346  -328.75852563464787  -1164.8959836598  -78.09627509748168  -95.67323322368952  -673.7671104459278  -1026.317448438175  -379.5997617537737  13.544593318272035  -107.20189092767669  -615.6423937690979  -44.15126115001348  25.250112342120303  62.10484436946683  87.66282399887487  -1045.480298540522  -667.5620891899382  -457.5775115078234  
394.7438285345297  669.3605543725442  818.5041372236485  837.1360000091773  620.3834543063158  602.819501027082  168.66649112283994  373.2847691438766  527.4409963173805  673.3624974101676  838.0435671682462  802.2715720176681  0.0  452.0795452919666  -143.76985256732303  798.3008626186029  175.80917245406476  711.9739843479103  709.4000795056559  272.516068124821  -127.53982811552771  356.25087062474506  629.711659983904  519.6075297955431  331.66268763607377  453.35053273180483  669.6637187327196  882.6272359463984  -169.41918645216413  673.0718516334141  681.6627224939556  709.8904184894204  714.7482937605248  195.16042396977684  519.228925712634  -107.75016651685735  305.0793259096059  151.86264833888129  326.07112401283894  34.20574775267767  683.5117457498179  392.27524853975626  691.3790728900298  823.1850963974507  683.6294078029554  513.7650516768454  302.7069626652127  642.1229561795603  590.2401164665553  741.202322646522  731.6097076744109  35.15702651248546  463.553303026713  565.7483924751361  811.9443552051031  715.124311041217  534.6542706079874  905.7681843031933  712.1163056099914  349.58632841378756  313.3574963814415  388.4638881376562  50.18741412815734  654.5046217232118  93.76418728848068  -14.488953588199138  663.8596724247312  695.9610524947218  -56.52915178833689  692.4075856116859  681.6905120465482  803.7529491878939  436.4078152694357  410.7695110044683  -417.6561074771397  802.1850036203816  729.9218158100675  433.59225617582524  797.1768007188964  844.7545612994511  495.9865888389709  32.37521193228838  714.94506362564  740.3314714769467  473.5130463830202  -362.62441164213203  724.1752969201864  706.5983387939785  128.5044615717403  -224.04587642050694  422.6718102638944  815.8161653359401  695.0696810899914  186.62917824857016  758.1203108676546  827.5216843597884  864.3764163871349  889.9343960165429  -243.2087265228539  134.70948282772986  344.6940605098447  
-57.3357167574369  217.28100908057763  366.42459193168185  385.0564547172107  168.30390901434924  150.73995573511536  -283.41305416912667  -78.79477614809002  75.36145102541388  221.28295211820108  385.9640218762797  350.19202672570145  -452.0795452919666  0.0  -595.8493978592896  346.2213173266363  -276.27037283790185  259.8944390559437  257.3205342136892  -179.5634771671456  -579.6193734074943  -95.82867466722155  177.63211469193743  67.52798450357648  -120.41685765589284  1.2709874398382226  217.5841734407531  430.5476906544318  -621.4987317441307  220.99230634144755  229.58317720198897  257.8108731974538  262.6687484685582  -256.91912132218977  67.1493804206674  -559.829711808824  -147.00021938236068  -300.2168969530853  -126.00842127912767  -417.87379753928894  231.4322004578513  -59.80429675221035  239.29952759806315  371.10555110548415  231.54986251098876  61.68550638487875  -149.3725826267539  190.04341088759367  138.1605711745887  289.1227773545554  279.53016238244425  -416.92251877948115  11.473757734746414  113.66884718316948  359.86480991313647  263.0447657492504  82.57472531602076  453.6886390112266  260.0367603180248  -102.49321687817906  -138.72204891052513  -63.615657154310384  -401.89213116380927  202.42507643124515  -358.3153580034859  -466.56849888016575  211.78012713276462  243.88150720275524  -508.6086970803035  240.32804031971932  229.61096675458157  351.6734038959273  -15.671730022530937  -41.3100342874983  -869.7356527691063  350.10545832841507  277.8422705181009  -18.48728911614137  345.0972554269298  392.67501600748454  43.907043547004264  -419.70433335967823  262.86551833367344  288.2519261849801  21.433501091053586  -814.7039569340986  272.0957516282198  254.51879350201193  -323.5750837202263  -676.1254217124736  -29.40773502807224  363.7366200439735  242.99013579802477  -265.45036704339645  306.04076557568794  375.44213906782176  412.2968710951683  437.8548507245763  -695.2882718148205  -317.37006246423675  -107.38548478212192  
538.5136811018527  813.1304069398673  962.2739897909714  980.9058525765004  764.1533068736389  746.589353594405  312.43634369016297  517.0546217111996  671.2108488847035  817.1323499774908  981.8134197355694  946.0414245849911  143.76985256732303  595.8493978592896  0.0  942.070715185926  319.5790250213878  855.7438369152333  853.1699320729788  416.28592069214403  16.230024451795316  500.0207231920681  773.4815125512271  663.3773823628661  475.4325402033968  597.1203852991279  813.4335713000428  1026.3970885137214  -25.6493338848411  816.8417042007372  825.4325750612786  853.6602710567435  858.5181463278478  338.93027653709987  662.998778279957  36.01968605046568  448.84917847692896  295.6325009062043  469.84097658016196  177.9756003200007  827.281598317141  536.0451011070793  835.1489254573528  966.9549489647738  827.3992603702784  657.5349042441684  446.4768152325357  785.8928087468832  734.0099690338784  884.972175213845  875.3795602417339  178.9268790798085  607.323155594036  709.5182450424591  955.7142077724261  858.8941636085401  678.4241231753103  1049.5380368705162  855.8861581773144  493.3561809811106  457.1273489487645  532.2337407049793  193.95726669548037  798.2744742905347  237.5340398558037  129.2808989791239  807.6295249920543  839.7309050620449  87.24070077898614  836.177438179009  825.4603646138712  947.522801755217  580.1776678367587  554.5393635717913  -273.88625490981667  945.9548561877048  873.6916683773906  577.3621087431483  940.9466532862194  988.5244138667742  639.7564414062939  176.1450644996114  858.7149161929631  884.1013240442697  617.2828989503432  -218.854559074809  867.9451494875094  850.3681913613016  272.27431413906334  -80.27602385318391  566.4416628312174  959.5860179032632  838.8395336573144  330.3990308158932  901.8901634349776  971.2915369271113  1008.1462689544579  1033.704248583866  -99.43887395553088  278.4793353950529  488.4639130771677  
-403.5570340840732  -128.9403082460587  20.20327460504552  38.83513739057443  -177.91740831228708  -195.48136159152097  -629.6343714957629  -425.01609347472635  -270.85986630122244  -124.93836520843524  39.74270454964335  3.9707093990651288  -798.3008626186029  -346.2213173266363  -942.070715185926  0.0  -622.4916901645381  -86.32687827069265  -88.90078311294712  -525.7847944937819  -925.8406907341307  -442.0499919938579  -168.5892026346989  -278.69333282305985  -466.63817498252916  -344.9503298867981  -128.63714388588323  84.32637332779547  -967.7200490707671  -125.22901098518878  -116.63814012464735  -88.41044412918251  -83.55256885807813  -603.1404386488261  -279.0719369059689  -906.0510291354603  -493.221536708997  -646.4382142797217  -472.229738605764  -764.0951148659253  -114.78911686878502  -406.0256140788467  -106.92178972857317  24.88423377884783  -114.67145481564756  -284.5358109417576  -495.59389995339023  -156.17790643904266  -208.0607461520476  -57.098539972080914  -66.69115494419208  -763.1438361061175  -334.7475595918899  -232.55247014346685  13.643492586500145  -83.17655157738591  -263.64659201061556  107.46732168459029  -86.18455700861153  -448.7145342048154  -484.94336623716146  -409.8369744809467  -748.1134484904455  -143.79624089539118  -704.5366753301223  -812.789816206802  -134.4411901938717  -102.33981012388108  -854.8300144069399  -105.893277006917  -116.61035057205476  5.452086569291026  -361.89304734916726  -387.5313516141346  -1215.9569700957427  3.884141001778744  -68.3790468085354  -364.7086064427777  -1.1240618997065042  46.45369868084822  -302.31427377963206  -765.9256506863146  -83.35579899296289  -57.96939114165622  -324.78781623558274  -1160.925274260735  -74.12556569841655  -91.7025238246244  -669.7964010468627  -1022.3467390391099  -375.62905235470856  17.515302717337164  -103.23118152861156  -611.6716843700328  -40.180551750948354  29.220821741185432  66.07555376853196  91.63353339794  -1041.509589141457  -663.5913797908731  -453.60680210875825  
218.93465608046495  493.5513819184795  642.6949647695837  661.3268275551126  444.5742818522511  427.0103285730172  -7.142681331224821  197.47559668981182  351.63182386331573  497.5533249561029  662.2343947141815  626.4623995636033  -175.80917245406476  276.27037283790185  -319.5790250213878  622.4916901645381  0.0  536.1648118938456  533.5909070515911  96.70689567075624  -303.3490005695925  180.4416981706803  453.9024875298393  343.7983573414783  155.853515182009  277.54136027774007  493.85454627865494  706.8180634923336  -345.2283589062289  497.2626791793494  505.8535500398908  534.0812460353557  538.93912130646  19.35125151571208  343.41975325856924  -283.5593389709221  129.27015345554116  -23.94652411518348  150.26195155877417  -141.6034247013871  507.70257329575315  216.4660760856915  515.569900435965  647.3759239433859  507.8202353488906  337.9558792227806  126.89779021114794  466.3137837254955  414.43094401249056  565.3931501924573  555.8005352203461  -140.6521459415793  287.74413057264826  389.9392200210713  636.1351827510383  539.3151385871522  358.8450981539226  729.9590118491285  536.3071331559266  173.7771559597228  137.5483239273767  212.65471568359146  -125.62175832590742  478.695449269147  -82.04498516558408  -190.2981260422639  488.05049997066646  520.151880040657  -232.33832424240165  516.5984131576212  505.8813395924834  627.9437767338292  260.5986428153709  234.96033855040355  -593.4652799312045  626.3758311663169  554.1126433560028  257.7830837217605  621.3676282648316  668.9453888453863  320.1774163849061  -143.43396052177638  539.1358911715753  564.522299022882  297.70387392895543  -538.4335840961968  548.3661244661216  530.7891663399138  -47.30471088232446  -399.8550488745717  246.8626378098296  640.0069928818754  519.2605086359266  10.820005794505391  582.3111384135898  651.7125119057237  688.5672439330701  714.1252235624781  -419.0178989769187  -41.09968962633491  168.88488805577992  
-317.2301558133806  -42.613429975366046  106.53015287573817  125.16201566126708  -91.59053004159443  -109.15448332082832  -543.3074932250704  -338.6892152040337  -184.5329880305298  -38.6114869377426  126.069582820336  90.29758766975777  -711.9739843479103  -259.8944390559437  -855.7438369152333  86.32687827069265  -536.1648118938456  0.0  -2.5739048422544784  -439.4579162230893  -839.513812463438  -355.7231137231652  -82.26232436400625  -192.3664545523672  -380.3112967118365  -258.62345161610546  -42.31026561519059  170.6532515984881  -881.3931708000744  -38.90213271449613  -30.311261853954704  -2.0835658584898624  2.774309412614514  -516.8135603781334  -192.74505863527628  -819.7241508647676  -406.89465843830436  -560.111336009029  -385.90286033507135  -677.7682365952326  -28.46223859809237  -319.698735808154  -20.594911457880528  111.21111204954047  -28.34457654495492  -198.20893267106493  -409.2670216826976  -69.85102816835001  -121.73386788135497  29.22833829861173  19.635723326500568  -676.8169578354248  -248.42068132119726  -146.2255918727742  99.97037085719279  3.150326693306738  -177.31971373992292  193.79419995528292  0.1423212620811114  -362.38765593412273  -398.6164879664688  -323.51009621025406  -661.786570219753  -57.46936262469853  -618.2097970594295  -726.4629379361095  -48.11431192317906  -16.012931853188434  -768.5031361362471  -19.566398736224357  -30.28347230136211  91.77896483998367  -275.5661690784746  -301.204473343442  -1129.63009182505  90.21101927247139  17.94783146215724  -278.38172817208505  85.20281637098614  132.78057695154087  -215.98739550893941  -679.5987724156219  2.971079277729757  28.35748712903643  -238.4609379648901  -1074.5983959900423  12.201312572276095  -5.375645553931747  -583.4695227761699  -936.0198607684172  -289.3021740840159  103.84218098802981  -16.90430325791891  -525.3448060993401  46.14632651974429  115.54770001187808  152.4024320392246  177.96041166863264  -955.1827108707641  -577.2645015201804  -367.2799238380656  
