Height_Data

node	height
0	95.73068293636123
1	21.92653673762632
2	64.86065888385717
3	3.4221188651085983



height_matrix
0.0  73.80414619873491  30.870024052504064  92.30856407125263  16.842041308977272  74.2857683020421  91.9606565270782  87.54771128099671  83.77858810652496  49.1094953204435  45.15407910156754  
-73.80414619873491  0.0  -42.93412214623085  18.504417872517724  -56.96210488975764  0.48162210330719546  18.156510328343288  13.743565082261794  9.97444190779005  -24.694650878291412  -28.650067097167373  
-30.870024052504064  42.93412214623085  0.0  61.43854001874857  -14.027982743526792  43.415744249538044  61.090632474574136  56.677687228492644  52.9085640540209  18.239471267939436  14.284055049063475  
-92.30856407125263  -18.504417872517724  -61.43854001874857  0.0  -75.46652276227536  -18.02279576921053  -0.3479075441744346  -4.760852790255929  -8.529975964727672  -43.19906875080913  -47.15448496968509  
-16.842041308977272  56.96210488975764  14.027982743526792  75.46652276227536  0.0  57.443726993064836  75.11861521810093  70.70566997201944  66.93654679754769  32.26745401146623  28.312037792590267  
-74.2857683020421  -0.48162210330719546  -43.415744249538044  18.02279576921053  -57.443726993064836  0.0  17.674888225036092  13.261942978954599  9.492819804482854  -25.176272981598608  -29.13168920047457  
-91.9606565270782  -18.156510328343288  -61.090632474574136  0.3479075441744346  -75.11861521810093  -17.674888225036092  0.0  -4.412945246081494  -8.18206842055324  -42.8511612066347  -46.80657742551066  
-87.54771128099671  -13.743565082261794  -56.677687228492644  4.760852790255929  -70.70566997201944  -13.261942978954599  4.412945246081494  0.0  -3.769123174471744  -38.43821596055321  -42.39363217942917  
-83.77858810652496  -9.97444190779005  -52.9085640540209  8.529975964727672  -66.93654679754769  -9.492819804482854  8.18206842055324  3.769123174471744  0.0  -34.669092786081464  -38.624509004957424  
-49.1094953204435  24.694650878291412  -18.239471267939436  43.19906875080913  -32.26745401146623  25.176272981598608  42.8511612066347  38.43821596055321  34.669092786081464  0.0  -3.9554162188759605  
-45.15407910156754  28.650067097167373  -14.284055049063475  47.15448496968509  -28.312037792590267  29.13168920047457  46.80657742551066  42.39363217942917  38.624509004957424  3.9554162188759605  0.0  



slope_matrix
0.0  0.0008276791095518101  0.002497574761529455  0.0010632177386691159  0.0021564713583837737  0.0007569289930002965  0.0013188105051925743  0.0019673642984493643  0.0021071073467435857  0.005147745840717348  0.003377268444395478  
-0.0008293532554077414  0.0  -0.0005244182502287877  0.00011115700555963335  -0.0006306000762731943  4.3506965068400675e-05  0.00012916347960690964  0.00011206338078017787  0.00018609033410056064  -0.0002507580308518624  -0.000372514199677121  
-0.0025220607886032734  0.0005276406801798064  0.0  0.0006234883298026037  -0.0012952892653302671  0.0004805763080941991  0.0007500384588652442  0.0010081410037085137  0.0016554619541308167  0.0008579243305709989  0.0013056723079582701  
-0.001063340215081818  -0.00011151875100202931  -0.0006260295498140266  0.0  -0.0008073876405507153  -0.00010109150541956298  -3.965210213978056e-06  -0.00011100146398358426  -7.287463447012107e-05  -0.0005466852537434716  -0.00047544348628438286  
-0.0021731666205131966  0.000636021716053569  0.001325896289558298  0.0008049762427976039  0.0  0.0005830015628894951  0.0009798932326911156  0.0013747942829480738  0.0016671618131394194  0.001959165392317318  0.0015986469673964013  
-0.0007570832778104799  -4.362519051695611e-05  -0.0004770908478976939  0.00010086012037097856  -0.0005775502658636535  0.0  0.00011747233965862084  0.00010047611563632822  0.00014953796891168782  -0.00023395631470387421  -0.0003385791564541854  
-0.0013152267809936813  -0.00012901662991788025  -0.000751884707379374  3.973361628305557e-06  -0.00098091688715201  -0.00011752701792031446  0.0  -7.666687362893493e-05  -8.615424260875266e-05  -0.0006897016128542524  -0.0005700472223299313  
-0.0019726838954708587  -0.0001113641821414768  -0.00101737008128689  0.00011066603417610249  -0.0013852991765677788  -9.978813537110028e-05  7.64941106965071e-05  0.0  -5.057189285484696e-05  -0.0010505115047978466  -0.0007470243555846549  
-0.0021410321519684376  -0.0001859515642764737  -0.001652876102905995  7.247834110568164e-05  -0.001653979411849461  -0.00015115714406590427  8.650949905427404e-05  5.024157790551512e-05  0.0  -0.0007130623773361058  -0.001427893124028001  
-0.004950553963754385  0.00025183205056385287  -0.0008583280596677382  0.000545442787257691  -0.0019461673107036325  0.0002352241218114248  0.0006899237032142119  0.0010422509750692302  0.0007126226677509037  0.0  -0.0001774524997252562  
-0.00362101676836949  0.00037529561300979006  -0.0012442556662947278  0.0004751560355671614  -0.0015694034253098817  0.00034147635358247554  0.0005697696582533251  0.0007447932568416931  0.001434255811546878  0.00018011913565008927  0.0  
