Height_Data

node	height
0	17.934209307252026
1	33.402525943489415
2	7.3054416800093795
3	7.843699498360164




height_matrix
0.0  -15.46831663623739  10.628767627242645  10.090509808891863  8.111466790810043  11.150357638892821  12.895375762060457  -13.961856127995748  10.493062474224976  -3.7631747096954165  2.5790289422169774  
15.46831663623739  0.0  26.097084263480035  25.558826445129252  23.57978342704743  26.61867427513021  28.363692398297847  1.5064605082416413  25.961379110462367  11.705141926541973  18.04734557845437  
-10.628767627242645  -26.097084263480035  0.0  -0.5382578183507842  -2.517300836432603  0.5215900116501748  2.26660813481781  -24.590623755238393  -0.13570515301767028  -14.391942336938062  -8.04973868502567  
-10.090509808891863  -25.558826445129252  0.5382578183507842  0.0  -1.9790430180818186  1.059847830000959  2.804865953168594  -24.05236593688761  0.40255266533311396  -13.85368451858728  -7.5114808666748845  
-8.111466790810043  -23.57978342704743  2.517300836432603  1.9790430180818186  0.0  3.0388908480827777  4.783908971250413  -22.073322918805793  2.3815956834149326  -11.87464150050546  -5.532437848593066  
-11.150357638892821  -26.61867427513021  -0.5215900116501748  -1.059847830000959  -3.0388908480827777  0.0  1.7450181231676352  -25.11221376688857  -0.6572951646678451  -14.913532348588237  -8.571328696675844  
-12.895375762060457  -28.363692398297847  -2.26660813481781  -2.804865953168594  -4.783908971250413  -1.7450181231676352  0.0  -26.857231890056205  -2.4023132878354803  -16.658550471755873  -10.316346819843478  
13.961856127995748  -1.5064605082416413  24.590623755238393  24.05236593688761  22.073322918805793  25.11221376688857  26.857231890056205  0.0  24.454918602220722  10.198681418300332  16.540885070212724  
-10.493062474224976  -25.961379110462367  0.13570515301767028  -0.40255266533311396  -2.3815956834149326  0.6572951646678451  2.4023132878354803  -24.454918602220722  0.0  -14.256237183920392  -7.914033532007998  
3.7631747096954165  -11.705141926541973  14.391942336938062  13.85368451858728  11.87464150050546  14.913532348588237  16.658550471755873  -10.198681418300332  14.256237183920392  0.0  6.342203651912394  
-2.5790289422169774  -18.04734557845437  8.04973868502567  7.5114808666748845  5.532437848593066  8.571328696675844  10.316346819843478  -16.540885070212724  7.914033532007998  -6.342203651912394  0.0  



slope_matrix
0.0  -0.00016666648676045027  0.0002021831391904631  0.00021216378908519475  0.0002388535568554194  0.00017840572222228515  0.00016202256265938507  -0.00014118572280307157  0.00020554480850587612  -0.00023258187328154613  8.221322735788898e-05  
0.00016650502299502034  0.0  0.0005664659054369445  0.0004672545968030942  0.00022173954699123032  0.00025003451319866813  0.00020374752099919436  0.00017216691522761615  0.00018521352008605527  0.00010782186741471972  0.00014535555395018017  
-0.0002010358923253763  -0.0005699297720786206  0.0  -1.621746967010498e-05  -3.459256336996843e-05  5.677479173290245e-06  1.9880783570018507e-05  -0.0005238735354758925  -1.3861609092714022e-06  -0.00021375229967233122  -9.625419927090361e-05  
-0.00021229770269076085  -0.0004702635960465364  1.6291096197057634e-05  0.0  -3.7389817080706945e-05  1.722769554617944e-05  3.258819511059131e-05  -0.0004105199852686058  4.207281201224017e-06  -0.00021923855861033834  -9.750104967127316e-05  
-0.00023857255267088363  -0.00022199005297540418  3.461158856637705e-05  3.727713351067656e-05  0.0  8.020297830780621e-05  9.575478325160954e-05  -0.00019983091543369357  3.5530295142696294e-05  -0.00029356344871459727  -0.00013431507279905477  
-0.00017826311173289882  -0.00025062305126758507  -5.687384272709353e-06  -1.723610066679068e-05  -8.026653058855726e-05  0.0  5.2027970279297414e-05  -0.00022049533555965027  -6.371608808335063e-06  -0.00019739950163584694  -0.00011197032915317889  
-0.00016157593988297777  -0.00020408470570080478  -1.9973635308581337e-05  -3.2603347125056305e-05  -9.575478325160954e-05  -5.201246268755991e-05  0.0  -0.00018752431147923618  -2.1263173020317582e-05  -0.00019068853561991612  -0.00011938834417131672  
0.00014144317827976646  -0.0001685078868279241  0.0005194470586235402  0.00040919302376467526  0.0001999033048252653  0.00022005094432955282  0.00018743270214290045  0.0  0.00016974213132567084  9.011824174516507e-05  0.00012775843879055167  
-0.00020506278042261043  -0.00018541193479833142  1.3895674075124952e-06  -4.199381027885603e-06  -3.567933608112258e-05  6.371608808335063e-06  2.1257528429656494e-05  -0.0001688758967075528  0.0  -0.00040512182960842263  -0.00027517501849819186  
0.00023229473516638374  -0.00010792127905718212  0.00021502976747255433  0.00021916919029563801  0.0002959781032030274  0.00019734725881418867  0.00019163177811751838  -9.005458206004708e-05  0.00040627635177886554  0.0  0.000343007228334905  
-8.216084556282184e-05  -0.0001454375499915736  9.657754871056592e-05  9.731158008388242e-05  0.00013321545505882654  0.0001117659238059179  0.00011916768880493794  -0.00012756138713821796  0.0002770050238714735  -0.0003398822964583276  0.0  
