Height_Data

node	height
0	6.515805185413024
1	34.195229463264695
2	34.22397450188833
3	10.62425853423367



height_matrix
0.0  -27.679424277851673  -27.708169316475306  -4.108453348820646  -0.9941868974710086  -2.691756953409099  -3.2380385115951658  0.6999895422525935  -5.235361500735374  0.7822299080743509  -2.9229459540373366  
27.679424277851673  0.0  -0.02874503862363298  23.570970929031027  26.685237380380663  24.987667324442572  24.441385766256506  28.379413820104265  22.444062777116297  28.461654185926022  24.756478323814335  
27.708169316475306  0.02874503862363298  0.0  23.59971596765466  26.713982419004296  25.016412363066205  24.47013080488014  28.408158858727898  22.47280781573993  28.490399224549655  24.785223362437968  
4.108453348820646  -23.570970929031027  -23.59971596765466  0.0  3.1142664513496374  1.416696395411547  0.8704148372254803  4.8084428910732395  -1.1269081519147282  4.890683256894997  1.1855073947833095  
0.9941868974710086  -26.685237380380663  -26.713982419004296  -3.1142664513496374  0.0  -1.6975700559380904  -2.243851614124157  1.694176439723602  -4.241174603264366  1.7764168055453595  -1.928759056566328  
2.691756953409099  -24.987667324442572  -25.016412363066205  -1.416696395411547  1.6975700559380904  0.0  -0.5462815581860667  3.3917464956616925  -2.543604547326275  3.47398686148345  -0.23118900062823755  
3.2380385115951658  -24.441385766256506  -24.47013080488014  -0.8704148372254803  2.243851614124157  0.5462815581860667  0.0  3.9380280538477592  -1.9973229891402084  4.020268419669517  0.31509255755782917  
-0.6999895422525935  -28.379413820104265  -28.408158858727898  -4.8084428910732395  -1.694176439723602  -3.3917464956616925  -3.9380280538477592  0.0  -5.935351042987968  0.08224036582175742  -3.62293549628993  
5.235361500735374  -22.444062777116297  -22.47280781573993  1.1269081519147282  4.241174603264366  2.543604547326275  1.9973229891402084  5.935351042987968  0.0  6.017591408809725  2.3124155466980376  
-0.7822299080743509  -28.461654185926022  -28.490399224549655  -4.890683256894997  -1.7764168055453595  -3.47398686148345  -4.020268419669517  -0.08224036582175742  -6.017591408809725  0.0  -3.7051758621116875  
2.9229459540373366  -24.756478323814335  -24.785223362437968  -1.1855073947833095  1.928759056566328  0.23118900062823755  -0.31509255755782917  3.62293549628993  -2.3124155466980376  3.7051758621116875  0.0  



slope_matrix
0.0  -0.0004850933101621394  -0.00042315469328764975  -0.0001084883377032122  -9.961792559829747e-06  -3.288244506974223e-05  -5.465966427405749e-05  7.504176053308249e-06  -0.000138282131556666  9.051491646312785e-06  0.0  
0.0004823880146018068  0.0  -3.2045750973949807e-06  0.00029496897671168847  0.00021905285115358323  0.00023423010240384862  0.0004542164238293348  0.0007278639092101632  0.0004968798489509917  0.00022556391017535286  0.00024443600240732955  
0.0004208409677471948  3.218929297159348e-06  0.0  0.0002670557425331522  0.00020504895125923424  0.00021726951852584858  0.00042608620590075115  0.0008502891008299281  0.0004190342684269985  0.00021144722595034627  0.00022585404922943292  
0.00010976364811169239  -0.0002965274994217012  -0.000268453144894263  0.0  3.707901477973137e-05  2.267076964972871e-05  1.1619474532445338e-05  4.1320296391451744e-05  -2.105189897094579e-05  9.9122076548338e-05  5.342529944945063e-05  
9.90521966196083e-06  -0.00021882113473046874  -0.0002049089700008  -3.7211930354279334e-05  0.0  -7.591994883444053e-05  -2.8485757628113863e-05  1.2038488166869908e-05  -5.513747534145041e-05  2.8941296929706086e-05  -2.1761920981229018e-05  
3.282630430986706e-05  -0.00023374805729132434  -0.0002169303881639456  -2.2853627930497614e-05  7.531366707799869e-05  0.0  -7.772930537650352e-06  2.6274277602151156e-05  -3.9937267189924246e-05  8.316942450283577e-05  -3.4885921326126083e-06  
5.443911418283735e-05  -0.00045236693996402935  -0.0004257155672386941  -1.1630342560468738e-05  2.8388451741806875e-05  7.857792007969775e-06  0.0  6.536146147465161e-05  -9.195778034715509e-05  4.035603713781888e-05  3.2987076796255146e-06  
-7.479319823192579e-06  -0.0007287985059092004  -0.0008487648299590051  -4.1125922776883676e-05  -1.2248239153583012e-05  -2.6799302278440375e-05  -6.537231165085922e-05  0.0  -8.476651018263307e-05  5.290810976695665e-07  -2.6198101788198207e-05  
0.00013651529336989243  -0.0004984246674909238  -0.000420445422184096  2.098134708461605e-05  5.498735386055187e-05  4.0094649232759695e-05  9.145251781777511e-05  8.483920873339005e-05  0.0  7.244872873597069e-05  3.108503221801368e-05  
-9.083022620463898e-06  -0.0002232461697852853  -0.00020962695331138  -0.00010001397253364002  -2.8772543011748615e-05  -8.297078723390136e-05  -4.008643353943082e-05  -5.167475075196822e-07  -7.244872873597069e-05  0.0  -9.126048921457359e-05  
4.986260583482321e-05  -0.00024589271279116344  -0.00022717894924324445  -5.521692570020072e-05  2.1644698199599686e-05  3.472870671897815e-06  -3.3111870277199367e-06  2.6337129225719178e-05  -3.1342037770371885e-05  9.128297270538772e-05  0.0  
