Height_Data

node	height
0	15.740332836053849
1	7.48071886641044
2	149.86471895599817
3	6.0922862630099175



height_matrix
0.0  8.259613969643409  -134.12438611994432  9.648046573043931  9.73924391657445  1.3398414636839888  8.07651400085079  8.284268852163986  -11.22400996312777  -7.574612099262229  -125.12538445880239  
-8.259613969643409  0.0  -142.38400008958774  1.3884326034005223  1.4796299469310412  -6.91977250595942  -0.1830999687926198  0.02465488252057746  -19.48362393277118  -15.834226068905638  -133.3849984284458  
134.12438611994432  142.38400008958774  0.0  143.77243269298825  143.86363003651877  135.46422758362831  142.2009001207951  142.4086549721083  122.90037615681655  126.5497740206821  8.999001661141932  
-9.648046573043931  -1.3884326034005223  -143.77243269298825  0.0  0.09119734353051889  -8.308205109359942  -1.5715325721931421  -1.3637777208799449  -20.8720565361717  -17.22265867230616  -134.77343103184631  
-9.73924391657445  -1.4796299469310412  -143.86363003651877  -0.09119734353051889  0.0  -8.399402452890461  -1.662729915723661  -1.4549750644104638  -20.963253879702222  -17.313856015836677  -134.86462837537684  
-1.3398414636839888  6.91977250595942  -135.46422758362831  8.308205109359942  8.399402452890461  0.0  6.7366725371668  6.944427388479998  -12.563851426811759  -8.914453562946218  -126.46522592248638  
-8.07651400085079  0.1830999687926198  -142.2009001207951  1.5715325721931421  1.662729915723661  -6.7366725371668  0.0  0.20775485131319726  -19.30052396397856  -15.651126100113018  -133.2018984596532  
-8.284268852163986  -0.02465488252057746  -142.4086549721083  1.3637777208799449  1.4549750644104638  -6.944427388479998  -0.20775485131319726  0.0  -19.508278815291757  -15.858880951426215  -133.40965331096638  
11.22400996312777  19.48362393277118  -122.90037615681655  20.8720565361717  20.963253879702222  12.563851426811759  19.30052396397856  19.508278815291757  0.0  3.6493978638655413  -113.90137449567462  
7.574612099262229  15.834226068905638  -126.5497740206821  17.22265867230616  17.313856015836677  8.914453562946218  15.651126100113018  15.858880951426215  -3.6493978638655413  0.0  -117.55077235954016  
125.12538445880239  133.3849984284458  -8.999001661141932  134.77343103184631  134.86462837537684  126.46522592248638  133.2018984596532  133.40965331096638  113.90137449567462  117.55077235954016  0.0  



slope_matrix
0.0  0.00017739720725179142  -0.005982354421050148  0.00010611577841007404  0.00010787820022789599  2.0129829682752236e-05  0.00028538918730921516  0.00012698143550220702  -0.00013508256063458625  -8.23775105955653e-05  -0.005483145681805538  
-0.00017777903507626796  0.0  -0.004006302759977145  1.0567262374613915e-05  1.3133587315205407e-05  -9.616003815899474e-05  -3.607881158475267e-06  2.3329752574354143e-07  -0.0002245433206496621  -0.0001639153837360832  -0.0038186372295575667  
0.005990370081283802  0.004046149476828296  0.0  0.0014738332413427805  0.0018289299521550822  0.0029642062928583878  0.002906210916018702  0.001981475650091948  0.0019912569046794644  0.0017686900631821397  0.0023806882701433683  
-0.00010591773600882569  -1.0549598080696925e-05  -0.0014702161028018023  0.0  1.4950384185330966e-06  -8.752849883438625e-05  -1.5671445674044096e-05  -5.2614881206787995e-05  -0.00020913884304781265  -0.00016993249800006078  -0.0013296510559574419  
-0.00010765164050596275  -1.306401153921103e-05  -0.0018153139436784703  -1.5197024417683534e-06  0.0  -0.00017350194073434676  -1.4635418675500933e-05  -2.5584228317398693e-05  -0.00042634236078304295  -0.00038449602522399906  -0.0016284065246966535  
-2.0166186991029333e-05  9.5351759049199e-05  -0.0029785450216277113  8.733527919016022e-05  0.00017491466998938903  0.0  7.242176453630188e-05  8.7549513218356e-05  -0.000653686338543796  -0.00030686587135787325  -0.002585143620655895  
-0.00028865310939423834  3.599370332074303e-06  -0.0029422905052926772  1.5746819360652726e-05  1.4621262009529203e-05  -7.305714651361335e-05  0.0  2.8029526620776747e-06  -0.00017932123611207328  -0.0001332452992917906  -0.002893806179875151  
-0.00012711782802154344  -2.3327545198767583e-07  -0.001981475650091948  5.310660906853368e-05  2.5120425835816018e-05  -8.74172631983887e-05  -2.793906015508301e-06  0.0  -0.00023029487445746377  -0.0001787721897353874  -0.0017684206430403815  
0.00013511508322051004  0.00022542663349266667  -0.001988035848541193  0.00020795114612106905  0.00043001546419901994  0.0006519902141573305  0.00017680787061293465  0.00022926640986357689  0.0  0.00030953332178672955  -0.001765611670810786  
8.283696521502874e-05  0.00016495703790921594  -0.001762040852418297  0.00017006673913603398  0.00038518033405643334  0.000304559397435812  0.0001334850840094927  0.00017715461295158863  -0.00031218116885077345  0.0  -0.0015776297776105563  
0.005483145681805538  0.0038450561668620874  -0.0022898223056340796  0.0013325433165102462  0.0016396915303997185  0.00262370544018768  0.002850457916962405  0.0017679519389208372  0.001790310974295824  0.001600397167629306  0.0  
