Height_Data

node	height
0	17.393796456470987
1	16.950156267342376
2	86.27597922647591
3	35.61536494974943




height_matrix
0.0  0.4436401891286117  -68.88218277000493  -18.22156849327844  4.002170968324579  -0.8172158566100478  -64.6559454333565  -16.61879935095837  7.583883304827758  13.931036169134641  0.17024276467274646  
-0.4436401891286117  0.0  -69.32582295913353  -18.66520868240705  3.5585307791959675  -1.2608560457386595  -65.0995856224851  -17.06243954008698  7.140243115699146  13.48739598000603  -0.27339742445586523  
68.88218277000493  69.32582295913353  0.0  50.660614276726484  72.88435373832951  68.06496691339487  4.226237336648438  52.263383419046555  76.46606607483268  82.81321893913956  69.05242553467767  
18.22156849327844  18.66520868240705  -50.660614276726484  0.0  22.223739461603017  17.404352636668392  -46.434376940078046  1.6027691423200707  25.805451798106198  32.15260466241308  18.391811257951186  
-4.002170968324579  -3.5585307791959675  -72.88435373832951  -22.223739461603017  0.0  -4.819386824934627  -68.65811640168107  -20.620970319282947  3.5817123365031787  9.928865200810062  -3.8319282036518327  
0.8172158566100478  1.2608560457386595  -68.06496691339487  -17.404352636668392  4.819386824934627  0.0  -63.83872957674644  -15.801583494348321  8.401099161437806  14.748252025744689  0.9874586212827943  
64.6559454333565  65.0995856224851  -4.226237336648438  46.434376940078046  68.65811640168107  63.83872957674644  0.0  48.03714608239812  72.23982873818424  78.58698160249112  64.82618819802923  
16.61879935095837  17.06243954008698  -52.263383419046555  -1.6027691423200707  20.620970319282947  15.801583494348321  -48.03714608239812  0.0  24.202682655786127  30.549835520093012  16.789042115631116  
-7.583883304827758  -7.140243115699146  -76.46606607483268  -25.805451798106198  -3.5817123365031787  -8.401099161437806  -72.23982873818424  -24.202682655786127  0.0  6.347152864306883  -7.413640540155011  
-13.931036169134641  -13.48739598000603  -82.81321893913956  -32.15260466241308  -9.928865200810062  -14.748252025744689  -78.58698160249112  -30.549835520093012  -6.347152864306883  0.0  -13.760793404461895  
-0.17024276467274646  0.27339742445586523  -69.05242553467767  -18.391811257951186  3.8319282036518327  -0.9874586212827943  -64.82618819802923  -16.789042115631116  7.413640540155011  13.760793404461895  0.0  



slope_matrix
0.0  8.819884475717926e-06  -0.0028736830525659127  -0.0005306222624717076  8.250197832044072e-05  -9.533549423822304e-06  -0.0026984952184205546  -0.0006012590213805488  0.000146602294655579  0.0001920727446454521  1.8258554769706828e-06  
-8.616045623006636e-06  0.0  -0.0019235799933166908  -0.0009671092581558058  0.00010865742837239596  -1.0958248268196241e-05  -0.0016547937372263623  -0.0005345375795766599  0.0001573780717588527  0.00011761819448688883  -2.1980818817805536e-06  
0.002813814655637456  0.0019294690497949772  0.0  0.002271776424965313  0.0023174675274508587  0.0008226367768116373  0.0007274074589756349  0.0026027581383987327  0.0015953696239272414  0.0009851679626354931  0.0007500806597292816  
0.0005218089488338614  0.0009676106108038907  -0.0022779053181981334  0.0  0.0007502950527212362  0.00016994778475410988  -0.0017358645585075906  0.00012105507117221078  0.0007891575473426972  0.000324770503958678  0.00016460942681420556  
-8.139456921546835e-05  -0.00010763855956430634  -0.0023204187754960045  -0.0007455128970681992  0.0  -4.577250284865255e-05  -0.001978050025977559  -0.0005756831468253196  5.906517705315268e-05  8.944843020162037e-05  -3.289491118252067e-05  
9.467282861562185e-06  1.0805176499602876e-05  -0.000812813075153987  -0.0001686468278746937  4.558633016396734e-05  0.0  -0.0007933233450571199  -0.00015716713242837002  6.543421731784255e-05  0.00025133353827104104  8.008585736275703e-05  
0.002614474138024929  0.0016278966147158062  -0.0007286616097669721  0.0017352158796740676  0.0019334868037646036  0.0008066556681418554  0.0  0.0019575039153381466  0.0013788858319943548  0.0009885154918552342  0.0007328305245085827  
0.0005971541268759745  0.0005358806388218273  -0.002605353111617475  -0.00012160615647344997  0.0005813636966248364  0.00015842774708590656  -0.001955113800667404  0.0  0.0007827517029685034  0.00031779710309053376  0.0001539431699581067  
-0.00014762966079748802  -0.00015727407743830718  -0.0015957025474714667  -0.0007886751772037346  -5.922143413530388e-05  -6.583933512098594e-05  -0.0013778338496697358  -0.0007819929775698264  0.0  5.163561335079874e-05  -5.4145782501862485e-05  
-0.00019128156211910808  -0.00011793805508924475  -0.0009811992765300895  -0.0003247409823493898  -8.940896173624549e-05  -0.0002522362241447698  -0.0009873976831573203  -0.00031842646987797596  -5.174548441890155e-05  0.0  -0.00020852846498654182  
-1.815341913763558e-06  2.1770777548643512e-06  -0.0007454650279032459  -0.0001640807499148112  3.274032983297875e-05  -7.874470664137115e-05  -0.0007254497336395393  -0.00015342266394618583  5.400379181348347e-05  0.00020805553983159806  0.0  
