Height_Data

node	height
0	20.61747958549217
1	15.110087592067572
2	23.493232253518183
3	13.8829107127734



height_matrix
0.0  5.507391993424598  -2.8757526680260135  6.73456887271877  15.96882829600118  -9.63505682352655  -44.64524593726264  0.16087767175499934  6.548234210243372  -41.55239584941389  9.920894845091174  
-5.507391993424598  0.0  -8.383144661450611  1.2271768792941717  10.461436302576582  -15.142448816951148  -50.152637930687234  -5.3465143216695985  1.040842216818774  -47.05978784283849  4.413502851666577  
2.8757526680260135  8.383144661450611  0.0  9.610321540744783  18.844580964027195  -6.759304155500537  -41.76949326923662  3.036630339781013  9.423986878269385  -38.676643181387874  12.796647513117188  
-6.73456887271877  -1.2271768792941717  -9.610321540744783  0.0  9.23425942328241  -16.369625696245322  -51.379814809981404  -6.57369120096377  -0.18633466247539765  -48.28696472213266  3.186325972372405  
-15.96882829600118  -10.461436302576582  -18.844580964027195  -9.23425942328241  0.0  -25.60388511952773  -60.614074233263814  -15.80795062424618  -9.420594085757807  -57.52122414541507  -6.047933450910005  
9.63505682352655  15.142448816951148  6.759304155500537  16.369625696245322  25.60388511952773  0.0  -35.01018911373609  9.79593449528155  16.183291033769923  -31.91733902588734  19.555951668617723  
44.64524593726264  50.152637930687234  41.76949326923662  51.379814809981404  60.614074233263814  35.01018911373609  0.0  44.80612360901763  51.19348014750601  3.0928500878487455  54.56614078235381  
-0.16087767175499934  5.3465143216695985  -3.036630339781013  6.57369120096377  15.80795062424618  -9.79593449528155  -44.80612360901763  0.0  6.387356538488373  -41.71327352116889  9.760017173336175  
-6.548234210243372  -1.040842216818774  -9.423986878269385  0.18633466247539765  9.420594085757807  -16.183291033769923  -51.19348014750601  -6.387356538488373  0.0  -48.10063005965726  3.3726606348478025  
41.55239584941389  47.05978784283849  38.676643181387874  48.28696472213266  57.52122414541507  31.91733902588734  -3.0928500878487455  41.71327352116889  48.10063005965726  0.0  51.47329069450507  
-9.920894845091174  -4.413502851666577  -12.796647513117188  -3.186325972372405  6.047933450910005  -19.555951668617723  -54.56614078235381  -9.760017173336175  -3.3726606348478025  -51.47329069450507  0.0  



slope_matrix
0.0  0.00013383698647447383  -0.00011198413816300676  0.00012425403824204372  0.00016742323648564876  -0.0006055975376195193  -0.000501857530769589  2.1705028569212e-06  0.00025175833180482015  -0.00047121710855415445  0.00015015733078691047  
-0.00013544987686730443  0.0  -0.0001612763497778109  3.7413929246773526e-05  0.00010475053872610975  -0.0003587407916832776  -0.0006628685954359931  -8.369621668236692e-05  4.274506023896403e-05  -0.0006529733293026015  0.00016813344196825054  
0.00011498411307581021  0.0001618992789001663  0.0  0.0001562145894139269  0.00025448455049327745  -0.0005243835652056274  -0.0006029954275911162  5.774159231376712e-05  0.00021962215982916303  -0.0005269297436156386  0.00016684025440830754  
-0.0001240937695360009  -3.747104974944036e-05  -0.00015611308545719271  0.0  0.0001198787410526082  -0.00031522483528298326  -0.001196827738410934  -0.00020594270679711059  -3.765858174522992e-06  -0.001222454803091966  0.00010801104991092898  
-0.0001682168787106413  -0.00010458298812932702  -0.00025441583588534084  -0.0001200345693914261  0.0  -0.0003150859601221724  -0.001090181191245752  -0.000342905653454364  -8.414249808643987e-05  -0.0009322726765869542  -5.686820358166436e-05  
0.0006086580431791883  0.00035545654499885326  0.0005247906953028367  0.00031275555399780895  0.00031590234570669625  0.0  -0.0004488485783812319  0.00015975105178215183  0.00047978923906818625  -0.00038861973731751297  0.00028963198561341417  
0.0005030393565961244  0.0006625183346193822  0.0006027343906094751  0.0011940463585866001  0.0010978821632541898  0.00044861851760297396  0.0  0.0026050071865707926  0.0005653614593871453  0.00047436351040624933  0.0007931125113714217  
-2.1935870160212618e-06  8.427670746641864e-05  -5.7862620803754055e-05  0.0002065250141678847  0.0003404684605695925  -0.00016001199763609195  -0.0026156522830716655  0.0  8.457834399481426e-05  -0.001962054257816034  0.00015934721915650897  
-0.00025195206657342717  -4.274506023896403e-05  -0.00021525780900569634  3.762056581372858e-06  8.431570827671894e-05  -0.00047583919534754254  -0.0005653614593871453  -8.433267148783169e-05  0.0  -0.0005406995285483056  6.894236784235082e-05  
0.00046999124373000976  0.0006559769702096248  0.0005267862051401235  0.001224625024654645  0.0009369803574754043  0.00038847783624497737  -0.0004721908531066787  0.0019565325291355014  0.0005414908258432653  0.0  0.0008041445195204666  
-0.00015160291633696781  -0.00016813344196825054  -0.00016670984253670126  -0.00010863709418248909  5.701832234288682e-05  -0.00029192344631463984  -0.0007935738915409223  -0.0001595295386292281  -6.894236784235082e-05  -0.0008032660844960217  0.0  
