Height_Data

node	height
0	6.088682952294485
1	6.564493608183031
2	18.068158961967466
3	12.577350112570734



height_matrix
0.0  -0.4758106558885453  -11.97947600967298  -6.488667160276249  -23.903475961165675  -9.665011360794654  -10.585121182396696  -10.331143679315632  0.9954192236957429  -8.842191324143988  -24.817068424412398  
0.4758106558885453  0.0  -11.503665353784434  -6.012856504387703  -23.42766530527713  -9.18920070490611  -10.10931052650815  -9.855333023427086  1.4712298795842882  -8.366380668255442  -24.34125776852385  
11.97947600967298  11.503665353784434  0.0  5.490808849396732  -11.923999951492696  2.3144646488783263  1.3943548272762847  1.6483323303573485  12.974895233368724  3.137284685528993  -12.837592414739415  
6.488667160276249  6.012856504387703  -5.490808849396732  0.0  -17.41480880088943  -3.1763442005184057  -4.096454022120447  -3.8424765190393835  7.4840863839719916  -2.353524163867739  -18.328401264136147  
23.903475961165675  23.42766530527713  11.923999951492696  17.41480880088943  0.0  14.238464600371023  13.318354778768981  13.572332281850045  24.89889518486142  15.06128463702169  -0.9135924632467187  
9.665011360794654  9.18920070490611  -2.3144646488783263  3.1763442005184057  -14.238464600371023  0.0  -0.9201098216020416  -0.6661323185209778  10.660430584490397  0.8228200366506666  -15.152057063617741  
10.585121182396696  10.10931052650815  -1.3943548272762847  4.096454022120447  -13.318354778768981  0.9201098216020416  0.0  0.2539775030810638  11.580540406092439  1.7429298582527082  -14.2319472420157  
10.331143679315632  9.855333023427086  -1.6483323303573485  3.8424765190393835  -13.572332281850045  0.6661323185209778  -0.2539775030810638  0.0  11.326562903011375  1.4889523551716444  -14.485924745096764  
-0.9954192236957429  -1.4712298795842882  -12.974895233368724  -7.4840863839719916  -24.89889518486142  -10.660430584490397  -11.580540406092439  -11.326562903011375  0.0  -9.83761054783973  -25.81248764810814  
8.842191324143988  8.366380668255442  -3.137284685528993  2.353524163867739  -15.06128463702169  -0.8228200366506666  -1.7429298582527082  -1.4889523551716444  9.83761054783973  0.0  -15.974877100268408  
24.817068424412398  24.34125776852385  12.837592414739415  18.328401264136147  0.9135924632467187  15.152057063617741  14.2319472420157  14.485924745096764  25.81248764810814  15.974877100268408  0.0  



slope_matrix
0.0  -5.2425149392744085e-06  -0.00026497403250769696  -0.00018170448502593807  -0.0002472176642999863  -0.0001088157099841776  -0.00014616295474173841  -0.0001636487197737309  1.3493550544879258e-05  -9.26951601231155e-05  -0.0003295759418912669  
5.2436704417957384e-06  0.0  -0.0001035247062075633  -6.890736310322832e-05  -0.0001616927690335919  -0.00025377521968810026  -8.325216607517211e-05  -8.414012655534096e-05  4.612005892113756e-05  -0.00017243158838119212  -0.00016911872277165183  
0.000266447420143972  0.00010367398480339253  0.0  0.00022457295907553097  -0.00029268532036064545  2.55685445081565e-05  3.713328434823661e-05  8.492180991021888e-05  0.00012466271361806998  3.3375368994989286e-05  -0.00041040896466558235  
0.00018339929791623088  6.873407069487543e-05  -0.00022475680922622726  0.0  -0.00027572528183802134  -4.567650561573779e-05  -0.0001053343795865376  -0.00011874154879602545  8.693328358661856e-05  -3.123456090069992e-05  -0.0002988488710930401  
0.00024584465659946187  0.00016171509149773682  0.000293694580086027  0.0002761625245938698  0.0  0.0001264741925774651  0.0005196392812629333  0.000279036436715667  0.00016895497852250404  0.00013619029421305443  -8.956788855359987e-05  
0.00010895064097389983  0.0002534951918594789  -2.5591161531162387e-05  4.572911316611583e-05  -0.00012665419498639942  0.0  -1.0335989907908803e-05  -7.862751635044592e-06  0.00018386392867351497  5.6357536756894976e-05  -0.00013594165677030092  
0.0001450612742551281  8.309477664399269e-05  -3.768526560206175e-05  0.00010557871191032081  -0.0005188295589703538  1.0295511039521558e-05  0.0  1.0417452956565373e-05  9.406661039795662e-05  1.877145781639966e-05  -0.0006069060657575992  
0.0001645086573139432  8.404684481858336e-05  -8.58506422061119e-05  0.00011640340863494042  -0.00027961129546456626  7.839617730033869e-06  -1.0464668441741401e-05  0.0  9.654417748901615e-05  1.6833831036423338e-05  -0.00031012470017334113  
-1.3431645171984116e-05  -4.633794896328467e-05  -0.00012445942669898056  -8.743091570060738e-05  -0.00016890913224924646  -0.0001835157614820175  -9.404369340663016e-05  -9.662653901221101e-05  0.0  -0.00013733925098198703  -0.00017730792449586577  
9.273404639899306e-05  0.00017158286850400822  -3.341091251894561e-05  3.11766348372995e-05  -0.00013578511212605202  -5.7459499766108e-05  -1.8846559885950565e-05  -1.6885374860191023e-05  0.00013697591963018283  0.0  -0.00013900867647292386  
0.0003304976484806552  0.0001690247744498566  0.00041027780168550386  0.0002996795497733183  8.725811492327781e-05  0.00013562528699980077  0.0006100277429068024  0.00030999196972173685  0.00017745419804831664  0.00013867080816205214  0.0  
