Height_Data

node	height
0	5.894109060940493
1	261.62086308180614
2	10.90101286334102
3	24.91999028586347


height_matrix
0.0  -255.72675402086566  -5.006903802400527  -19.025881224922976  -24.351383300068477  -355.96382580828174  -323.54337299368115  -35.00318778571096  -254.43557845547895  -30.371142518206256  -0.7839988127315429  
255.72675402086566  0.0  250.71985021846513  236.70087279594267  231.37537072079715  -100.23707178741608  -67.81661897281549  220.7235662351547  1.291175565386709  225.35561150265937  254.9427552081341  
5.006903802400527  -250.71985021846513  0.0  -14.01897742252245  -19.34447949766795  -350.9569220058812  -318.5364691912806  -29.996283983310438  -249.42867465307842  -25.36423871580573  4.222904989668984  
19.025881224922976  -236.70087279594267  14.01897742252245  0.0  -5.325502075145501  -336.9379445833587  -304.51749176875813  -15.977306560787987  -235.40969723055596  -11.34526129328328  18.241882412191433  
24.351383300068477  -231.37537072079715  19.34447949766795  5.325502075145501  0.0  -331.61244250821323  -299.19198969361264  -10.651804485642486  -230.08419515541044  -6.019759218137779  23.567384487336934  
355.96382580828174  100.23707178741608  350.9569220058812  336.9379445833587  331.61244250821323  0.0  32.420452814600594  320.9606380225708  101.5282473528028  325.59268329007546  355.1798269955502  
323.54337299368115  67.81661897281549  318.5364691912806  304.51749176875813  299.19198969361264  -32.420452814600594  0.0  288.5401852079702  69.1077945382022  293.17223047547486  322.7593741809496  
35.00318778571096  -220.7235662351547  29.996283983310438  15.977306560787987  10.651804485642486  -320.9606380225708  -288.5401852079702  0.0  -219.43239066976798  4.632045267504708  34.219188972979424  
254.43557845547895  -1.291175565386709  249.42867465307842  235.40969723055596  230.08419515541044  -101.5282473528028  -69.1077945382022  219.43239066976798  0.0  224.06443593727266  253.65157964274738  
30.371142518206256  -225.35561150265937  25.36423871580573  11.34526129328328  6.019759218137779  -325.59268329007546  -293.17223047547486  -4.632045267504708  -224.06443593727266  0.0  29.587143705474713  
0.7839988127315429  -254.9427552081341  -4.222904989668984  -18.241882412191433  -23.567384487336934  -355.1798269955502  -322.7593741809496  -34.219188972979424  -253.65157964274738  -29.587143705474713  0.0  



slope_matrix
0.0  -0.00370403757272401  -0.00016068369070605028  -0.00033920273176899586  -0.0002580415735940286  -0.0037418671902478898  -0.0034614675617169266  -0.0003621643847461041  -0.003627538900135143  -0.0003393044633918697  -8.935477692404182e-06  
0.003711563919025626  0.0  0.006241470007927934  0.013350303034176123  0.007317374153092889  -0.0027260558005824335  -0.0019315471083114638  0.005764522492430261  0.0004890816535555716  0.007234530064290831  0.0055374186622096895  
0.00015530098642681535  -0.006229064601700997  0.0  -0.00044237858701553964  -0.000294975289686916  -0.0052902761833868136  -0.004924806264552885  -0.00044203188893767223  -0.006032132397897906  -0.0004177246165317149  6.029276113176733e-05  
0.00033944480329925025  -0.013290335361928281  0.00043877863607269014  0.0  -0.00011970110306013712  -0.007423175690314138  -0.006963583164160945  -0.000340594895774632  -0.012448952788501109  -0.0002852718454433814  0.00044579380283947783  
0.0002549883068069998  -0.007205710704478267  0.00028976152632815985  0.0001170954721887753  0.0  -0.011763477917992666  -0.011277496784531197  -0.0008238054513257917  -0.007156584608255379  -0.00020207315267330576  0.000322002793924538  
0.003720357711206958  0.002707646455629824  0.005242858111829716  0.007379280433275487  0.011759306471922455  0.0  0.0159706664111333  0.018277940661877608  0.0026647833950866873  0.01933448238064581  0.004519402303035376  
0.003451129311932599  0.0019326480186040323  0.004899807247981551  0.006963583164160945  0.011389112664393325  -0.01447341643508955  0.0  0.01846066444068907  0.0019106384998120597  0.019662792117738085  0.004210270991142051  
0.00036041173584957744  -0.005739042283805374  0.00043867042970620703  0.00033922094608891695  0.0008143581411041656  -0.017635199891350043  -0.017444993059732176  0.0  -0.005549630517697723  0.000230106570665907  0.00042757951984230194  
0.0036347939779354135  -0.0004890816535555716  0.006045290224262686  0.012501842656959956  0.0073275221387073385  -0.002685222093435673  -0.0019116955612227442  0.005579262412147673  0.0  0.006960684558473832  0.005668191723860277  
0.0003376071867297272  -0.007199859792417232  0.0004143129486410606  0.0002840576187602223  0.00020234484766849676  -0.01992611280845015  -0.019970860386612728  -0.00023394168017700545  -0.006919840516901565  0.0  0.0004060263991419612  
8.953846650657183e-06  -0.00554826453118899  -6.030137069354539e-05  -0.0004493074485761437  -0.00032439620767153385  -0.004539619465689547  -0.004214669289382992  -0.00042902694299121647  -0.005677072060043585  -0.0004074241766107782  0.0  
