Height_Data

node	height
0	42.45139956358296
1	6.746528776080316
2	37.85308208279552
3	4.468511049210996



height_matrix
0.0  35.70487078750264  4.598317480787443  37.982888514371965  36.121005360526404  8.17468804372438  -1.568393019234776  31.964660126138366  -17.292001151108828  12.502710813638451  -3.288988528432249  
-35.70487078750264  0.0  -31.1065533067152  2.2780177268693205  0.41613457302376133  -27.530182743778262  -37.27326380673742  -3.7402106613642783  -52.99687193861147  -23.20215997386419  -38.99385931593489  
-4.598317480787443  31.1065533067152  0.0  33.38457103358452  31.52268787973896  3.576370562936937  -6.166710500022219  27.366342645350922  -21.89031863189627  7.904393332851008  -7.887306009219692  
-37.982888514371965  -2.2780177268693205  -33.38457103358452  0.0  -1.8618831538455591  -29.808200470647584  -39.55128153360674  -6.018228388233599  -55.27488966548079  -25.480177700733513  -41.27187704280421  
-36.121005360526404  -0.41613457302376133  -31.52268787973896  1.8618831538455591  0.0  -27.946317316802023  -37.68939837976118  -4.15634523438804  -53.41300651163523  -23.618294546887952  -39.40999388895865  
-8.17468804372438  27.530182743778262  -3.576370562936937  29.808200470647584  27.946317316802023  0.0  -9.743081062959156  23.789972082413986  -25.466689194833208  4.328022769914071  -11.46367657215663  
1.568393019234776  37.27326380673742  6.166710500022219  39.55128153360674  37.68939837976118  9.743081062959156  0.0  33.533053145373145  -15.723608131874052  14.071103832873227  -1.720595509197473  
-31.964660126138366  3.7402106613642783  -27.366342645350922  6.018228388233599  4.15634523438804  -23.789972082413986  -33.533053145373145  0.0  -49.25666127724719  -19.461949312499915  -35.25364865457061  
17.292001151108828  52.99687193861147  21.89031863189627  55.27488966548079  53.41300651163523  25.466689194833208  15.723608131874052  49.25666127724719  0.0  29.79471196474728  14.003012622676579  
-12.502710813638451  23.20215997386419  -7.904393332851008  25.480177700733513  23.618294546887952  -4.328022769914071  -14.071103832873227  19.461949312499915  -29.79471196474728  0.0  -15.7916993420707  
3.288988528432249  38.99385931593489  7.887306009219692  41.27187704280421  39.40999388895865  11.46367657215663  1.720595509197473  35.25364865457061  -14.003012622676579  15.7916993420707  0.0  



slope_matrix
0.0  0.0008268844554771339  0.0004928528918314516  0.0004369867523512651  0.0005881941924853673  0.0001965541727272032  -7.377201407501298e-05  0.0005680586480564842  -0.0005082892754588133  0.00040712181092928854  -8.334993736523692e-05  
-0.0008286115290671302  0.0  -0.0007397515649635005  2.7235984300207085e-05  7.646721297753792e-06  -0.0003741530680045972  -0.0006254952812004937  -3.924670158829253e-05  -0.000742045252570869  -0.0003971612457012015  -0.0004992172489557661  
-0.0004944427398696176  0.0007415149775140691  0.0  0.00042210862351225846  0.0005883293743885584  7.141315021838931e-05  -0.0002126451896559386  0.0004523362420719161  -0.0005241934538289337  0.00020107843634828307  -0.00016710394087329856  
-0.00043950993988002877  -2.7337306214680432e-05  -0.0004249509430071476  0.0  -5.892035296979618e-05  -0.00023481747940514239  -0.0003726998570839583  -4.6028515397580104e-05  -0.0004649598309694635  -0.00022645021063574043  -0.0003319783225907466  
-0.0005888654281142224  -7.660798472455106e-06  -0.0005894294667116484  5.8531378618219404e-05  0.0  -0.00028412278687273303  -0.0004650715496021863  -3.80478326106558e-05  -0.0005723578456256923  -0.000282819956255394  -0.0003971180359629046  
-0.0001948674146299018  0.00037977904185098997  -7.080519823672415e-05  0.00023396964310330753  0.0002830006816891344  0.0  -0.000446520671996295  0.0005346061142115502  -0.0017921667272929773  0.0002321900627636304  -0.0005918263589136101  
7.308448365492898e-05  0.0006374767198005373  0.00021025265939387042  0.00036991471692486664  0.00046295784768162607  0.0004557100590719905  0.0  0.0007579804056368251  -0.001188481340277706  0.0008734390957711501  -8.434291711752319e-05  
-0.0005689686743705655  3.927967508259061e-05  -0.0004528602125657939  4.5860156886638715e-05  3.8019989337614704e-05  -0.0005350870913723343  -0.0007584947556067213  0.0  -0.001376268825852115  -0.00035894410388232964  -0.0013183862623250041  
0.0005059099225017211  0.0007507702498740824  0.000520578326561148  0.0004620101108783082  0.000567438717854406  0.0017984949996351135  0.001156147656755445  0.0013724341397951293  0.0  0.0013903272032079925  0.0014158758971361555  
-0.0003972898256637576  0.0004021868603547268  -0.0001970187769903043  0.000225149577633061  0.0002813376360558422  -0.00023754241327739138  -0.0008360727173424377  0.00036020635410882686  -0.0014283179273608475  0.0  -0.0005544838252131566  
8.337106535949933e-05  0.0005003703235716014  0.00016668017770963002  0.0003304129136402547  0.0003964788117601474  0.0006011366844340131  8.288032317906903e-05  0.001312007765335713  -0.0014230703884833922  0.0005510013727170516  0.0  
