Height_Data

node	height
0	7.458541017181191
1	37.01671363409495
2	13.034717122660343
3	6.387775555243478




height_matrix
0.0  -29.558172616913758  -5.576176105479152  1.0707654619377127  4.645502020624407  -28.820531320887703  1.9429936880417573  -2.061077899088997  2.0536743345548807  3.552071020682349  -6.170646570992813  
29.558172616913758  0.0  23.981996511434605  30.62893807885147  34.203674637538164  0.7376412960260552  31.501166304955515  27.49709471782476  31.61184695146864  33.110243637596106  23.387526045920943  
5.576176105479152  -23.981996511434605  0.0  6.646941567416865  10.221678126103559  -23.24435521540855  7.519169793520909  3.515098206390155  7.629850440034033  9.1282471261615  -0.5944704655136608  
-1.0707654619377127  -30.62893807885147  -6.646941567416865  0.0  3.574736558686694  -29.891296782825414  0.8722282261040446  -3.13184336102671  0.982908872617168  2.481305558744636  -7.241412032930525  
-4.645502020624407  -34.203674637538164  -10.221678126103559  -3.574736558686694  0.0  -33.46603334151211  -2.7025083325826493  -6.706579919713404  -2.591827686069526  -1.0934309999420577  -10.81614859161722  
28.820531320887703  -0.7376412960260552  23.24435521540855  29.891296782825414  33.46603334151211  0.0  30.76352500892946  26.759453421798703  30.874205655442584  32.37260234157005  22.649884749894888  
-1.9429936880417573  -31.501166304955515  -7.519169793520909  -0.8722282261040446  2.7025083325826493  -30.76352500892946  0.0  -4.004071587130754  0.11068064651312337  1.6090773326405916  -8.11364025903457  
2.061077899088997  -27.49709471782476  -3.515098206390155  3.13184336102671  6.706579919713404  -26.759453421798703  4.004071587130754  0.0  4.114752233643878  5.613148919771346  -4.109568671903816  
-2.0536743345548807  -31.61184695146864  -7.629850440034033  -0.982908872617168  2.591827686069526  -30.874205655442584  -0.11068064651312337  -4.114752233643878  0.0  1.4983966861274682  -8.224320905547692  
-3.552071020682349  -33.110243637596106  -9.1282471261615  -2.481305558744636  1.0934309999420577  -32.37260234157005  -1.6090773326405916  -5.613148919771346  -1.4983966861274682  0.0  -9.722717591675162  
6.170646570992813  -23.387526045920943  0.5944704655136608  7.241412032930525  10.81614859161722  -22.649884749894888  8.11364025903457  4.109568671903816  8.224320905547692  9.722717591675162  0.0  



slope_matrix
0.0  -0.00035745764441787105  -6.979817380747468e-05  3.356631542124491e-05  5.3804748906930816e-05  -0.0003639875135247247  3.383827391225631e-05  -3.633776267787372e-05  4.68340783250828e-05  4.1178657786718626e-05  -0.0001003846847404069  
0.0003602019573106722  0.0  0.000951666528231532  0.00034730624876801755  0.00025251882345912264  8.05285257670366e-05  0.00036083810200407233  0.000586542122820494  0.00032741426153773835  0.00034565449042275924  0.0008171742154409834  
6.998212983784076e-05  -0.000997172412117863  0.0  7.348746895983266e-05  9.046453368944038e-05  -0.0007486104739262013  7.648428230618359e-05  0.00012447231609030292  9.570690834327257e-05  8.226610603966746e-05  -1.6058089289942215e-05  
-3.3430079985567056e-05  -0.0003466380497832896  -7.371566560293739e-05  0.0  3.0655488883343575e-05  -0.0003659561310336118  1.828954133160085e-05  -4.18248312102926e-05  1.3261047930614786e-05  3.242265201547937e-05  -0.00011348396854616087  
-5.4074054482882166e-05  -0.0002538682894495522  -9.099605742051223e-05  -3.071079517772074e-05  0.0  -0.00024050329386641833  -1.9296739254428058e-05  -7.37797570925567e-05  -5.832195513207754e-05  -6.463886261185018e-06  -8.683484739577087e-05  
0.0003684547599193007  -7.863979701770311e-05  0.0007339550115380029  0.0003649285408719987  0.00024095351243078774  0.0  0.00038955964301544204  0.000551627570022649  0.00031588096639495174  0.00037116031118516454  0.0010022072898183579  
-3.358094863535702e-05  -0.0003601368046753803  -7.679675001042702e-05  -1.8213159868532983e-05  1.9262354473147893e-05  -0.00039134365868120414  0.0  -4.209052441007836e-05  1.1315882477571146e-06  4.1524576326208813e-05  -0.00012499830933653628  
3.6401940994153955e-05  -0.000586542122820494  -0.00012558407311147392  4.175791148035613e-05  7.384474696887694e-05  -0.000551286638273562  4.244298905162979e-05  0.0  7.461019462636225e-05  4.9779610852885295e-05  -0.00010780610367008961  
-4.778209247452026e-05  -0.0003275499632314645  -9.733069408521428e-05  -1.3378370390869307e-05  5.828261043556388e-05  -0.0003152359164329445  -1.1396277441631319e-06  -7.532037769803914e-05  0.0  1.1870369057494005e-05  -9.866027957710763e-05  
-4.098858782232113e-05  -0.00034622918967276413  -8.225721016257705e-05  -3.23550079377316e-05  6.460830772524567e-06  -0.00037446186095672755  -4.147106527424205e-05  -4.9581741186921176e-05  -1.1821670107514543e-05  0.0  -0.00012390362675768015  
0.00010439259974611423  -0.0007906533484084159  1.5818798975882406e-05  0.00011721288496164657  8.742441473987407e-05  -0.0010161455697575096  0.0001297352136078441  0.00010451598860386103  9.905240160842699e-05  0.0001281159255722119  0.0  
