Height_Data

node	height
0	17.310781664955268
1	4.558986183913007
2	41.81054560180878
3	6.695138715509055
4	5.562307370594296
5	7.117466348963603



height_matrix
0.0  12.751795481042262  -24.499763936853515  10.615642949446213  11.748474294360971  10.193315315991665  -8.016084732615155  0.6372822942776963  14.808973164111563  -9.626905688053569  -23.027160926420056  
-12.751795481042262  0.0  -37.25155941789578  -2.136152531596048  -1.0033211866812897  -2.5584801650505966  -20.767880213657417  -12.114513186764565  2.0571776830693014  -22.37870116909583  -35.77895640746232  
24.499763936853515  37.25155941789578  0.0  35.11540688629973  36.248238231214486  34.69307925284518  16.48367920423836  25.13704623113121  39.308737100965075  14.872858248799947  1.4726030104334598  
-10.615642949446213  2.136152531596048  -35.11540688629973  0.0  1.1328313449147585  -0.4223276334545485  -18.631727682061367  -9.978360655168517  4.19333021466535  -20.24254863749978  -33.64280387586627  
-11.748474294360971  1.0033211866812897  -36.248238231214486  -1.1328313449147585  0.0  -1.555158978369307  -19.764559026976126  -11.111192000083275  3.060498869750591  -21.37537998241454  -34.77563522078103  
-10.193315315991665  2.5584801650505966  -34.69307925284518  0.4223276334545485  1.555158978369307  0.0  -18.20940004860682  -9.556033021713969  4.615657848119898  -19.820221004045234  -33.22047624241172  
8.016084732615155  20.767880213657417  -16.48367920423836  18.631727682061367  19.764559026976126  18.20940004860682  0.0  8.653367026892852  22.82505789672672  -1.6108209554384132  -15.0110761938049  
-0.6372822942776963  12.114513186764565  -25.13704623113121  9.978360655168517  11.111192000083275  9.556033021713969  -8.653367026892852  0.0  14.171690869833867  -10.264187982331265  -23.664443220697752  
-14.808973164111563  -2.0571776830693014  -39.308737100965075  -4.19333021466535  -3.060498869750591  -4.615657848119898  -22.82505789672672  -14.171690869833867  0.0  -24.435878852165132  -37.836134090531615  
9.626905688053569  22.37870116909583  -14.872858248799947  20.24254863749978  21.37537998241454  19.820221004045234  1.6108209554384132  10.264187982331265  24.435878852165132  0.0  -13.400255238366487  
23.027160926420056  35.77895640746232  -1.4726030104334598  33.64280387586627  34.77563522078103  33.22047624241172  15.0110761938049  23.664443220697752  37.836134090531615  13.400255238366487  0.0  



slope_matrix
0.0  0.00017504180481869955  -0.0012766943166677184  0.0002556754082236564  0.00016019190474994506  0.0001641964451673915  -0.00014564107435710675  2.1493500650175257e-05  0.0001600278059661937  -0.0002004770030831647  -0.000829807600952074  
-0.0001750177804150736  0.0  -0.0006880598340948611  -2.985538129414463e-05  -8.57686088802607e-06  -2.9826068606325443e-05  -0.00017042409497503215  -0.000197369064626337  1.6760450407929783e-05  -0.00019991693022240335  -0.0007906951692256865  
0.0012760293717111206  0.000683389459143199  0.0  0.0007597448482539968  0.0004834387600855493  0.0006110087927588091  0.00024169617601522522  0.001099127513385711  0.0004042445197548856  0.00025519660687714393  0.00015649341237337512  
-0.00025753621905497847  2.985955453726654e-05  -0.0007564714969043458  0.0  1.045529621518005e-05  -4.251763147634637e-06  -0.00025137247277470814  -0.0001497353039491074  7.653459052136065e-05  -0.00030167732693740356  -0.0006692421698004032  
-0.00015904256524111238  8.590814168004878e-06  -0.00048279486189683655  -1.0423453454741477e-05  0.0  -3.7285039040261495e-05  -0.0003655365087289833  -0.00019459180385434806  2.0000515417822332e-05  -0.00041643054709554917  -0.0004337195712245077  
-0.00016377434633662701  2.983302431262356e-05  -0.0006151255186674677  4.239811599784645e-06  3.737464499806073e-05  0.0  -0.00023611773921948677  -0.00027843919060938137  3.0140119159722467e-05  -0.00029380701162237227  -0.0005787539415054307  
0.00014537694473368073  0.00016981095841093555  -0.00024014684155358916  0.0002496212176053238  0.0003647943711143619  0.0002359953350000884  0.0  0.0001332312090360716  0.0002144607525765923  -0.000152829312660191  -0.00019444399214773187  
-2.1486254021500212e-05  0.00019733691459137588  -0.0011044396410866085  0.00014971283803703702  0.00019442155730679396  0.00027698646439750635  -0.0001337046821213358  0.0  0.00011792054310063128  -0.00018730270040750484  -0.0009549815666141143  
-0.00016006239909329402  -1.6729102082372136e-05  -0.00040225887332137817  -7.664650364952203e-05  -2.0245411587951255e-05  -3.0211139207487225e-05  -0.00021401835815027396  -0.0001180089172273617  0.0  -0.00022504953814850924  -0.0003638789583624891  
0.00020110519507110023  0.0001992405730866794  -0.0002535434409955668  0.0003004682891123613  0.00041675531258363307  0.00029380701162237227  0.00015458934313228534  0.000186723448832659  0.00022517396656989618  0.0  -0.0001993492299667731  
0.0008325076256840223  0.0007922709567640017  -0.0001647206946793579  0.0006642212018927201  0.0004328019318081024  0.0005770449234394949  0.00019581367328208845  0.000956139120028192  0.00036304101027184434  0.0002007829673114547  0.0  
