Height_Data

node	height
0	6.943289251882553
1	4.912373413620523
2	4.111537416390389
3	4.369813501346853
4	4.373724013989999
5	6.076963857685045




height_matrix
0.0  2.03091583826203  2.831751835492164  2.5734757505357004  2.5695652378925544  0.8663253941975082  1.6623484117253886  -3.0964083092618386  2.268976321280819  2.6422428163702874  -4.020441085028312  
-2.03091583826203  0.0  0.8008359972301342  0.5425599122736706  0.5386493996305246  -1.1645904440645216  -0.3685674265366412  -5.1273241475238684  0.23806048301878935  0.6113269781082575  -6.051356923290342  
-2.831751835492164  -0.8008359972301342  0.0  -0.2582760849564636  -0.2621865975996096  -1.9654264412946558  -1.1694034237667754  -5.928160144754003  -0.5627755142113449  -0.18950901912187668  -6.852192920520476  
-2.5734757505357004  -0.5425599122736706  0.2582760849564636  0.0  -0.0039105126431460135  -1.7071503563381922  -0.9111273388103118  -5.669884059797539  -0.30449942925488127  0.06876706583458692  -6.593916835564013  
-2.5695652378925544  -0.5386493996305246  0.2621865975996096  0.0039105126431460135  0.0  -1.7032398436950462  -0.9072168261671658  -5.665973547154393  -0.30058891661173526  0.07267757847773293  -6.590006322920867  
-0.8663253941975082  1.1645904440645216  1.9654264412946558  1.7071503563381922  1.7032398436950462  0.0  0.7960230175278804  -3.962733703459347  1.402650927083311  1.7759174221727791  -4.8867664792258205  
-1.6623484117253886  0.3685674265366412  1.1694034237667754  0.9111273388103118  0.9072168261671658  -0.7960230175278804  0.0  -4.758756720987227  0.6066279095554306  0.9798944046448987  -5.682789496753701  
3.0964083092618386  5.1273241475238684  5.928160144754003  5.669884059797539  5.665973547154393  3.962733703459347  4.758756720987227  0.0  5.365384630542658  5.738651125632126  -0.9240327757664737  
-2.268976321280819  -0.23806048301878935  0.5627755142113449  0.30449942925488127  0.30058891661173526  -1.402650927083311  -0.6066279095554306  -5.365384630542658  0.0  0.3732664950894682  -6.2894174063091315  
-2.6422428163702874  -0.6113269781082575  0.18950901912187668  -0.06876706583458692  -0.07267757847773293  -1.7759174221727791  -0.9798944046448987  -5.738651125632126  -0.3732664950894682  0.0  -6.6626839013986  
4.020441085028312  6.051356923290342  6.852192920520476  6.593916835564013  6.590006322920867  4.8867664792258205  5.682789496753701  0.9240327757664737  6.2894174063091315  6.6626839013986  0.0  



slope_matrix
0.0  3.781966179258901e-05  2.928388661315578e-05  3.615447809125738e-05  2.9100399070130853e-05  1.8184831952088754e-05  2.4511182714912837e-05  -6.425416703178747e-05  2.8812397730550085e-05  3.6429654162005895e-05  -0.00010461725435931076  
-3.789022086309757e-05  0.0  5.751892531998378e-06  4.995487637175864e-06  3.883277338551832e-06  -1.1895714443968555e-05  -3.92552376756461e-06  -0.00013262607727687191  2.453978796194097e-06  8.171728085927784e-06  -0.0001117311101050654  
-2.935370411000481e-05  -5.769711795606154e-06  0.0  -1.924790473949678e-06  -6.107304859063815e-06  -3.907408431997328e-05  -2.0183006968705133e-05  -4.282115100226815e-05  -3.4434842271485685e-06  -2.0587617503734564e-06  -5.155901369842345e-05  
-3.600273853575406e-05  -4.944949984266046e-06  1.917075539298593e-06  0.0  -3.581973988885441e-08  -1.9563950909216046e-05  -6.747591933720742e-06  -7.492908761461e-05  -7.83379030756062e-06  4.802504772301622e-07  -0.00012041484360051155  
-2.91234867719886e-05  -3.881878060179624e-06  6.084627468080984e-06  3.6027644995909545e-08  0.0  -4.103203670669829e-05  -1.19496420728025e-05  -4.290778907349029e-05  -2.194720477597366e-06  6.670727717093431e-07  -5.587118544231341e-05  
-1.8123962221705193e-05  1.1843694132660649e-05  3.882707311921485e-05  1.945692222860944e-05  4.109143169348724e-05  0.0  1.5517017885533733e-05  -4.232333337028032e-05  1.2137858489817506e-05  2.3641073245111544e-05  -5.892640153413506e-05  
-2.4172581237827374e-05  3.9259419102752575e-06  2.009629530446426e-05  6.701929671278498e-06  1.184170660167031e-05  -1.5402922165787158e-05  0.0  -4.383930650379758e-05  4.14986940453845e-06  2.7068906205660186e-05  -5.368212258410827e-05  
6.410783248989314e-05  0.0001306990606047379  4.253235862214093e-05  7.525728775945765e-05  4.287856475824423e-05  4.224662796864975e-05  4.394050527227357e-05  0.0  8.496254363487978e-05  5.6377356573652873e-05  -4.423325877292837e-05  
-2.8889436227155832e-05  -2.453978796194097e-06  3.425667536378574e-06  7.870235959030273e-06  2.1883293288565468e-06  -1.2340761279986899e-05  -4.168118108804663e-06  -8.56953303073416e-05  0.0  2.4843027959365603e-06  -0.0001405770542313172  
-3.619510707356558e-05  -8.155375908594685e-06  2.059880642629094e-06  -4.814272321099616e-07  -6.682995722090385e-07  -2.361906400016996e-05  -2.7136372324699496e-05  -5.6344144581562354e-05  -2.5125639141725106e-06  0.0  -6.371506073824806e-05  
0.00010530228090697517  0.0001101047475125608  5.1687357022859446e-05  0.00012008590121223843  5.6070844234841036e-05  5.928383451687275e-05  5.402918327394658e-05  4.4190950538807925e-05  0.0001395787262829368  6.373334514442893e-05  0.0  
