Height_Data

node	height
0	14.119298303178713
1	58.51478252033798
2	8.584290410218545
3	2.42100785048826
4	2.46153133108555
5	37.44980253080636




height_matrix
0.0  -44.395484217159265  5.535007892960168  11.698290452690452  11.657766972093164  -23.330504227627646  -22.2378397949818  5.63879217881712  2.7410322060511927  3.649203095751867  -2.235439172016278  
44.395484217159265  0.0  49.93049211011944  56.09377466984972  56.05325118925243  21.064979989531622  22.15764442217747  50.03427639597639  47.13651642321046  48.04468731291114  42.160045045142994  
-5.535007892960168  -49.93049211011944  0.0  6.163282559730284  6.122759079132995  -28.865512120587816  -27.77284768794197  0.10378428585695154  -2.7939756869089756  -1.8858047972083014  -7.770447064976446  
-11.698290452690452  -56.09377466984972  -6.163282559730284  0.0  -0.04052348059728983  -35.0287946803181  -33.93613024767225  -6.0594982738733325  -8.95725824663926  -8.049087356938585  -13.93372962470673  
-11.657766972093164  -56.05325118925243  -6.122759079132995  0.04052348059728983  0.0  -34.988271199720806  -33.89560676707496  -6.018974793276043  -8.91673476604197  -8.008563876341295  -13.893206144109442  
23.330504227627646  -21.064979989531622  28.865512120587816  35.0287946803181  34.988271199720806  0.0  1.0926644326458472  28.969296406444766  26.071536433678837  26.979707323379515  21.095065055611368  
22.2378397949818  -22.15764442217747  27.77284768794197  33.93613024767225  33.89560676707496  -1.0926644326458472  0.0  27.87663197379892  24.97887200103299  25.887042890733667  20.00240062296552  
-5.63879217881712  -50.03427639597639  -0.10378428585695154  6.0594982738733325  6.018974793276043  -28.969296406444766  -27.87663197379892  0.0  -2.897759972765927  -1.989589083065253  -7.874231350833398  
-2.7410322060511927  -47.13651642321046  2.7939756869089756  8.95725824663926  8.91673476604197  -26.071536433678837  -24.97887200103299  2.897759972765927  0.0  0.9081708897006742  -4.976471378067471  
-3.649203095751867  -48.04468731291114  1.8858047972083014  8.049087356938585  8.008563876341295  -26.979707323379515  -25.887042890733667  1.989589083065253  -0.9081708897006742  0.0  -5.884642267768145  
2.235439172016278  -42.160045045142994  7.770447064976446  13.93372962470673  13.893206144109442  -21.095065055611368  -20.00240062296552  7.874231350833398  4.976471378067471  5.884642267768145  0.0  



slope_matrix
0.0  -0.0004729968486805803  0.00019119198248567076  0.0001795593315838903  0.00016375568158580087  -0.0002693120654233827  -0.00022365097198038638  5.646132150612917e-05  6.544967063159486e-05  5.025758291904513e-05  -0.00012412210838513483  
0.0004736528775969195  0.0  0.0006603514271559996  0.0003747755084073261  0.0003747601553058576  0.0022034497896999605  0.0024784837161272335  0.0011454733607137453  0.0006856220570648794  0.001040378677195997  0.0005112787417553116  
-0.0001894901709332478  -0.0006575771701955649  0.0  8.356993301329199e-05  6.22737904712469e-05  -0.0004171316780431765  -0.000342532130683415  1.122234924923784e-06  -5.646448581118337e-05  -2.7208264279444545e-05  -0.0002274721037756571  
-0.00018078025734338514  -0.00037530710131639507  -8.387700816181661e-05  0.0  -4.3312826632417515e-07  -0.00024410309881754772  -0.0002194936340083969  -3.6880246581741746e-05  -8.562525806939355e-05  -5.872160147177093e-05  -0.00017298236653887935  
-0.00016350304308686064  -0.0003738852541622083  -6.240708469200891e-05  4.3776040398930357e-07  0.0  -0.0002462558061930927  -0.00021343362088945326  -4.4654129676877854e-05  -0.00010881896445054331  -7.123092275565721e-05  -0.0001925066668159823  
0.0002697168118800884  -0.002201147334329323  0.0004194958889781691  0.00024396369099412253  0.0002471080167505054  0.0  5.919092267853994e-05  0.0006790739898369612  0.00042901985245481056  0.0007062750608214533  0.00028040761738151493  
0.0002219057387263309  -0.0023546912244609424  0.00034324757375842855  0.0002189809208550667  0.00021328588900821767  -5.778236026683486e-05  0.0  0.0006295535676106351  0.0003198319078237259  0.00046618121539228645  0.00022080141983624594  
-5.620805600894258e-05  -0.0011457356628343574  -1.1274773042580287e-06  3.7076798611483335e-05  4.466373898633178e-05  -0.000679233209998705  -0.0006314072927247773  0.0  -4.740323855334414e-05  -6.983464665023703e-05  -9.459672454148725e-05  
-6.609674960335646e-05  -0.0006847256888903321  5.6683282686676584e-05  8.572359313464695e-05  0.00010893861731734456  -0.00042740223661768585  -0.0003213543291011577  4.755883756385897e-05  0.0  2.6074386726978872e-05  -0.00021006633085974972  
-5.0037064249991316e-05  -0.0010428627591254859  2.727910888483005e-05  5.882502763948656e-05  7.123092275565721e-05  -0.0007057208298032831  -0.00047101606424187895  6.985916724245972e-05  -2.594773970573355e-05  0.0  -0.00010304048796652328  
0.0001235049266307336  -0.0005105976146922974  0.00022707326314951626  0.00017176688393376148  0.00019314898017669182  -0.0002799982088613136  -0.00022185448783235937  9.422318237206411e-05  0.00020580940355944874  0.00010239502814978502  0.0  
