Height_Data

node	height
0	21.890760356741243
1	10.209885177873774
2	35.66545349432965
3	46.631068619824504
4	20.605277343446904
5	56.40349710939123



height_matrix
0.0  11.680875178867469  -13.774693137588404  -24.74030826308326  1.2854830132943391  -34.512736752649985  -3.7731569875607356  -13.578983502919602  -0.7449675106193965  -0.022248711528856546  -9.566383017711427  
-11.680875178867469  0.0  -25.455568316455874  -36.42118344195073  -10.39539216557313  -46.19361193151746  -15.454032166428204  -25.259858681787072  -12.425842689486865  -11.703123890396325  -21.247258196578898  
13.774693137588404  25.455568316455874  0.0  -10.965615125494857  15.060176150882743  -20.738043615061585  10.001536150027668  0.19570963466880187  13.029725626969007  13.752444426059547  4.208310119876977  
24.74030826308326  36.42118344195073  10.965615125494857  0.0  26.0257912763776  -9.772428489566728  20.967151275522525  11.161324760163659  23.995340752463864  24.718059551554404  15.173925245371834  
-1.2854830132943391  10.39539216557313  -15.060176150882743  -26.0257912763776  0.0  -35.798219765944324  -5.058640000855075  -14.864466516213941  -2.0304505239137356  -1.3077317248231957  -10.851866031005766  
34.512736752649985  46.19361193151746  20.738043615061585  9.772428489566728  35.798219765944324  0.0  30.739579765089253  20.933753249730387  33.767769242030596  34.49048804112113  24.946353734938562  
3.7731569875607356  15.454032166428204  -10.001536150027668  -20.967151275522525  5.058640000855075  -30.739579765089253  0.0  -9.805826515358866  3.028189476941339  3.750908276031879  -5.7932260301506915  
13.578983502919602  25.259858681787072  -0.19570963466880187  -11.161324760163659  14.864466516213941  -20.933753249730387  9.805826515358866  0.0  12.834015992300206  13.556734791390745  4.012600485208175  
0.7449675106193965  12.425842689486865  -13.029725626969007  -23.995340752463864  2.0304505239137356  -33.767769242030596  -3.028189476941339  -12.834015992300206  0.0  0.7227187990905399  -8.82141550709203  
0.022248711528856546  11.703123890396325  -13.752444426059547  -24.718059551554404  1.3077317248231957  -34.49048804112113  -3.750908276031879  -13.556734791390745  -0.7227187990905399  0.0  -9.54413430618257  
9.566383017711427  21.247258196578898  -4.208310119876977  -15.173925245371834  10.851866031005766  -24.946353734938562  5.7932260301506915  -4.012600485208175  8.82141550709203  9.54413430618257  0.0  



slope_matrix
0.0  0.00012236408106921714  -0.00020085583461050457  -0.00046838902429161797  1.2971574301658316e-05  -0.000712190192997317  -4.318101381964678e-05  -0.00036541936229600653  -4.9205251692166214e-05  -1.1219723413442534e-06  -0.0001452092139907624  
-0.00012277564829585316  0.0  -0.0006881743259382502  -0.0006302333179088204  -0.00024587020259160666  -0.0009350933589376004  -0.0003896629391434242  -0.0004127427889180894  -0.00014416635947473477  -0.00014132500773332115  -0.0006612903266909087  
0.00020159070887733652  0.0006822719999050086  0.0  -0.0004434134705012073  0.0004688722338381925  -0.000979133315158715  0.000490271379903317  5.719159400023433e-06  0.00020655874487902676  0.0002463271435797877  0.0003092072093958102  
0.0004671508357832942  0.0006259010730701277  0.0004443117960087057  0.0  0.0005004959860841846  -0.0010179613009965343  0.0005175796414594551  0.0006504268508253881  0.000489401198296224  0.0006375563464419501  0.0005303713822220144  
-1.309445872765956e-05  0.00024517434352766814  -0.00048471761026336476  -0.0005067326961911527  0.0  -0.0007016507206182737  -0.0003647180966730407  -0.00023203975204829754  -2.1851598406303653e-05  -1.5264756914009522e-05  -0.0002470825599045029  
0.0007164778233890386  0.0009383224036465053  0.0009805221567405005  0.0010105923980937672  0.0006928240713362556  0.0  0.0007694513082625596  0.0015169386412848106  0.0007867606999541146  0.0009740324213815626  0.0012695345412182474  
4.3290006741174114e-05  0.00038799980332483567  -0.0004985810643084581  -0.0005139007665569247  0.0003469574760531601  -0.0007682974197722883  0.0  -0.00018484121612363555  3.6969716480787925e-05  5.023986439903401e-05  -0.00017603239228656005  
0.0003660103370059192  0.0004103957543750946  -5.6760334880743e-06  -0.0006530909748486634  0.00022868410024944524  -0.0015302451205943266  0.00018404329045343217  0.0  0.0003857534112503819  0.0005828346857863605  0.0001255114321303777  
5.0267713267165754e-05  0.00014335139983949038  -0.0002057108561251817  -0.0004915063652696408  2.1632756487467885e-05  -0.0007762705572880597  -3.686619767398757e-05  -0.00038552165792430775  0.0  3.377190649955794e-05  -0.0001477104453557715  
1.1236722994371994e-06  0.0001407809923059825  -0.00024531652561647426  -0.0006392050569318439  1.5104316526024436e-05  -0.0009781760646943032  -5.010564087672828e-05  -0.0005833362646897911  -3.374037344026797e-05  0.0  -0.00017822846510144857  
0.00014534158337452791  0.0006610845736334443  -0.00030605891780923465  -0.0005329794606734047  0.00024179737145734774  -0.0012423482935726374  0.00017470524819513544  -0.0001258657617693907  0.00014785899510722297  0.00017842838486039578  0.0  
