Height_Data

node	height
0	51.54150663774047
1	16.3998191664731
2	6.6570752484761115
3	62.380960841309985
4	3.741847826703103
5	93.59736904315255



height_matrix
0.0  35.14168747126737  44.88443138926436  -10.839454203569517  47.79965881103737  -42.055862405412086  45.12942357469893  -58.184982557031745  -47.91082459844766  47.02606794755381  -26.367060958091514  
-35.14168747126737  0.0  9.74274391799699  -45.981141674836884  12.657971339769999  -77.19754987667946  9.987736103431569  -93.3266700282991  -83.05251206971502  11.884380476286445  -61.50874842935888  
-44.88443138926436  -9.74274391799699  0.0  -55.723885592833874  2.9152274217730088  -86.94029379467645  0.24499218543457957  -103.0694139462961  -92.79525598771201  2.1416365582894548  -71.25149234735588  
10.839454203569517  45.981141674836884  55.723885592833874  0.0  58.639113014606885  -31.21640820184257  55.96887777826845  -47.34552835346223  -37.071370394878144  57.86552215112333  -15.527606754521997  
-47.79965881103737  -12.657971339769999  -2.9152274217730088  -58.639113014606885  0.0  -89.85552121644945  -2.670235236338429  -105.9846413680691  -95.71048340948502  -0.773590863483554  -74.16671976912887  
42.055862405412086  77.19754987667946  86.94029379467645  31.21640820184257  89.85552121644945  0.0  87.18528598011102  -16.12912015161966  -5.8549621930355755  89.0819303529659  15.688801447320571  
-45.12942357469893  -9.987736103431569  -0.24499218543457957  -55.96887777826845  2.670235236338429  -87.18528598011102  0.0  -103.31440613173068  -93.0402481731466  1.8966443728548752  -71.49648453279045  
58.184982557031745  93.3266700282991  103.0694139462961  47.34552835346223  105.9846413680691  16.12912015161966  103.31440613173068  0.0  10.274157958584084  105.21105050458556  31.81792159894023  
47.91082459844766  83.05251206971502  92.79525598771201  37.071370394878144  95.71048340948502  5.8549621930355755  93.0402481731466  -10.274157958584084  0.0  94.93689254600147  21.543763640356147  
-47.02606794755381  -11.884380476286445  -2.1416365582894548  -57.86552215112333  0.773590863483554  -89.0819303529659  -1.8966443728548752  -105.21105050458556  -94.93689254600147  0.0  -73.39312890564533  
26.367060958091514  61.50874842935888  71.25149234735588  15.527606754521997  74.16671976912887  -15.688801447320571  71.49648453279045  -31.81792159894023  -21.543763640356147  73.39312890564533  0.0  



slope_matrix
0.0  0.0013417979179559897  0.0011260519666147605  -0.00011216322644422099  0.0005477215401746003  -0.0004260547300720503  0.0007511430165060324  -0.0067973110463822135  -0.000511539873995811  0.0005062554413559459  -0.0019603762794120085  
-0.0013281061024666427  0.0  0.00015405983425042678  -0.00039779515247717693  0.0001707767315133567  -0.0006561070021815354  0.00028047559964705334  -0.0041094966987362  -0.0007375234177223605  0.0001214550891802396  -0.0027132222509642207  
-0.0011288840892672122  -0.0001541329523492642  0.0  -0.0007216250400522387  2.5235694440555825e-05  -0.001169338181502037  2.6023962506727098e-06  -0.0024109804431882128  -0.001338843687602251  2.3125327267999728e-05  -0.001570800095841179  
0.00011208204119087496  0.00039765754280754895  0.0007257604271012487  0.0  0.0004816314692660174  -0.0035513547442369247  0.000434912407943651  -0.0004904239522836361  -0.004222251753402978  0.0010864520409140522  -0.0001618133259120675  
-0.0005467817297075883  -0.0001693374092276923  -2.5181199116982022e-05  -0.00048033349454953213  0.0  -0.0007053023643363379  -5.7647565551347783e-05  -0.0013344830189885306  -0.0007831640897593079  -1.037680568053057e-05  -0.0009827311483917964  
0.0004262274491275168  0.0006564975752757842  0.0011775740727980014  0.0034684898002047297  0.0007072954496300364  0.0  0.000655627056550692  -0.00016374741270679856  -0.00098568387088141  0.001515488514196184  0.0001602206030159372  
-0.0007429812412488917  -0.0002830188751326599  -2.609047671852052e-06  -0.0004361324536606285  5.749860543364404e-05  -0.0006568124602991639  0.0  -0.001919985246826439  -0.0007308164965293111  2.0796311146312815e-05  -0.0013928791064249065  
0.006749997976453799  0.004166369197691924  0.0024132384440715545  0.0004916972515677871  0.0013348191608069156  0.0001639804814113426  0.0019132297431801977  0.0  0.00011010779078966974  0.0012168754395626366  0.005702136487265274  
0.0005116491306967927  0.0007378510311808371  0.0013473973571614928  0.004212655726690698  0.0007868274957414442  0.001021808410651933  0.0007297274366521301  -0.00010991931056578671  0.0  0.001742568832180053  0.000231927695557715  
-0.0005005435651682152  -0.00012211652770536833  -2.313032247855551e-05  -0.0010831980335658884  1.0452376855920796e-05  -0.0015139431748774817  -2.0842016822396186e-05  -0.0012035123599243372  -0.0017371801014821862  0.0  -0.0008652809349875657  
0.0018647143534718186  0.00272403668863414  0.0015950636298937963  0.00016206666062542528  0.0009827311483917964  -0.00016028607935554323  0.001390170805615214  -0.005123658872615174  -0.0002320776003485527  0.0008762312429040751  0.0  
