Height_Data

node	height
0	36.20308395578737
1	9.62560081568923
2	10.180140394397293
3	41.109288184193694
4	36.6349327493265
5	17.30302323985442


height_matrix
0.0  26.57748314009814  26.02294356139008  -4.906204228406324  -0.43184879353913175  18.900060715932952  15.601436915950686  17.60439431430638  0.9211079664756952  31.996990915930844  6.643417328965068  
-26.57748314009814  0.0  -0.5545395787080629  -31.483687368504462  -27.00933193363727  -7.677422424165188  -10.976046224147455  -8.973088825791761  -25.656375173622443  5.419507775832705  -19.934065811133074  
-26.02294356139008  0.5545395787080629  0.0  -30.929147789796403  -26.45479235492921  -7.122882845457125  -10.421506645439392  -8.418549247083698  -25.101835594914384  5.974047354540768  -19.379526232425007  
4.906204228406324  31.483687368504462  30.929147789796403  0.0  4.474355434867192  23.806264944339276  20.50764114435701  22.510598542712703  5.827312194882019  36.90319514433717  11.549621557371392  
0.43184879353913175  27.00933193363727  26.45479235492921  -4.474355434867192  0.0  19.331909509472084  16.033285709489817  18.03624310784551  1.352956760014827  32.428839709469976  7.0752661225042  
-18.900060715932952  7.677422424165188  7.122882845457125  -23.806264944339276  -19.331909509472084  0.0  -3.2986237999822663  -1.2956664016265727  -17.978952749457257  13.096930199997892  -12.256643386967884  
-15.601436915950686  10.976046224147455  10.421506645439392  -20.50764114435701  -16.033285709489817  3.2986237999822663  0.0  2.0029573983556936  -14.68032894947499  16.39555399998016  -8.958019586985618  
-17.60439431430638  8.973088825791761  8.418549247083698  -22.510598542712703  -18.03624310784551  1.2956664016265727  -2.0029573983556936  0.0  -16.683286347830684  14.392596601624465  -10.960976985341311  
-0.9211079664756952  25.656375173622443  25.101835594914384  -5.827312194882019  -1.352956760014827  17.978952749457257  14.68032894947499  16.683286347830684  0.0  31.07588294945515  5.722309362489373  
-31.996990915930844  -5.419507775832705  -5.974047354540768  -36.90319514433717  -32.428839709469976  -13.096930199997892  -16.39555399998016  -14.392596601624465  -31.07588294945515  0.0  -25.353573586965776  
-6.643417328965068  19.934065811133074  19.379526232425007  -11.549621557371392  -7.0752661225042  12.256643386967884  8.958019586985618  10.960976985341311  -5.722309362489373  25.353573586965776  0.0  



slope_matrix
0.0  0.00029399870730197053  0.0002648645655103316  -0.0004576683048886496  -2.519537885292484e-05  0.0005273454440829507  0.00021531102561345137  0.00022180161666002744  2.649907843716039e-05  0.0005372228159155615  0.0001852598251245139  
-0.0002954038361687022  0.0  -2.5519538826878184e-05  -0.0003769147296600558  -0.00035892799911810323  -0.00013763754794129056  -0.00023528502088204618  -0.00015695450106335072  -0.00030814767203486  5.856394830162854e-05  -0.00021513129517734808  
-0.00026483761002839485  2.581655394357835e-05  0.0  -0.0003368454344347245  -0.00031735595435375733  -0.00011117344850096965  -0.0002738897935726516  -0.00018073313110956844  -0.00029256218642091355  5.264405493955559e-05  -0.00020878610463720111  
0.00045895268740938483  0.0003752972627071697  0.0003371391736406846  0.0  0.00031465228093299525  0.0008116694491762453  0.00030282543294335597  0.0002920041320886328  0.00017679952047578942  0.000654776351035081  0.0003039374094045103  
2.5828277125546158e-05  0.0003577394958097652  0.0003173940294532599  -0.0003142103535721343  0.0  0.0009232048476347699  0.000279759308151835  0.0002797617978570732  6.3818715095039e-05  0.0005144984881718226  0.00025314011171750266  
-0.0005258781501372552  0.00013665757251985028  0.00011124289935119671  -0.0008069920320115008  -0.0009110230683068842  0.0  -7.2038082550388e-05  -2.236220920998572e-05  -0.000547637915000221  0.00021368788056775806  -0.0002904417864210399  
-0.00021641610370301962  0.00023151331415624245  0.00027224416524136344  -0.0003033629849315396  -0.0002820725481516831  7.186544226540886e-05  0.0  0.00014958606410423402  -0.0002843922694590273  0.00015629698760705584  -0.00015857708597956483  
-0.00022227770598871692  0.00015605371870942194  0.00018218024771875563  -0.00029132014006176576  -0.00027963167609062806  2.2470801276908993e-05  -0.00014925166902799504  0.0  -0.0002922278218222225  0.00012507688017401986  -0.00017968814730067722  
-2.666014374748756e-05  0.0003075197791396673  0.00029256218642091355  -0.0001758923089309393  -6.354893189360389e-05  0.0005479717387826046  0.00028633370293495205  0.0002949661659800333  0.0  0.00038111212839655567  0.00054137269276153  
-0.0005395782616514477  -5.839986827405932e-05  -5.2681193602652274e-05  -0.0006574593825821694  -0.0005176191493929765  -0.0002131661816405907  -0.00015552602921627926  -0.00012465439634180205  -0.000381345968210273  0.0  -0.00028092602312427455  
-0.00018489889587990725  0.0002145062499852908  0.0  -0.0003036178117079756  -0.0002518784664472837  0.0002896866789640247  0.00015835282989191474  0.00018192492921728317  -0.0005249825103201259  0.00027910142654079457  0.0  
