Height_Data

node	height
0	21.662202940751943
1	25.641077494049586
2	7.975584545814113
3	242.46407070057123
4	7.876717441851761
5	4.609316942080009




height_matrix
0.0  -3.9788745532976435  13.686618394937831  -220.8018677598193  13.785485498900183  17.052885998671933  -222.5890776849018  13.192142615051742  -4.444972852147735  15.598217544946394  14.827829363409052  
3.9788745532976435  0.0  17.665492948235475  -216.82299320652163  17.764360052197826  21.031760551969576  -218.61020313160415  17.171017168349387  -0.4660982988500919  19.577092098244037  18.806703916706695  
-13.686618394937831  -17.665492948235475  0.0  -234.4884861547571  0.09886710396235188  3.3662676037341033  -236.27569607983963  -0.4944757798860886  -18.131591247085566  1.9115991500085645  1.1412109684712215  
220.8018677598193  216.82299320652163  234.4884861547571  0.0  234.58735325871947  237.85475375849123  -1.7872099250825215  233.99401037487104  216.35689490767155  236.40008530476567  235.62969712322834  
-13.785485498900183  -17.764360052197826  -0.09886710396235188  -234.58735325871947  0.0  3.2674004997717514  -236.374563183802  -0.5933428838484405  -18.23045835104792  1.8127320460462126  1.0423438645088696  
-17.052885998671933  -21.031760551969576  -3.3662676037341033  -237.85475375849123  -3.2674004997717514  0.0  -239.64196368357375  -3.860743383620192  -21.497858850819668  -1.4546684537255388  -2.2250566352628818  
222.5890776849018  218.61020313160415  236.27569607983963  1.7872099250825215  236.374563183802  239.64196368357375  0.0  235.78122029995356  218.14410483275407  238.1872952298482  237.41690704831086  
-13.192142615051742  -17.171017168349387  0.4944757798860886  -233.99401037487104  0.5933428838484405  3.860743383620192  -235.78122029995356  0.0  -17.63711546719948  2.406074929894653  1.63568674835731  
4.444972852147735  0.4660982988500919  18.131591247085566  -216.35689490767155  18.23045835104792  21.497858850819668  -218.14410483275407  17.63711546719948  0.0  20.04319039709413  19.272802215556787  
-15.598217544946394  -19.577092098244037  -1.9115991500085645  -236.40008530476567  -1.8127320460462126  1.4546684537255388  -238.1872952298482  -2.406074929894653  -20.04319039709413  0.0  -0.770388181537343  
-14.827829363409052  -18.806703916706695  -1.1412109684712215  -235.62969712322834  -1.0423438645088696  2.2250566352628818  -237.41690704831086  -1.63568674835731  -19.272802215556787  0.770388181537343  0.0  



slope_matrix
0.0  -8.30142823554693e-05  0.0002703262570598031  -0.0064167935995297675  0.0001454471987645092  0.0002914026999089531  -0.00693423918021501  0.0001864086846835063  -0.00032925724830723963  0.00016087270570282997  0.00025017427641992664  
8.324005341626869e-05  0.0  0.0001939770829936914  -0.01563251573226544  0.00014848177910563212  0.0002942739688256552  -0.013511137399975535  0.00018164621991271964  -1.2204721101075987e-05  0.00016477646745428868  0.000187019728686423  
-0.00027086123876781775  -0.00019496184690691396  0.0  -0.0030108947888386893  7.206004618213561e-07  6.6226000466931e-05  -0.0030829292285991603  -4.393348614282313e-06  -0.00028317337571584516  1.2735503997392168e-05  4.673263589153241e-05  
0.0064112040580667625  0.01543224150936097  0.0029897805196322466  0.0  0.0022058049201572117  0.0036870989576575914  -0.0006405770340797568  0.002880280777632583  0.008689031924002874  0.0022403343944727605  0.00268004660058267  
-0.00014514092965782464  -0.00014871795774129616  -7.181977623300297e-07  -0.0022107940180823623  0.0  2.1731673005824673e-05  -0.0022866843686156716  -2.3396801413582036e-05  -0.00021635958166446617  5.9648964990003705e-05  7.660293997316619e-06  
-0.00029269813423511324  -0.00029464500633187975  -6.6226000466931e-05  -0.0037002917510655137  -2.1468937261956945e-05  0.0  -0.003646963379753063  -3.0475863845062375e-05  -0.0003269586599568017  -9.573840371493983e-06  -3.06989050119051e-05  
0.00693423918021501  0.013387030197893703  0.0030625495279305204  0.0006475398279284498  0.0022820483026047694  0.003646963379753063  0.0  0.0030047307289404047  0.009857392898000635  0.0023181245277844108  0.0027402690102528954  
-0.00018696347243554056  -0.0001824956655154574  4.390656898295938e-06  -0.0028977586424132635  2.362974447823339e-05  3.103940589169005e-05  -0.003022448664273216  0.0  -0.00029944168874702004  6.843216524159992e-05  1.4731802364720755e-05  
0.0003265960949410533  1.22175176631741e-05  0.0002822476844191402  -0.00872055199144182  0.00021635958166446617  0.00032502583609234174  -0.009884191428760946  0.0002981760856669396  0.0  0.00023502802998468726  0.0002644456945054444  
-0.0001610387935674829  -0.00016523541608916306  -1.2792606237091378e-05  -0.002248431475221283  -5.960973515442988e-05  9.64429599637702e-06  -0.002326047804978986  -6.876464503842965e-05  -0.00023533157681218891  0.0  -5.1062707978163005e-06  
-0.00024983705751321065  -0.00018754192178606596  -4.637183943401956e-05  -0.002691372896895812  -7.688489249320432e-06  3.055557038262678e-05  -0.002750746229270199  -1.4746278901906836e-05  -0.0002645545945855427  5.1433962795085056e-06  0.0  
