Height_Data

node	height
0	6.088682952294485
1	6.564493608183031
2	18.068158961967466
3	12.577350112570734
4	29.992158913460162
5	15.75369431308914
6	16.67380413469118
7	16.419826631610118
8	5.0932637285987425
9	14.930874276438473
10	30.90575137670688



height_matrix
0.0  -31.403503288644004  -790.6454166384167  -428.25203257823244  -1577.6294134369346  -637.8907498124472  -698.6179980381819  -681.8554828348317  65.69766876391901  -583.5846273935033  -1637.9265160112182  
31.403503288644004  0.0  -759.2419133497727  -396.84852928958844  -1546.2259101482905  -606.4872465238033  -667.214494749538  -650.4519795461878  97.10117205256302  -552.1811241048592  -1606.523012722574  
790.6454166384167  759.2419133497727  0.0  362.3933840601843  -786.9839967985179  152.75466682596948  92.0274186002348  108.78993380358497  856.3430854023358  207.0607892449135  -847.2810993728015  
428.25203257823244  396.84852928958844  -362.3933840601843  0.0  -1149.377380858702  -209.63871723421482  -270.3659654599495  -253.60345025659933  493.94970134215146  -155.3325948152708  -1209.6744834329857  
1577.6294134369346  1546.2259101482905  786.9839967985179  1149.377380858702  0.0  939.7386636244873  879.0114153987527  895.7739306021028  1643.3270822008535  994.0447860434314  -60.2971025742836  
637.8907498124472  606.4872465238033  -152.75466682596948  209.63871723421482  -939.7386636244873  0.0  -60.727248225734684  -43.96473302238451  703.5884185763663  54.30612241894403  -1000.035766198771  
698.6179980381819  667.214494749538  -92.0274186002348  270.3659654599495  -879.0114153987527  60.727248225734684  0.0  16.762515203350176  764.315666802101  115.03337064467871  -939.3085179730363  
681.8554828348317  650.4519795461878  -108.78993380358497  253.60345025659933  -895.7739306021028  43.96473302238451  -16.762515203350176  0.0  747.5531515987508  98.27085544132854  -956.0710331763864  
-65.69766876391901  -97.10117205256302  -856.3430854023358  -493.94970134215146  -1643.3270822008535  -703.5884185763663  -764.315666802101  -747.5531515987508  0.0  -649.2822961574223  -1703.624184775137  
583.5846273935033  552.1811241048592  -207.0607892449135  155.3325948152708  -994.0447860434314  -54.30612241894403  -115.03337064467871  -98.27085544132854  649.2822961574223  0.0  -1054.341888617715  
1637.9265160112182  1606.523012722574  847.2810993728015  1209.6744834329857  60.2971025742836  1000.035766198771  939.3085179730363  956.0710331763864  1703.624184775137  1054.341888617715  0.0  



slope_matrix
0.0  -0.0003460059859921111  -0.017488286145508  -0.011992496011711914  -0.016316365843799096  -0.007181836858955722  -0.009646755012954734  -0.01080081550506624  0.0008905743359620308  -0.006117880568125624  -0.021752012164823614  
0.0003460822491585189  0.0  -0.006832630609699178  -0.0045478859648130695  -0.010671722756217064  -0.016749164499414618  -0.00549464296096136  -0.005553248352652504  0.003043923888795079  -0.011380484833158682  -0.011161835702929022  
0.017585529729502152  0.0068424829970239074  0.0  0.014821815298985044  -0.0193172311438026  0.0016875239375383282  0.0024507967669836163  0.005604839454074445  0.00822773909879262  0.0022027743536692924  -0.027086991667928436  
0.01210435366247124  0.004536448665861779  -0.014833949408931  0.0  -0.018197868601309404  -0.0030146493706386945  -0.006952069052711481  -0.00783694222053768  0.005737596716716825  -0.002061481019446195  -0.019724025492140643  
0.01622574733556448  0.010673196038850629  0.01938384228567778  0.018226726623195404  0.0  0.008347296710112697  0.034296192563353596  0.018416404823234023  0.011151028582485265  0.00898855941806159  -0.0059114806445376075  
0.00719074230427739  0.016730682662725607  -0.001689016661056717  0.0030181214689636456  -0.00835917686910236  0.0  -0.0006821753339219803  -0.0005189416079129427  0.012135019292451988  0.0037195974259550705  -0.008972149346839861  
0.009574044100838452  0.005484255258503518  -0.0024872275297360756  0.006968194986081173  -0.034242750892043344  0.0006795037286084221  0.0  0.0006875518951333132  0.006208396286265136  0.0012389162158823771  -0.04005580034000154  
0.01085757138272025  0.005547091758026503  -0.005666142385603384  0.0076826249699060685  -0.018454345500661367  0.0005174147701822349  -0.000690668117154931  0.0  0.006371915714275067  0.0011110328484039405  -0.020468230211440515  
-0.0008864885813509515  -0.003058304631576788  -0.008214322162132717  -0.005770440436240087  -0.011148002728450264  -0.012112040257813157  -0.006206883764837591  -0.0063773515748059275  0.0  -0.009064390564811144  -0.011702323016727141  
0.006120447062333543  0.011324469321264545  -0.00220512022625041  0.002057657899261767  -0.008961817400319433  -0.0037923269845631306  -0.001243872952472737  -0.0011144347407726076  0.009040410695592067  0.0  -0.009174572647212975  
0.02181284479972324  0.011155635113690537  0.027078334911243257  0.019778850285039007  0.005759035584936351  0.00895126894198685  0.04026183103184896  0.020459470001634634  0.011711977071188899  0.009152273338695444  0.0  
