Height_Data

node	height
0	17.310781664955268
1	4.558986183913007
2	41.81054560180878
3	6.695138715509055
4	5.562307370594296
5	7.117466348963603
6	25.326866397570424
7	16.673499370677572
8	2.501808500843705
9	26.937687353008837
10	40.337942591375324



height_matrix
0.0  446.3128418364792  -857.4917377898729  371.5475032306175  411.19660030263407  356.7660360597083  -280.56296564153035  22.304880299719457  518.3140607439047  -336.94169908187484  -805.9506324247019  
-446.3128418364792  0.0  -1303.804579626352  -74.7653386058617  -35.11624153384514  -89.5468057767709  -726.8758074780096  -424.00796153675975  72.00121890742554  -783.254540918354  -1252.263474261181  
857.4917377898729  1303.804579626352  0.0  1229.0392410204904  1268.688338092507  1214.257773849581  576.9287721483425  879.7966180895924  1375.8057985337778  520.550038707998  51.541105365171006  
-371.5475032306175  74.7653386058617  -1229.0392410204904  0.0  39.64909707201656  -14.781467170909195  -652.1104688721479  -349.24262293089805  146.76655751328724  -708.4892023124924  -1177.4981356553194  
-411.19660030263407  35.11624153384514  -1268.688338092507  -39.64909707201656  0.0  -54.430564242925755  -691.7595659441645  -388.8917200029146  107.11746044127068  -748.1382993845089  -1217.147232727336  
-356.7660360597083  89.5468057767709  -1214.257773849581  14.781467170909195  54.430564242925755  0.0  -637.3290017012387  -334.46115575998886  161.54802468419643  -693.7077351415832  -1162.71666848441  
280.56296564153035  726.8758074780096  -576.9287721483425  652.1104688721479  691.7595659441645  637.3290017012387  0.0  302.8678459412498  798.8770263854351  -56.37873344034449  -525.3876667831715  
-22.304880299719457  424.00796153675975  -879.7966180895924  349.24262293089805  388.8917200029146  334.46115575998886  -302.8678459412498  0.0  496.0091804441853  -359.2465793815943  -828.2555127244214  
-518.3140607439047  -72.00121890742554  -1375.8057985337778  -146.76655751328724  -107.11746044127068  -161.54802468419643  -798.8770263854351  -496.0091804441853  0.0  -855.2557598257796  -1324.2646931686068  
336.94169908187484  783.254540918354  -520.550038707998  708.4892023124924  748.1382993845089  693.7077351415832  56.37873344034449  359.2465793815943  855.2557598257796  0.0  -469.00893334282705  
805.9506324247019  1252.263474261181  -51.541105365171006  1177.4981356553194  1217.147232727336  1162.71666848441  525.3876667831715  828.2555127244214  1324.2646931686068  469.00893334282705  0.0  



slope_matrix
0.0  0.006126463168654485  -0.04468430108337013  0.008948639287827975  0.005606716666248079  0.005746875580858703  -0.005097437602498735  0.0007522725227561368  0.005600973208816779  -0.0070166951079107635  -0.02904326603332259  
-0.0061256223145275766  0.0  -0.024082094193320133  -0.001044938345295062  -0.0003001901310809125  -0.0010439124012213907  -0.005964843324126125  -0.0069079172619217945  0.0005866157642775423  -0.0069970925577841165  -0.02767433092289903  
0.04466102800988921  0.02391863107001196  0.0  0.026591069688889885  0.016920356602994225  0.021385307746558314  0.008459366160532882  0.03846946296849989  0.014148558191420997  0.008931881240700035  0.0054772694330681194  
-0.009013767666924247  0.001045084408804329  -0.0264765023916521  0.0  0.0003659353675313019  -0.00014881171016721228  -0.008798036547114784  -0.005240735638218758  0.0026787106682476225  -0.010558706442809125  -0.02342347594301411  
-0.005566489783438934  0.0003006784958801707  -0.016897820166389278  -0.0003648208709159518  0.0  -0.0013049763664091526  -0.012793777805514417  -0.006810713134902183  0.0007000180396237815  -0.01457506914834422  -0.01518018499285777  
-0.005732102121781946  0.0010441558509418248  -0.021529393153361366  0.00014839340599246255  0.0013081125749321257  0.0  -0.008264120872682036  -0.009745371671328346  0.0010549041705902862  -0.010283245406783029  -0.02025638795269007  
0.005088193065678824  0.005943383544382745  -0.00840513945437562  0.008736742616186333  0.012767802989002666  0.008259836725003094  0.0  0.004663092316262506  0.00750612634018073  -0.005349025943106688  -0.006805539725170616  
-0.0007520188907525104  0.006906792010698155  -0.0386553874380313  0.005239949331296295  0.006804754505737788  0.009694526253912721  -0.004679663874246752  0.0  0.004127219008522094  -0.006555594514262669  -0.033424354831494  
-0.005602183968265291  -0.0005855185728830246  -0.014079060566248237  -0.0026826276277332707  -0.0007085894055782939  -0.001057389872262053  -0.007490642535259588  -0.0041303121029576595  0.0  -0.007876733835197823  -0.01273576354268712  
0.007038681827488507  0.0069734200580337784  -0.008874020434844835  0.010516390118932645  0.014586435940427156  0.010283245406783029  0.00541062700962999  0.006535320709143065  0.007881088829946365  0.0  -0.006977223048837058  
0.02913776689894078  0.027729483486740057  -0.005765224313777517  0.023247742066245202  0.015148067613283583  0.020196572320382317  0.006853478564873096  0.03346486920098672  0.012706435359514554  0.007027403855900915  0.0  
