Height_Data

node	height
0	42.45139956358296
1	6.746528776080316
2	37.85308208279552
3	4.468511049210996
4	6.330394203056555
5	34.27671151985858
6	44.019792582817736
7	10.486739437444594
8	59.74340071469179
9	29.94868874994451
10	45.74038809201521



height_matrix
0.0  1249.6704775625926  160.9411118275607  1329.401098003019  1264.2351876184243  286.11408153035336  -54.89375567321713  1118.763104414843  -605.2200402888091  437.5948784773459  -115.11459849512858  
-1249.6704775625926  0.0  -1088.729365735032  79.73062044042624  14.564710055831654  -963.5563960322393  -1304.5642332358098  -130.90737314774972  -1854.8905178514017  -812.0755990852467  -1364.7850760577212  
-160.9411118275607  1088.729365735032  0.0  1168.4599861754582  1103.2940757908636  125.17296970279267  -215.83486750077782  957.8219925872822  -766.1611521163697  276.6537666497852  -276.05571032268927  
-1329.401098003019  -79.73062044042624  -1168.4599861754582  0.0  -65.16591038459458  -1043.2870164726655  -1384.294853676236  -210.63799358817596  -1934.621138291828  -891.806219525673  -1444.5156964981475  
-1264.2351876184243  -14.564710055831654  -1103.2940757908636  65.16591038459458  0.0  -978.1211060880709  -1319.1289432916415  -145.47208320358138  -1869.4552279072334  -826.6403091410783  -1379.349786113553  
-286.11408153035336  963.5563960322393  -125.17296970279267  1043.2870164726655  978.1211060880709  0.0  -341.0078372035705  832.6490228844896  -891.3341218191624  151.48079694699254  -401.22868002548194  
54.89375567321713  1304.5642332358098  215.83486750077782  1384.294853676236  1319.1289432916415  341.0078372035705  0.0  1173.65686008806  -550.3262846155919  492.48863415056303  -60.22084282191145  
-1118.763104414843  130.90737314774972  -957.8219925872822  210.63799358817596  145.47208320358138  -832.6490228844896  -1173.65686008806  0.0  -1723.983144703652  -681.168225937497  -1233.8777029099715  
605.2200402888091  1854.8905178514017  766.1611521163697  1934.621138291828  1869.4552279072334  891.3341218191624  550.3262846155919  1723.983144703652  0.0  1042.814918766155  490.1054417936805  
-437.5948784773459  812.0755990852467  -276.6537666497852  891.806219525673  826.6403091410783  -151.48079694699254  -492.48863415056303  681.168225937497  -1042.814918766155  0.0  -552.7094769724745  
115.11459849512858  1364.7850760577212  276.05571032268927  1444.5156964981475  1379.349786113553  401.22868002548194  60.22084282191145  1233.8777029099715  -490.1054417936805  552.7094769724745  0.0  



slope_matrix
0.0  0.02894095594169969  0.017249851214100824  0.015294536332294282  0.020586796736987857  0.006879396045452113  -0.002582020492625453  0.019882052681976948  -0.017790124641058468  0.014249263382525103  -0.0029172478077832886  
-0.02900140351734956  0.0  -0.02589130477372252  0.0009532594505072482  0.0002676352454213828  -0.013095357380160903  -0.02189233484201728  -0.0013736345555902384  -0.02597158383998042  -0.013900643599542052  -0.017472603713451815  
-0.01730549589543663  0.025953024212992417  0.0  0.014773801822929046  0.020591528103599547  0.0024994602576436237  -0.007442581637957856  0.015831768472517063  -0.018346770884012684  0.007037745272189906  -0.0058486379305654505  
-0.015382847895801008  -0.0009568057175138154  -0.014873283005250164  0.0  -0.0020622123539428667  -0.008218611779179983  -0.013044494997938543  -0.0016109980389153037  -0.016273594083931225  -0.007925757372250914  -0.011619241290676133  
-0.02061028998399779  -0.00026812794653592885  -0.0206300313349077  0.0020485982516376794  0.0  -0.009944297540545658  -0.016277504236076525  -0.001331674141372953  -0.020032524596899234  -0.00989869846893879  -0.013899131258701661  
-0.006820359512046564  0.01329226646478465  -0.002478181938285343  0.008188937508615764  0.009905023859119705  0.0  -0.015628223519870324  0.01871121399740426  -0.06272583545525422  0.008126652196727068  -0.020713922561976354  
0.002557956927922513  0.02231168519301881  0.00735884307878547  0.012947015092370333  0.016203524668856915  0.015949852067519667  0.0  0.02652931419728888  -0.04159684690971972  0.030570368351990257  -0.002952002099113306  
-0.019913903602969792  0.0013747886278906714  -0.015850107439802783  0.001605105491032355  0.0013306996268165146  -0.018728048198031703  -0.02654731644623524  0.0  -0.04816940890482403  -0.012563043635881538  -0.04614351918137515  
0.01770684728756024  0.026276958745592886  0.018220241429640183  0.016170353880740788  0.01986035512490421  0.06294732498722898  0.040465167986440585  0.048035194892829536  0.0  0.04866145211227975  0.04955565639976547  
-0.013905143898231519  0.01407654011241544  -0.006895657194660648  0.007880235217157135  0.009846817261954476  -0.008313984464708702  -0.029262545106985324  0.01260722239380894  -0.049991127457629674  0.0  -0.01940693388246048  
0.0029179872875824734  0.017512961325006047  0.005833806219837051  0.011564451977408914  0.01387675841160516  0.021039783955190454  0.002900811311267411  0.04592027178674996  -0.04980746359691875  0.019285048045096807  0.0  
