Height_Data

node	height
0	12.421673262765262
1	5.460474443715132
2	17.941899785660596
3	8.911097885961642
4	10.662106572283506
5	13.714726996615722
6	18.991150654769104
7	12.836384128147678
8	9.436506384959126
9	16.37721005867214
10	5.484756310293849



height_matrix
0.0  904.9558464765169  -717.6294479763933  456.37479898447054  228.74366976262831  -168.0969854005598  -854.0320609604996  -53.91241249971404  388.07169411479776  -514.2197834678941  901.7992038212836  
-904.9558464765169  0.0  -1622.5852944529101  -448.5810474920463  -676.2121767138885  -1073.0528318770766  -1758.9879074370165  -958.8682589762309  -516.8841523617191  -1419.175629944411  -3.156642655233213  
717.6294479763933  1622.5852944529101  0.0  1174.0042469608638  946.3731177390216  549.5324625758335  -136.40261298410633  663.7170354766793  1105.701142091191  203.4096645084992  1619.428651797677  
-456.37479898447054  448.5810474920463  -1174.0042469608638  0.0  -227.63112922184223  -624.4717843850303  -1310.4068599449702  -510.2872114841846  -68.30310486967278  -970.5945824523646  445.4244048368131  
-228.74366976262831  676.2121767138885  -946.3731177390216  227.63112922184223  0.0  -396.8406551631881  -1082.775730723128  -282.65608226234235  159.32802435216945  -742.9634532305224  673.0555340586553  
168.0969854005598  1073.0528318770766  -549.5324625758335  624.4717843850303  396.8406551631881  0.0  -685.9350755599398  114.18457290084575  556.1686795153576  -346.1227980673343  1069.8961892218435  
854.0320609604996  1758.9879074370165  136.40261298410633  1310.4068599449702  1082.775730723128  685.9350755599398  0.0  800.1196484607856  1242.1037550752974  339.8122774926055  1755.8312647817834  
53.91241249971404  958.8682589762309  -663.7170354766793  510.2872114841846  282.65608226234235  -114.18457290084575  -800.1196484607856  0.0  441.9841066145118  -460.30737096818007  955.7116163209977  
-388.07169411479776  516.8841523617191  -1105.701142091191  68.30310486967278  -159.32802435216945  -556.1686795153576  -1242.1037550752974  -441.9841066145118  0.0  -902.2914775826919  513.7275097064859  
514.2197834678941  1419.175629944411  -203.4096645084992  970.5945824523646  742.9634532305224  346.1227980673343  -339.8122774926055  460.30737096818007  902.2914775826919  0.0  1416.0189872891779  
-901.7992038212836  3.156642655233213  -1619.428651797677  -445.4244048368131  -673.0555340586553  -1069.8961892218435  -1755.8312647817834  -955.7116163209977  -513.7275097064859  -1416.0189872891779  0.0  



slope_matrix
0.0  0.016400069707802046  -0.025693857786480246  0.007618944891226553  0.0025481081626671305  -0.0017724270919502298  -0.04257388140381354  -0.0008526397675108973  0.003959915246069365  -0.005996732168721797  0.009032443948530484  
-0.01641196674785123  0.0  -0.0242032412657057  -0.011624282132470751  -0.006231795933221717  -0.011064681706301059  -0.023484484745487536  -0.013231244086880515  -0.006063868516679013  -0.01451396635246892  -5.016117360929943e-05  
0.025841895857990398  0.0242032412657057  0.0  0.021225894900756895  0.014629357207281212  0.007816962483297774  -0.008688064521280658  0.01715474374455103  0.013197674171534866  0.003323144331130521  0.01700187560942443  
-0.007782653461535991  0.011642383791644078  -0.021470450749101387  0.0  -0.0027594996874996027  -0.010357800371289274  -0.018996910118077272  -0.011981385571359112  -0.001407440858637395  -0.014621792444295942  0.010764243712827769  
-0.002569576159993578  0.006199231543031615  -0.014665630214458726  0.002751494369900184  0.0  -0.008972205633352659  -0.015492570192060781  -0.006892369721100765  0.0023392750602285925  -0.035194858040290024  0.006506095060982652  
0.001781820917962262  0.011162517755925066  -0.007835911344301063  0.010537829638626903  0.009027312446842314  0.0  -0.008174652312715289  0.0032764583328793615  0.021481988393795195  -0.01472862970499295  0.016582395989179224  
0.04261637030741016  0.023493894850233957  0.00866598557713509  0.01882227606930437  0.015271872083542002  0.008157153948863597  0.0  0.015246182325853385  0.012730385928823381  0.004530830366568073  0.01602620723605133  
0.0008678752817082105  0.013191199050436524  -0.017507703388991804  0.012054977828589289  0.006992975810547807  -0.0032633487539538656  -0.015479196139694052  0.0  0.009583350100054462  -0.01591107400512202  0.013151391445176795  
-0.0039595112143128025  0.006067427542689507  -0.013222926836775784  0.0014071509037839468  -0.002354833348391508  -0.020838092151193612  -0.012752605288247407  -0.009600002315693133  0.0  -0.019124448443889188  0.011285753728174119  
0.006066058552175228  0.014542223895321353  -0.0033588121616330777  0.01468150933977257  0.035311951199169314  0.014970709258967747  -0.0045710556563438995  0.015955194834252343  0.019173214568267996  0.0  0.01709342089919336  
-0.009123828448212096  5.0297046769171655e-05  -0.017069976302283938  -0.010785094548106855  -0.006548506850152319  -0.01642204434722707  -0.01608198630501725  -0.013222352190384583  -0.011288233568589011  -0.017091357722259237  0.0  
