Height_Data

node	height
0	17.934209307252026
1	33.402525943489415
2	7.3054416800093795
3	7.843699498360164
4	9.822742516441982
5	6.783851668359205
6	5.03883354519157
7	31.896065435247774
8	7.44114683302705
9	21.697384016947442
10	15.355180365035048



height_matrix
0.0  -2010.8811627108603  1381.739791541544  1311.7662751559424  1054.4906828053058  1449.546493056067  1676.3988490678594  -1815.0412966394474  1364.0981216492469  -489.2127122604038  335.27376248820724  
2010.8811627108603  0.0  3392.6209542524043  3322.6474378668026  3065.371845516166  3460.4276557669273  3687.2800117787197  195.83986607141287  3374.979284360107  1521.6684504504565  2346.1549251990673  
-1381.739791541544  -3392.6209542524043  0.0  -69.9735163856019  -327.2491087362383  67.80670151452273  294.65905752631534  -3196.7810881809914  -17.64166989229716  -1870.9525038019478  -1046.466029053337  
-1311.7662751559424  -3322.6474378668026  69.9735163856019  0.0  -257.27559235063643  137.78021790012463  364.63257391191723  -3126.80757179539  52.33184649330474  -1800.9789874163462  -976.492512667735  
-1054.4906828053058  -3065.371845516166  327.2491087362383  257.27559235063643  0.0  395.05581025076106  621.9081662625537  -2869.5319794447532  309.60743884394117  -1543.7033950657096  -719.2169203170986  
-1449.546493056067  -3460.4276557669273  -67.80670151452273  -137.78021790012463  -395.05581025076106  0.0  226.8523560117926  -3264.5877896955144  -85.44837140681989  -1938.7592053164708  -1114.2727305678595  
-1676.3988490678594  -3687.2800117787197  -294.65905752631534  -364.63257391191723  -621.9081662625537  -226.8523560117926  0.0  -3491.440145707307  -312.3007274186125  -2165.611561328263  -1341.1250865796524  
1815.0412966394474  -195.83986607141287  3196.7810881809914  3126.80757179539  2869.5319794447532  3264.5877896955144  3491.440145707307  0.0  3179.1394182886943  1325.8285843790436  2150.3150591276544  
-1364.0981216492469  -3374.979284360107  17.64166989229716  -52.33184649330474  -309.60743884394117  85.44837140681989  312.3007274186125  -3179.1394182886943  0.0  -1853.3108339096507  -1028.8243591610399  
489.2127122604038  -1521.6684504504565  1870.9525038019478  1800.9789874163462  1543.7033950657096  1938.7592053164708  2165.611561328263  -1325.8285843790436  1853.3108339096507  0.0  824.486474748611  
-335.27376248820724  -2346.1549251990673  1046.466029053337  976.492512667735  719.2169203170986  1114.2727305678595  1341.1250865796524  -2150.3150591276544  1028.8243591610399  -824.486474748611  0.0  



slope_matrix
0.0  -0.021666643278858533  0.026283808094760205  0.027581292581075324  0.03105096239120453  0.023192743888897072  0.021062933145720057  -0.018354143964399307  0.026720825105763894  -0.030235643526600978  0.010687719556525574  
0.02164565298935264  0.0  0.07364056770680279  0.060743097584402245  0.02882614110885994  0.032504486715826855  0.026487177729895263  0.022381698979590043  0.024077757611187182  0.014016842763913564  0.018896222013523416  
-0.026134666002298922  -0.07409087037022066  0.0  -0.0021082710571136455  -0.0044970332380958955  0.0007380722925277318  0.0025845018641024063  -0.06810355961186602  -0.00018020091820528252  -0.02778779895740306  -0.01251304590521747  
-0.027598701349798915  -0.06113426748604973  0.002117842505617491  0.0  -0.004860676220491903  0.002239600421003326  0.004236465364376871  -0.053367598084918755  0.0005469465561591214  -0.02850101261934398  -0.012675136457265512  
-0.031014431847214877  -0.028858706886802542  0.0044995065136290155  0.004846027356387953  0.0  0.010426387180014807  0.01244812182270924  -0.025978019006380165  0.004618938368550517  -0.038163248332897644  -0.01746095946387712  
-0.02317420452527685  -0.03258099666478606  -0.000739359955452216  -0.002240693086682788  -0.010434648976512442  0.0  0.006763636136308665  -0.02866439362275454  -0.0008283091450835584  -0.0256619352126601  -0.014556142789913254  
-0.02100487218478711  -0.026531011741104615  -0.002596572590115574  -0.00423843512625732  -0.01244812182270924  -0.00676162014938279  0.0  -0.024378160492300703  -0.002764212492641286  -0.024789509630589093  -0.015520484742271176  
0.01838761317636964  -0.021906025287630075  0.06752811762106023  0.053195093089407786  0.025987429627284488  0.02860662276284187  0.02436625127857706  0.0  0.02206647707233721  0.011715371426871464  0.01660859704277172  
-0.026658161454939357  -0.024103551523783084  0.0001806437629766246  -0.0005459195336251277  -0.004638313690545935  0.0008283091450835584  0.0027634786958553445  -0.021953866571981867  0.0  -0.05266583784909493  -0.03577275240476495  
0.030198315571629865  -0.014029766277433676  0.02795386977143206  0.02849199473843294  0.03847715341639356  0.025655143645844525  0.024912131155277385  -0.011707095667806125  0.05281592573125251  0.0  0.044590939683537646  
-0.010680909923166844  -0.018906881498904564  0.012555081332373569  0.012650505410904716  0.01731800915764745  0.014529570094769325  0.015491799544641936  -0.016582980327968337  0.03601065310329156  -0.04418469853958259  0.0  
