Height_Data

node	height
0	17.393796456470987
1	16.950156267342376
2	86.27597922647591
3	35.61536494974943
4	13.391625488146408
5	18.211012313081035
6	82.04974188982747
7	34.012595807429356
8	9.80991315164323
9	3.4627602873363457
10	17.22355369179824



height_matrix
0.0  8.872803782572248  -1377.6436554000984  -364.43136986556874  80.0434193664916  -16.3443171322009  -1293.1189086671297  -332.3759870191674  151.67766609655519  278.62072338269286  3.4048552934549434  
-8.872803782572248  0.0  -1386.5164591826706  -373.304173648141  71.17061558391936  -25.217120914773147  -1301.991712449702  -341.24879080173963  142.80486231398294  269.7479196001206  -5.467948489117305  
1377.6436554000984  1386.5164591826706  0.0  1013.2122855345297  1457.68707476659  1361.2993382678974  84.52474673296865  1045.267668380931  1529.3213214966536  1656.2643787827913  1381.0485106935535  
364.43136986556874  373.304173648141  -1013.2122855345297  0.0  444.47478923206035  348.08705273336784  -928.687538801561  32.05538284640136  516.1090359621239  643.0520932482616  367.8362251590237  
-80.0434193664916  -71.17061558391936  -1457.68707476659  -444.47478923206035  0.0  -96.3877364986925  -1373.1623280336214  -412.419406385659  71.63424673006358  198.57730401620125  -76.63856407303666  
16.3443171322009  25.217120914773147  -1361.2993382678974  -348.08705273336784  96.3877364986925  0.0  -1276.7745915349287  -316.0316698869665  168.02198322875608  294.96504051489376  19.749172425655843  
1293.1189086671297  1301.991712449702  -84.52474673296865  928.687538801561  1373.1623280336214  1276.7745915349287  0.0  960.7429216479624  1444.796574763685  1571.7396320498226  1296.5237639605848  
332.3759870191674  341.24879080173963  -1045.267668380931  -32.05538284640136  412.419406385659  316.0316698869665  -960.7429216479624  0.0  484.05365311572257  610.9967104018602  335.7808423126223  
-151.67766609655519  -142.80486231398294  -1529.3213214966536  -516.1090359621239  -71.63424673006358  -168.02198322875608  -1444.796574763685  -484.05365311572257  0.0  126.94305728613767  -148.27281080310024  
-278.62072338269286  -269.7479196001206  -1656.2643787827913  -643.0520932482616  -198.57730401620125  -294.96504051489376  -1571.7396320498226  -610.9967104018602  -126.94305728613767  0.0  -275.2158680892379  
-3.4048552934549434  5.467948489117305  -1381.0485106935535  -367.8362251590237  76.63856407303666  -19.749172425655843  -1296.5237639605848  -335.7808423126223  148.27281080310024  275.2158680892379  0.0  



slope_matrix
0.0  0.00017639768951435882  -0.05747366105131825  -0.01061244524943415  0.0016500395664088149  -0.0001906709884764454  -0.05396990436841109  -0.012025180427610976  0.0029320458931115807  0.0038414548929090425  3.651710953941381e-05  
-0.000172320912460133  0.0  -0.03847159986633381  -0.019342185163116112  0.002173148567447919  -0.00021916496536392445  -0.03309587474452725  -0.010690751591533196  0.003147561435177054  0.002352363889737777  -4.396163763561107e-05  
0.05627629311274912  0.03858938099589954  0.0  0.045435528499306266  0.04634935054901717  0.016452735536232745  0.014548149179512677  0.052055162767974644  0.03190739247854483  0.019703359252709864  0.015001613194585635  
0.010436178976677226  0.019352212216077812  -0.04555810636396267  0.0  0.015005901054424725  0.0033989556950821975  -0.034717291170151814  0.0024211014234442113  0.015783150946853942  0.00649541007917356  0.0032921885362841106  
-0.0016278913843093675  -0.002152771191286127  -0.046408375509920094  -0.014910257941363983  0.0  -0.0009154500569730507  -0.03956100051955118  -0.011513662936506392  0.0011813035410630538  0.0017889686040324074  -0.0006578982236504135  
0.00018934565723124303  0.00021610352999205715  -0.01625626150307974  -0.0033729365574938744  0.0009117266032793465  0.0  -0.015866466901142396  -0.0031433426485674007  0.0013086843463568508  0.005026670765420821  0.0016017171472551372  
0.05228948276049857  0.032557932294316125  -0.014573232195339422  0.03470431759348135  0.03866973607529207  0.01613311336283711  0.0  0.03915007830676293  0.027577716639887097  0.019770309837104687  0.014656610490171657  
0.01194308253751949  0.010717612776436547  -0.052107062232349496  -0.0024321231294689954  0.01162727393249673  0.003168554941718132  -0.039102276013348085  0.0  0.01565503405937007  0.006355942061810675  0.0030788633991621337  
-0.0029525932159497614  -0.003145481548766144  -0.03191405094942933  -0.015773503544074693  -0.0011844286827060778  -0.0013167867024197184  -0.027556676993394716  -0.015639859551396528  0.0  0.001032712267015975  -0.0010829156500372498  
-0.003825631242382162  -0.002358761101784895  -0.01962398553060179  -0.006494819646987796  -0.00178817923472491  -0.005044724482895395  -0.019747953663146408  -0.006368529397559519  -0.001034909688378031  0.0  -0.004170569299730836  
-3.630683827527131e-05  4.3541555097287026e-05  -0.01490930055806492  -0.0032816149982962234  0.000654806596659575  -0.0015748941328274197  -0.014508994672790787  -0.0030684532789237167  0.0010800758362696696  0.004161110796631961  0.0  
