Height_Data

node	height
0	14.119298303178713
1	58.51478252033798
2	8.584290410218545
3	2.42100785048826
4	2.46153133108555
5	37.44980253080636
6	36.35713809816051
7	8.480506124361593
8	11.37826609712752
9	10.470095207426846
10	16.35473747519499



height_matrix
0.0  -887.9096843431855  110.70015785920336  233.96580905380904  233.15533944186325  -466.6100845525529  -444.75679589963596  112.77584357634237  54.82064412102383  72.98406191503733  -44.70878344032559  
887.9096843431855  0.0  998.6098422023888  1121.8754933969944  1121.0650237850487  421.29959979063256  443.1528884435495  1000.6855279195279  942.7303284642093  960.8937462582228  843.2009009028599  
-110.70015785920336  -998.6098422023888  0.0  123.26565119460568  122.45518158265989  -577.3102424117562  -555.4569537588393  2.0756857171390095  -55.879513738179526  -37.71609594416603  -155.40894129952895  
-233.96580905380904  -1121.8754933969944  -123.26565119460568  0.0  -0.8104696119457913  -700.5758936063619  -678.7226049534449  -121.18996547746667  -179.1451649327852  -160.9817471387717  -278.67459249413463  
-233.15533944186325  -1121.0650237850487  -122.45518158265989  0.8104696119457913  0.0  -699.7654239944161  -677.9121353414992  -120.37949586552088  -178.33469532083942  -160.17127752682592  -277.86412288218884  
466.6100845525529  -421.29959979063256  577.3102424117562  700.5758936063619  699.7654239944161  0.0  21.853288652916945  579.3859281288953  521.4307286735767  539.5941464675902  421.9013011122273  
444.75679589963596  -443.1528884435495  555.4569537588393  678.7226049534449  677.9121353414992  -21.853288652916945  0.0  557.5326394759784  499.57744002065976  517.7408578146733  400.04801245931037  
-112.77584357634237  -1000.6855279195279  -2.0756857171390095  121.18996547746667  120.37949586552088  -579.3859281288953  -557.5326394759784  0.0  -57.955199455318535  -39.79178166130504  -157.48462701666796  
-54.82064412102383  -942.7303284642093  55.879513738179526  179.1451649327852  178.33469532083942  -521.4307286735767  -499.57744002065976  57.955199455318535  0.0  18.163417794013498  -99.52942756134942  
-72.98406191503733  -960.8937462582228  37.71609594416603  160.9817471387717  160.17127752682592  -539.5941464675902  -517.7408578146733  39.79178166130504  -18.163417794013498  0.0  -117.69284535536292  
44.70878344032559  -843.2009009028599  155.40894129952895  278.67459249413463  277.86412288218884  -421.9013011122273  -400.04801245931037  157.48462701666796  99.52942756134942  117.69284535536292  0.0  



slope_matrix
0.0  -0.009459936973611608  0.003823839649713415  0.0035911866316778057  0.003275113631716017  -0.005386241308467654  -0.004473019439607728  0.001129226430122583  0.0013089934126318966  0.0010051516583809024  -0.0024824421677026977  
0.009473057551938393  0.0  0.01320702854311999  0.007495510168146522  0.007495203106117153  0.04406899579399922  0.049569674322544686  0.022909467214274906  0.013712441141297589  0.02080757354391994  0.010225574835106232  
-0.0037898034186649556  -0.013151543403911298  0.0  0.0016713986602658398  0.001245475809424938  -0.00834263356086353  -0.006850642613668298  2.244469849847545e-05  -0.0011292897162236677  -0.0005441652855888909  -0.0045494420755131425  
-0.0036156051468677025  -0.007506142026327901  -0.0016775401632363322  0.0  -8.662565326483447e-06  -0.004882061976350954  -0.004389872680167937  -0.000737604931634835  -0.0017125051613878712  -0.0011744320294354187  -0.003459647330777587  
-0.0032700608617372124  -0.007477705083244166  -0.0012481416938401784  8.755208079786013e-06  0.0  -0.004925116123861854  -0.004268672417789065  -0.0008930825935375572  -0.0021763792890108664  -0.0014246184551131443  -0.0038501333363196457  
0.005394336237601768  -0.044022946686586475  0.008389917779563381  0.00487927381988245  0.0049421603350101075  0.0  0.0011838184535707987  0.013581479796739225  0.00858039704909621  0.014125501216429064  0.005608152347630298  
0.004438114774526618  -0.047093824489218866  0.00686495147516857  0.0043796184171013336  0.004265717780164353  -0.0011556472053366972  0.0  0.0125910713522127  0.006396638156474517  0.009323624307845729  0.004416028396724918  
-0.0011241611201788513  -0.02291471325668715  -2.254954608516034e-05  0.0007415359722296668  0.0008932747797266357  -0.0135846641999741  -0.012628145854495546  0.0  -0.0009480647710668826  -0.0013966929330047398  -0.0018919344908297448  
-0.0013219349920671288  -0.013694513777806642  0.001133665653733532  0.0017144718626929392  0.0021787723463468915  -0.008548044732353717  -0.006427086582023154  0.0009511767512771793  0.0  0.0005214877345395779  -0.004201326617194995  
-0.0010007412849998263  -0.02085725518250972  0.000545582177696601  0.0011765005527897311  0.0014246184551131443  -0.014114416596065662  -0.009420321284837578  0.0013971833448491937  -0.0005189547941146713  0.0  -0.002060809759330466  
0.0024700985326146733  -0.010211952293845947  0.0045414652629903254  0.00343533767867523  0.003862979603533836  -0.005599964177226272  -0.004437089756647187  0.0018844636474412823  0.0041161880711889755  0.002047900562995701  0.0  
