Height_Data

node	height
0	21.662202940751943
1	25.641077494049586
2	7.975584545814113
3	242.46407070057123
4	7.876717441851761
5	4.609316942080009
6	244.25128062565375
7	8.470060325700201
8	26.107175792899678
9	6.063985395805548
10	6.834373577342891



height_matrix
0.0  -13.926060936541745  47.90316438228241  -772.8065371593675  48.24919924615064  59.68510099535177  -779.0617718971564  46.1724991526811  -15.55740498251707  54.593761407312385  51.89740277193168  
13.926060936541745  0.0  61.82922531882416  -758.8804762228258  62.175260182692384  73.61116193189352  -765.1357109606147  60.09856008922284  -1.6313440459753252  68.51982234385413  65.82346370847343  
-47.90316438228241  -61.82922531882416  0.0  -820.7097015416499  0.3460348638682298  11.781936613069359  -826.9649362794388  -1.7306652296013105  -63.46056936479948  6.690597025029973  3.994238389649272  
772.8065371593675  758.8804762228258  820.7097015416499  0.0  821.0557364055181  832.4916381547192  -6.255234737788896  818.9790363120486  757.2491321768504  827.4002985666799  824.7039399312991  
-48.24919924615064  -62.175260182692384  -0.3460348638682298  -821.0557364055181  0.0  11.435901749201129  -827.310971143307  -2.0767000934695403  -63.80660422866771  6.344562161161743  3.6482035257810423  
-59.68510099535177  -73.61116193189352  -11.781936613069359  -832.4916381547192  -11.435901749201129  0.0  -838.7468728925081  -13.51260184267067  -75.24250597786883  -5.091339588039386  -7.787698223420087  
779.0617718971564  765.1357109606147  826.9649362794388  6.255234737788896  827.310971143307  838.7468728925081  0.0  825.2342710498375  763.5043669146393  833.6555333044688  830.959174669088  
-46.1724991526811  -60.09856008922284  1.7306652296013105  -818.9790363120486  2.0767000934695403  13.51260184267067  -825.2342710498375  0.0  -61.72990413519817  8.421262254631284  5.724903619250583  
15.55740498251707  1.6313440459753252  63.46056936479948  -757.2491321768504  63.80660422866771  75.24250597786883  -763.5043669146393  61.72990413519817  0.0  70.15116638982946  67.45480775444875  
-54.593761407312385  -68.51982234385413  -6.690597025029973  -827.4002985666799  -6.344562161161743  5.091339588039386  -833.6555333044688  -8.421262254631284  -70.15116638982946  0.0  -2.696358635380701  
-51.89740277193168  -65.82346370847343  -3.994238389649272  -824.7039399312991  -3.6482035257810423  7.787698223420087  -830.959174669088  -5.724903619250583  -67.45480775444875  2.696358635380701  0.0  



slope_matrix
0.0  -0.0002905499882441424  0.0009461418997093109  -0.022458777598354185  0.0005090651956757822  0.0010199094496813358  -0.024269837130752536  0.0006524303963922722  -0.0011524003690753385  0.000563054469959905  0.0008756099674697433  
0.0002913401869569403  0.0  0.0006789197904779198  -0.05471380506292904  0.0005196862268697124  0.0010299588908897932  -0.04728898089991438  0.0006357617696945186  -4.2716523853766046e-05  0.0005767176360900103  0.0006545690504024804  
-0.0009480143356873622  -0.0006823664641741989  0.0  -0.010538131760935413  2.522101616374733e-06  0.00023179100163425847  -0.010790252300097062  -1.5376720149988098e-05  -0.0009911068150054581  4.4574263990872576e-05  0.00016356422562036332  
0.02243921420323367  0.0540128452827634  0.010464231818712864  0.0  0.007720317220550241  0.01290484635180157  -0.0022420196192791744  0.01008098272171404  0.030411611734010056  0.007841170380654662  0.009380163102039344  
-0.0005079932538023862  -0.0005205128520945365  -2.5136921681550906e-06  -0.007737779063288268  0.0  7.606085552038636e-05  -0.008003395290154851  -8.188880494753708e-05  -0.0007572585358256315  0.00020877137746501295  2.6811028990608157e-05  
-0.0010244434698228964  -0.0010312575221615792  -0.00023179100163425847  -0.012951021128729296  -7.51412804168493e-05  0.0  -0.01276437182913572  -0.0001066655234577183  -0.0011443553098488058  -3.350844130022894e-05  -0.00010744616754166786  
0.024269837130752536  0.04685460569262797  0.010718923347756822  0.0022663893977496003  0.007987169059116693  0.01276437182913572  0.0  0.010516557551291416  0.03450087514300223  0.00811343584724544  0.009590941535885134  
-0.0006543721535243919  -0.0006387348293041008  1.536729914403579e-05  -0.010142155248446423  8.270410567381682e-05  0.00010863792062091516  -0.010578570324956255  0.0  -0.00104804591061457  0.00023951257834559965  5.156130827652262e-05  
0.0011430863322936862  4.276131182110944e-05  0.0009878668954669907  -0.03052193197004637  0.0007572585358256315  0.001137590426323196  -0.03459467000066331  0.0010436162998342885  0.0  0.0008225981049464054  0.0009255599307690553  
-0.0005636357774861903  -0.0005783239563120706  -4.47741218298198e-05  -0.00786951016327449  -0.00020863407304050455  3.3755035987319574e-05  -0.008141167317426453  -0.00024067625763450368  -0.0008236605188426613  0.0  -1.7871947792357055e-05  
-0.0008744297012962373  -0.0006563967262512308  -0.00016230143801906834  -0.009419805139135342  -2.6909712372621503e-05  0.00010694449633919372  -0.009627611802445696  -5.16119761566739e-05  -0.0009259410810493995  1.8001886978279774e-05  0.0  
