Height_Data

node	height
0	20.61747958549217
1	15.110087592067572
2	23.493232253518183
3	13.8829107127734
4	4.64865128949099
5	30.25253640901872
6	65.2627255227548
7	20.45660191373717
8	14.069245375248798
9	62.16987543490606
10	10.696584740400995



height_matrix
0.0  110.14783986849193  -57.51505336052031  134.69137745437536  319.37656592002355  -192.70113647053108  -892.9049187452528  3.217553435099944  130.9646842048674  -831.047916988278  198.41789690182347  
-110.14783986849193  0.0  -167.66289322901224  24.543537585883428  209.22872605153162  -302.848976339023  -1003.0527586137447  -106.93028643339198  20.816844336375482  -941.1957568567699  88.27005703333154  
57.51505336052031  167.66289322901224  0.0  192.20643081489567  376.89161928054386  -135.18608311001077  -835.3898653847325  60.732606795620256  188.47973756538772  -773.5328636277577  255.93295026234378  
-134.69137745437536  -24.543537585883428  -192.20643081489567  0.0  184.6851884656482  -327.39251392490644  -1027.5962961996281  -131.4738240192754  -3.726693249507946  -965.7392944426533  63.72651944744811  
-319.37656592002355  -209.22872605153162  -376.89161928054386  -184.6851884656482  0.0  -512.0777023905546  -1212.2814846652764  -316.1590124849236  -188.41188171515614  -1150.4244829083016  -120.95866901820008  
192.70113647053108  302.848976339023  135.18608311001077  327.39251392490644  512.0777023905546  0.0  -700.2037822747217  195.91868990563103  323.6658206753985  -638.3467805177469  391.1190333723546  
892.9049187452528  1003.0527586137447  835.3898653847325  1027.5962961996281  1212.2814846652764  700.2037822747217  0.0  896.1224721803527  1023.8696029501202  61.857001756974796  1091.3228156470761  
-3.217553435099944  106.93028643339198  -60.732606795620256  131.4738240192754  316.1590124849236  -195.91868990563103  -896.1224721803527  0.0  127.74713076976747  -834.2654704233779  195.20034346672352  
-130.9646842048674  -20.816844336375482  -188.47973756538772  3.726693249507946  188.41188171515614  -323.6658206753985  -1023.8696029501202  -127.74713076976747  0.0  -962.0126011931454  67.45321269695606  
831.047916988278  941.1957568567699  773.5328636277577  965.7392944426533  1150.4244829083016  638.3467805177469  -61.857001756974796  834.2654704233779  962.0126011931454  0.0  1029.4658138901013  
-198.41789690182347  -88.27005703333154  -255.93295026234378  -63.72651944744811  120.95866901820008  -391.1190333723546  -1091.3228156470761  -195.20034346672352  -67.45321269695606  -1029.4658138901013  0.0  



slope_matrix
0.0  0.002676739729489476  -0.0022396827632601367  0.0024850807648408735  0.003348464729712975  -0.01211195075239039  -0.01003715061539178  4.341005713842342e-05  0.005035166636096402  -0.009424342171083091  0.003003146615738209  
-0.0027089975373460876  0.0  -0.0032255269955562185  0.0007482785849354704  0.002095010774522195  -0.0071748158336655534  -0.01325737190871986  -0.0016739243336473385  0.0008549012047792806  -0.013059466586052032  0.003362668839365011  
0.002299682261516206  0.0032379855780033263  0.0  0.0031242917882785383  0.005089691009865549  -0.01048767130411255  -0.012059908551822325  0.0011548318462753424  0.004392443196583261  -0.010538594872312776  0.003336805088166151  
-0.0024818753907200177  -0.0007494209949888069  -0.003122261709143854  0.0  0.002397574821052164  -0.006304496705659666  -0.023936554768218685  -0.004118854135942212  -7.531716349045969e-05  -0.024449096061839325  0.00216022099821858  
-0.003364337574212826  -0.0020916597625865404  -0.005088316717706816  -0.002400691387828522  0.0  -0.006301719202443448  -0.021803623824915044  -0.00685811306908728  -0.0016828499617287972  -0.018645453531739086  -0.001137364071633287  
0.012173160863583771  0.007109130899977066  0.010495813906056736  0.0062551110799561795  0.006318046914133925  0.0  -0.008976971567624637  0.003195021035643037  0.009595784781363727  -0.00777239474635026  0.005792639712268285  
0.010060787131922488  0.013250366692387645  0.012054687812189503  0.023880927171732003  0.021957643265083794  0.008972370352059477  0.0  0.05210014373141585  0.011307229187742907  0.00948727020812497  0.01586225022742843  
-4.3871740320424654e-05  0.001685534149328373  -0.0011572524160750812  0.004130500283357695  0.00680936921139185  -0.00320023995272184  -0.05231304566143331  0.0  0.0016915668798962852  -0.039241085156320694  0.00318694438313018  
-0.005039041331468542  -0.0008549012047792806  -0.004305156180113927  7.524113162745701e-05  0.0016863141655343787  -0.009516783906950852  -0.011307229187742907  -0.0016866534297566341  0.0  -0.010813990570966114  0.0013788473568470167  
0.009399824874600197  0.013119539404192498  0.010535724102802475  0.024492500493092907  0.01873960714950809  0.007769556724899548  -0.009443817062133557  0.039130650582710036  0.01082981651686531  0.0  0.016082890390409332  
-0.0030320583267393563  -0.003362668839365011  -0.003334196850734025  -0.002172741883649782  0.0011403664468577362  -0.005838468926292799  -0.015871477830818444  -0.0031905907725845624  -0.0013788473568470167  -0.016065321689920434  0.0  
