Height_Data

node	height
0	8.53377146118144
1	11.778380747352157
2	6.255625975279289
3	11.298792507440256
4	9.4941980224091
5	3.4435521034189303
6	12.76340389240794
7	10.002270538846783
8	3.340224205652145
9	6.832078976513168
10	3.4409515262978525



height_matrix
0.0  -811.1523215426796  569.5363714755376  -691.2552615647041  -240.10664030691487  1272.5548394406273  -1057.4081078066251  -367.1247694163362  1298.3868138823236  425.4231211670676  1273.2049837208965  
811.1523215426796  0.0  1380.6886930182172  119.89705997797546  571.0456812357647  2083.707160983307  -246.25578626394554  444.0275521263434  2109.539135425003  1236.5754427097472  2084.357305263576  
-569.5363714755376  -1380.6886930182172  0.0  -1260.7916330402418  -809.6430117824525  703.0184679650896  -1626.9444792821628  -936.6611408918739  728.8504424067859  -144.11325030847001  703.668612245359  
691.2552615647041  -119.89705997797546  1260.7916330402418  0.0  451.1486212577893  1963.8101010053315  -366.152846241921  324.1304921483679  1989.6420754470278  1116.6783827317718  1964.4602452856006  
240.10664030691487  -571.0456812357647  809.6430117824525  -451.1486212577893  0.0  1512.6614797475422  -817.3014674997103  -127.01812910942135  1538.4934541892385  665.5297614739825  1513.3116240278114  
-1272.5548394406273  -2083.707160983307  -703.0184679650896  -1963.8101010053315  -1512.6614797475422  0.0  -2329.9629472472525  -1639.6796088569636  25.831974441696275  -847.1317182735596  0.6501442802693873  
1057.4081078066251  246.25578626394554  1626.9444792821628  366.152846241921  817.3014674997103  2329.9629472472525  0.0  690.2833383902889  2355.7949216889488  1482.8312289736928  2330.6130915275216  
367.1247694163362  -444.0275521263434  936.6611408918739  -324.1304921483679  127.01812910942135  1639.6796088569636  -690.2833383902889  0.0  1665.5115832986598  792.5478905834038  1640.3297531372327  
-1298.3868138823236  -2109.539135425003  -728.8504424067859  -1989.6420754470278  -1538.4934541892385  -25.831974441696275  -2355.7949216889488  -1665.5115832986598  0.0  -872.9636927152559  -25.181830161426888  
-425.4231211670676  -1236.5754427097472  144.11325030847001  -1116.6783827317718  -665.5297614739825  847.1317182735596  -1482.8312289736928  -792.5478905834038  872.9636927152559  0.0  847.781862553829  
-1273.2049837208965  -2084.357305263576  -703.668612245359  -1964.4602452856006  -1513.3116240278114  -0.6501442802693873  -2330.6130915275216  -1640.3297531372327  25.181830161426888  -847.781862553829  0.0  



slope_matrix
0.0  -0.010607458108312796  0.010731795203986011  -0.00825971157324297  -0.006834803310757611  0.016682680118518974  -0.016699433161822885  -0.01200538814311106  0.01632369642798999  0.0067538199899518595  0.017196177521892172  
0.01055775506368189  0.0  0.014518282786732043  0.004648974795578731  0.01032072440332125  0.014758178064900538  -0.011132720898008389  0.008801338991602445  0.022987241314427406  0.015945524728687908  0.014131235967888652  
-0.010782589388026082  -0.01466010504372709  0.0  -0.011132817951790214  -0.019337067393896644  0.006335782876397707  -0.017835392230674884  -0.012316385810544036  0.0056953454432324465  -0.004441086296100771  0.007252820163320542  
0.008201889672101378  -0.004685309104258517  0.011115151485852435  0.0  0.006147276485322105  0.013784025415914449  -0.016635749488501637  0.006070996294219291  0.027511643742353813  0.01108475662826853  0.012867362581290369  
0.006767379941006619  -0.010373218551058397  0.019005704501935505  -0.006151467429203562  0.0  0.01395675923813495  -0.015811597359251504  -0.0031285253475226934  0.015914571480772494  0.01913541579856189  0.015262850469266882  
-0.01664340621816149  -0.014751909104306599  -0.006336925076303314  -0.013780156487301463  -0.013943893731195426  0.0  -0.019021658480261674  -0.017880911765070485  0.00027483747677089343  -0.0064706058529908315  1.6480209892760136e-05  
0.01667310166834792  0.009986041616542804  0.017890306567870714  0.014353306399134496  0.015885354081627022  0.0188798553378758  0.0  0.021128966586785702  0.03206471922810601  0.01881765519002148  0.017963720452655478  
0.011781924564067273  -0.008799594770637006  0.012318005535137741  -0.006072133610872385  0.003130838775189089  0.017949421005549682  -0.020911340151175066  0.0  0.02889005348306435  0.010553234228806975  0.01688103070018764  
-0.016256251582350365  -0.022912339909036638  -0.005720377374418512  -0.027492636112298297  -0.015914571480772494  -0.00027562926207529105  -0.03362539140292533  -0.028835034336888155  0.0  -0.006689787057561045  -0.00022828238746647528  
-0.006645159655842981  -0.016046917242535  0.004485317469918145  -0.011075960947547826  -0.019369317854306824  0.0064484411834784166  -0.01872971111498917  -0.010595560034537484  0.006707262990313294  0.0  0.0071152485317148885  
-0.017289584243901365  -0.014026630587238062  -0.007257308294609725  -0.012758720824093009  -0.015299884986632407  -1.6417784855287558e-05  -0.017637453394335718  -0.016929814770742416  0.0002275809323219782  -0.0071730422417618156  0.0  
