Height_Data

node	height
0	5.894109060940493
1	261.62086308180614
2	10.90101286334102
3	24.91999028586347
4	30.24549236100897
5	361.8579348692222
6	329.4374820546216
7	40.89729684665146
8	260.3296875164194
9	36.26525157914675
10	6.678107873672036



height_matrix
0.0  -895.0436390730297  -17.524163308401842  -66.59058428723043  -85.22984155023967  -1245.873390328986  -1132.401805477884  -122.51115724998839  -890.5245245941762  -106.2989988137219  -2.743995844560402  
895.0436390730297  0.0  877.5194757646278  828.4530547857993  809.8137975227901  -350.82975125595624  -237.35816640485416  772.5324818230413  4.519114478853453  788.7446402593079  892.2996432284693  
17.524163308401842  -877.5194757646278  0.0  -49.06642097882858  -67.70567824183783  -1228.349227020584  -1114.877642169482  -104.98699394158655  -873.0003612857744  -88.77483550532006  14.78016746384144  
66.59058428723043  -828.4530547857993  49.06642097882858  0.0  -18.63925726300924  -1179.2828060417555  -1065.8112211906534  -55.92057296275796  -823.9339403069458  -39.70841452649147  63.846588442670026  
85.22984155023967  -809.8137975227901  67.70567824183783  18.63925726300924  0.0  -1160.6435487787462  -1047.1719639276441  -37.28131569974872  -805.2946830439366  -21.069157263482225  82.48584570567927  
1245.873390328986  350.82975125595624  1228.349227020584  1179.2828060417555  1160.6435487787462  0.0  113.47158485110208  1123.3622330789976  355.3488657348097  1139.574391515264  1243.1293944844256  
1132.401805477884  237.35816640485416  1114.877642169482  1065.8112211906534  1047.1719639276441  -113.47158485110208  0.0  1009.8906482278956  241.8772808837076  1026.102806664162  1129.6578096333235  
122.51115724998839  -772.5324818230413  104.98699394158655  55.92057296275796  37.28131569974872  -1123.3622330789976  -1009.8906482278956  0.0  -768.0133673441878  16.212158436266492  119.76716140542798  
890.5245245941762  -4.519114478853453  873.0003612857744  823.9339403069458  805.2946830439366  -355.3488657348097  -241.8772808837076  768.0133673441878  0.0  784.2255257804544  887.7805287496159  
106.2989988137219  -788.7446402593079  88.77483550532006  39.70841452649147  21.069157263482225  -1139.574391515264  -1026.102806664162  -16.212158436266492  -784.2255257804544  0.0  103.55500296916149  
2.743995844560402  -892.2996432284693  -14.78016746384144  -63.846588442670026  -82.48584570567927  -1243.1293944844256  -1129.6578096333235  -119.76716140542798  -887.7805287496159  -103.55500296916149  0.0  



slope_matrix
0.0  -0.012964131504534033  -0.000562392917471176  -0.0011872095611914857  -0.0009031455075791  -0.013096535165867612  -0.012115136466009244  -0.0012675753466113646  -0.012696386150473  -0.0011875656218715439  -3.127417192341466e-05  
0.012990473716589691  0.0  0.02184514502774777  0.04672606061961643  0.02561080953582511  -0.009541195302038516  -0.006760414879090121  0.02017582872350591  0.0017117857874444898  0.02532085522501791  0.019380965317733912  
0.0005435534524938537  -0.021801726105953486  0.0  -0.001548325054554389  -0.0010324135139042061  -0.018515966641853846  -0.017236821925935095  -0.0015471116112818531  -0.02111246339264267  -0.0014620361578610022  0.00021102466396118562  
0.001188056811547376  -0.04651617376674898  0.0015357252262544157  0.0  -0.0004189538607104797  -0.025981114916099484  -0.024372541074563308  -0.0011920821352112121  -0.04357133475975388  -0.0009984514590518348  0.0015602783099381726  
0.0008924590738244992  -0.025219987465673936  0.0010141653421485595  0.0004098341526607133  0.0  -0.041172172712974325  -0.039471238745859186  -0.002883319079640272  -0.02504804612889383  -0.0007072560343565702  0.0011270097787358828  
0.013021251989224353  0.009476762594704383  0.018350003391404003  0.025827481516464204  0.04115757265172859  0.0  0.055897332438966545  0.06397279231657162  0.009326741882803405  0.06767068833226034  0.015817908060623814  
0.012078952591764095  0.0067642680651141115  0.017149325367935425  0.024372541074563308  0.03986189432537663  -0.05065695752281343  0.0  0.06461232554241174  0.006687234749342207  0.0688197724120833  0.014735948468997177  
0.0012614410754735212  -0.020086647993318805  0.001535346503971725  0.0011872733113112092  0.002850253493864581  -0.061723199619725146  -0.06105747570906261  0.0  -0.01942370681194203  0.0008053729973306752  0.0014965283194480568  
0.012721778922773945  -0.0017117857874444898  0.0211585157849194  0.043756449299359845  0.025646327485475687  -0.009398277327024853  -0.006690934464279602  0.019527418442516854  0.0  0.024362395954658417  0.01983867103351097  
0.001181625153554045  -0.025199509273460315  0.0014500953202437122  0.000994201665660778  0.0007082069668397387  -0.06974139482957553  -0.06989801135314455  -0.0008187958806195198  -0.02421944180915548  0.0  0.001421092396996864  
3.133846327730016e-05  -0.019418925859161464  -0.00021105479742740884  -0.001572576070016503  -0.0011353867268503685  -0.015888668129913415  -0.014751342512840474  -0.0015015943004692575  -0.01986975221015255  -0.0014259846181377237  0.0  
