Height_Data

node	height
0	7.458541017181191
1	37.01671363409495
2	13.034717122660343
3	6.387775555243478
4	2.8130389965567844
5	36.27907233806889
6	5.515547329139434
7	9.519618916270188
8	5.40486668262631
9	3.906469996498842
10	13.629187588174004



height_matrix
0.0  -1034.5360415919813  -195.16616369177035  37.476791167819925  162.5925707218542  -1008.7185962310697  68.00477908146149  -72.13772646811492  71.87860170942082  124.32248572388221  -215.97262998474844  
1034.5360415919813  0.0  839.3698779002111  1072.0128327598013  1197.1286123138357  25.817445360911734  1102.5408206734428  962.3983151238665  1106.4146433014023  1158.8585273158637  818.563411607233  
195.16616369177035  -839.3698779002111  0.0  232.64295485959028  357.75873441362455  -813.5524325392994  263.17094277323184  123.02843722365543  267.04476540119117  319.48864941565256  -20.806466292978087  
-37.476791167819925  -1072.0128327598013  -232.64295485959028  0.0  125.11577955403429  -1046.1953873988896  30.527987913641567  -109.61451763593485  34.401810541600895  86.84569455606228  -253.44942115256836  
-162.5925707218542  -1197.1286123138357  -357.75873441362455  -125.11577955403429  0.0  -1171.311166952924  -94.58779164039272  -234.73029718996912  -90.7139690124334  -38.270084997972006  -378.56520070660264  
1008.7185962310697  -25.817445360911734  813.5524325392994  1046.1953873988896  1171.311166952924  0.0  1076.723375312531  936.5808697629548  1080.5971979404906  1133.041081954952  792.7459662463212  
-68.00477908146149  -1102.5408206734428  -263.17094277323184  -30.527987913641567  94.58779164039272  -1076.723375312531  0.0  -140.1425055495764  3.8738226279593277  56.31770664242072  -283.97740906620993  
72.13772646811492  -962.3983151238665  -123.02843722365543  109.61451763593485  234.73029718996912  -936.5808697629548  140.1425055495764  0.0  144.01632817753574  196.46021219199713  -143.83490351663352  
-71.87860170942082  -1106.4146433014023  -267.04476540119117  -34.401810541600895  90.7139690124334  -1080.5971979404906  -3.8738226279593277  -144.01632817753574  0.0  52.44388401446139  -287.85123169416926  
-124.32248572388221  -1158.8585273158637  -319.48864941565256  -86.84569455606228  38.270084997972006  -1133.041081954952  -56.31770664242072  -196.46021219199713  -52.44388401446139  0.0  -340.29511570863065  
215.97262998474844  -818.563411607233  20.806466292978087  253.44942115256836  378.56520070660264  -792.7459662463212  283.97740906620993  143.83490351663352  287.85123169416926  340.29511570863065  0.0  



slope_matrix
0.0  -0.012511017554625484  -0.002442936083261614  0.0011748210397435714  0.0018831662117425783  -0.012739562973365367  0.0011843395869289707  -0.0012718216937255805  0.001639192741377898  0.0014412530225351519  -0.003513463965914242  
0.012607068505873523  0.0  0.03330832848810362  0.012155718706880614  0.008838158821069293  0.002818498401846259  0.01262933357014253  0.02052897429871729  0.011459499153820841  0.012097907164796574  0.028601097540434415  
0.002449374544324427  -0.034901034424125205  0.0  0.0025720614135941434  0.0031662586791304137  -0.02620136658741705  0.002676949880716426  0.004356531063160603  0.00334974179201454  0.002879313711388361  -0.0005620331251479764  
-0.0011700527994948462  -0.012132331742415134  -0.0025800482961028087  0.0  0.001072942110917025  -0.012808464586176415  0.00064013394660603  -0.001463869092360241  0.00046413667757151775  0.001134792820541778  -0.00397193889911563  
-0.0018925919069008753  -0.008885390130734326  -0.003184862009717928  -0.0010748778312202258  0.0  -0.008417615285324642  -0.0006753858739049819  -0.0025822914982394844  -0.002041268429622714  -0.00022623601914147556  -0.00303921965885198  
0.012895916597175526  -0.002752392895619588  0.025688425403830102  0.012772498930519956  0.008433372935077572  0.0  0.013634587505540472  0.019306964950792718  0.011055833823823313  0.012990610891480762  0.03507725514364253  
-0.0011753332022374956  -0.012604788163638308  -0.002687886250364946  -0.0006374605953986546  0.0006741824065601762  -0.013697028053842146  0.0  -0.0014731683543527426  3.960558867149911e-05  0.0014533601714173088  -0.0043749408267787695  
0.001274067934795389  -0.02052897429871729  -0.004395442558901588  0.0014615269018124646  0.0025845661439106928  -0.019295032339574674  0.0014855046168070428  0.0  0.002611356811922679  0.0017422863798509855  -0.003773213628453135  
-0.001672373236608209  -0.011464248713101257  -0.0034065742929825  -0.00046824296368042594  0.0020398913652447358  -0.011033257075153059  -3.988697104570972e-05  -0.00263621321943137  0.0  0.0004154629170122902  -0.0034531097851987673  
-0.0014346005737812394  -0.012118021638546745  -0.002879002355690197  -0.0011324252778206062  0.00022612907703835976  -0.013106165133485465  -0.0014514872845984722  -0.0017353609415422413  -0.000413758453763009  0.0  -0.004336626936518805  
0.003653740991113998  -0.027672867194294556  0.0005536579641558831  0.00410245097365763  0.003059854515895592  -0.035565094941512845  0.004540732476274543  0.003658059601135135  0.0034668340562949446  0.004484057395027417  0.0  
