Height_Data

node	height
0	6.515805185413024
1	34.195229463264695
2	34.22397450188833
3	10.62425853423367
4	7.5099920828840325
5	9.207562138822123
6	9.75384369700819
7	5.81581564316043
8	11.751166686148398
9	5.733575277338673
10	9.43875113945036



height_matrix
0.0  -1826.8420023382102  -1828.73917488737  -271.1579210221626  -65.61633523308655  -177.65595892500056  -213.71054176528088  46.1993097886712  -345.5338590485347  51.62717393290717  -192.91443296646418  
1826.8420023382102  0.0  -1.8971725491596771  1555.6840813160477  1761.2256671051236  1649.1860434132097  1613.1314605729294  1873.0413121268816  1481.3081432896756  1878.4691762711175  1633.9275693717461  
1828.73917488737  1.8971725491596771  0.0  1557.5812538652074  1763.1228396542833  1651.0832159623694  1615.028633122089  1874.9384846760413  1483.2053158388353  1880.3663488202772  1635.8247419209058  
271.1579210221626  -1555.6840813160477  -1557.5812538652074  0.0  205.54158578907607  93.50196209716205  57.44737925688173  317.3572308108338  -74.37593802637207  322.7850949550698  78.24348805569844  
65.61633523308655  -1761.2256671051236  -1763.1228396542833  -205.54158578907607  0.0  -112.03962369191402  -148.09420653219433  111.81564502175775  -279.91752381544813  117.24350916599371  -127.29809773337763  
177.65595892500056  -1649.1860434132097  -1651.0832159623694  -93.50196209716205  112.03962369191402  0.0  -36.05458284028032  223.85526871367176  -167.87790012353412  229.28313285790773  -15.258474041463614  
213.71054176528088  -1613.1314605729294  -1615.028633122089  -57.44737925688173  148.09420653219433  36.05458284028032  0.0  259.9098515539521  -131.8233172832538  265.33771569818805  20.796108798816704  
-46.1993097886712  -1873.0413121268816  -1874.9384846760413  -317.3572308108338  -111.81564502175775  -223.85526871367176  -259.9098515539521  0.0  -391.7331688372059  5.4278641442359685  -239.11374275513538  
345.5338590485347  -1481.3081432896756  -1483.2053158388353  74.37593802637207  279.91752381544813  167.87790012353412  131.8233172832538  391.7331688372059  0.0  397.16103298144185  152.6194260820705  
-51.62717393290717  -1878.4691762711175  -1880.3663488202772  -322.7850949550698  -117.24350916599371  -229.28313285790773  -265.33771569818805  -5.4278641442359685  -397.16103298144185  0.0  -244.54160689937135  
192.91443296646418  -1633.9275693717461  -1635.8247419209058  -78.24348805569844  127.29809773337763  15.258474041463614  -20.796108798816704  239.11374275513538  -152.6194260820705  244.54160689937135  0.0  



slope_matrix
0.0  -0.032016158470701196  -0.02792820975698488  -0.007160230288412004  -0.000657478308948763  -0.0021702413746029874  -0.0036075378420877932  0.0004952756195183448  -0.009126620682739955  0.0005973984486566439  0.0  
0.03183760896371925  0.0  -0.00021150195642805766  0.01946795246297144  0.014457488176136492  0.01545918675865401  0.029978283972736098  0.048039018007870776  0.032794070030765454  0.014887218071573288  0.016132776158883748  
0.027775503871314854  0.00021244933361250584  0.0  0.017625679007188044  0.013533230783109458  0.014339788222706006  0.028121689589449574  0.05611908065477526  0.0276562617161819  0.013955516912722853  0.014906367249142571  
0.007244400775371697  -0.019570814961832276  -0.017717907563021357  0.0  0.00244721497546227  0.001496270796882094  0.0007668853191413928  0.0027271395618358152  -0.0013894253320824224  0.006542057052190308  0.003526069763663742  
0.0006537444976894146  -0.014442194892210936  -0.013523992020052798  -0.002455987403382436  0.0  -0.005010716623073078  -0.0018800600034555145  0.000794540219013414  -0.003639073372535727  0.0019101255973606015  -0.0014362867847611152  
0.0021665360844512266  -0.015427371781227406  -0.014317405618820408  -0.0015083394434128416  0.0049707020271479154  0.0  -0.000513013415484922  0.0017341023217419765  -0.0026358596345349996  0.005489182017187161  -0.00023024708075243118  
0.0035929815360672642  -0.029856218037625937  -0.02809722743775381  -0.000767602608990937  0.0018736378149592533  0.000518614272526004  0.0  0.004313856457327006  -0.006069213502912237  0.0026634984510960453  0.00021771470685528376  
-0.0004936351083307106  -0.04810070139000723  -0.05601847877729433  -0.0027143109032743227  -0.0008083837841364788  -0.0017687539503770653  -0.004314572568956708  0.0  -0.005594589672053783  3.491935244619125e-05  -0.0017290747180210815  
0.0090100093624129  -0.03289602805440097  -0.027749397864150333  0.0013847689075846595  0.0036291653547964233  0.0026462468493621393  0.00603586617597316  0.005599387776403743  0.0  0.004781616096574065  0.002051612126388903  
-0.0005994794929506174  -0.01473424720582883  -0.01383537891855108  -0.0066009221872202406  -0.0018989878387754085  -0.00547607195743749  -0.0026457046136024336  -3.4105335496298894e-05  -0.004781616096574065  0.0  -0.006023192288161856  
0.003290931985098331  -0.016228919044216788  -0.014993810650054132  -0.003644317096213248  0.0014285500811735791  0.00022920946434525484  -0.00021853834382951559  0.0017382505288974657  -0.002068574492844545  0.006024676198555588  0.0  
