Height_Data

node	height
0	95.73068293636123
1	21.92653673762632
2	64.86065888385717
3	3.4221188651085983
4	78.88864162738396
5	21.444914634319126
6	3.770026409283033
7	8.182971655364527
8	11.952094829836271
9	46.621187615917734
10	50.576603834793694



height_matrix
0.0  442.8248771924095  185.2201443150244  553.8513844275158  101.0522478538636  445.71460981225266  551.7639391624692  525.2862676859802  502.67152863914976  294.656971922661  270.92447460940525  
-442.8248771924095  0.0  -257.60473287738506  111.02650723510634  -341.77262933854587  2.889732619843187  108.93906197005973  82.46139049357076  59.846651446740296  -148.16790526974847  -171.90040258300422  
-185.2201443150244  257.60473287738506  0.0  368.6312401124914  -84.16789646116081  260.49446549722825  366.5437948474448  340.06612337095584  317.45138432412534  109.43682760763659  85.70433029438084  
-553.8513844275158  -111.02650723510634  -368.6312401124914  0.0  -452.7991365736522  -108.13677461526315  -2.087445265046604  -28.565116741535576  -51.17985578836604  -259.1944125048548  -282.9269098181106  
-101.0522478538636  341.77262933854587  84.16789646116081  452.7991365736522  0.0  344.66236195838906  450.7116913086056  424.23401983211664  401.61928078528615  193.6047240687974  169.87222675554165  
-445.71460981225266  -2.889732619843187  -260.49446549722825  108.13677461526315  -344.66236195838906  0.0  106.04932935021654  79.57165787372757  56.95691882689711  -151.05763788959166  -174.7901352028474  
-551.7639391624692  -108.93906197005973  -366.5437948474448  2.087445265046604  -450.7116913086056  -106.04932935021654  0.0  -26.477671476488972  -49.09241052331944  -257.1069672398082  -280.839464553064  
-525.2862676859802  -82.46139049357076  -340.06612337095584  28.565116741535576  -424.23401983211664  -79.57165787372757  26.477671476488972  0.0  -22.614739046830465  -230.62929576331925  -254.361793076575  
-502.67152863914976  -59.846651446740296  -317.45138432412534  51.17985578836604  -401.61928078528615  -56.95691882689711  49.09241052331944  22.614739046830465  0.0  -208.01455671648876  -231.7470540297445  
-294.656971922661  148.16790526974847  -109.43682760763659  259.1944125048548  -193.6047240687974  151.05763788959166  257.1069672398082  230.62929576331925  208.01455671648876  0.0  -23.73249731325575  
-270.92447460940525  171.90040258300422  -85.70433029438084  282.9269098181106  -169.87222675554165  174.7901352028474  280.839464553064  254.361793076575  231.7470540297445  23.73249731325575  0.0  



slope_matrix
0.0  0.004966074657310861  0.014985448569176732  0.006379306432014694  0.012938828150302638  0.00454157395800178  0.007912863031155445  0.011804185790696184  0.012642644080461512  0.030886475044304088  0.020263610666372868  
-0.004976119532446449  0.0  -0.003146509501372726  0.0006669420333578  -0.003783600457639166  0.0002610417904104053  0.0007749808776414579  0.0006723802846810672  0.0011165420046033638  -0.0015045481851111745  -0.0022350851980627254  
-0.015132364731619642  0.003165844081078838  0.0  0.0037409299788156223  -0.007771735591981607  0.0028834578485651945  0.004500230753191465  0.006048846022251082  0.009932771724784899  0.005147545983425992  0.00783403384774962  
-0.006380041290490909  -0.0006691125060121758  -0.0037561772988841595  0.0  -0.004844325843304293  -0.0006065490325173779  -2.3791261283868293e-05  -0.0006660087839015056  -0.00043724780682072653  -0.0032801115224608303  -0.002852660917706297  
-0.013038999723079175  0.0038161302963214145  0.007955377737349794  0.004829857456785624  0.0  0.0034980093773369705  0.005879359396146695  0.008248765697688443  0.010002970878836517  0.01175499235390391  0.009591881804378411  
-0.00454249966686288  -0.00026175114310173793  -0.002862545087386163  0.0006051607222258712  -0.003465301595181921  0.0  0.000704834037951725  0.0006028566938179693  0.0008972278134701267  -0.0014037378882232453  -0.0020314749387251125  
-0.00789136068596209  -0.0007740997795072815  -0.004511308244276244  2.38401697698333e-05  -0.005885501322912061  -0.0007051621075218866  0.0  -0.0004600012417736097  -0.0005169254556525159  -0.004138209677125515  -0.003420283333979588  
-0.011836103372825152  -0.0006681850928488608  -0.0061042204877213395  0.000663996205056615  -0.008311795059406674  -0.0005987288122266016  0.0004589646641790427  0.0  -0.0003034313571290818  -0.00630306902878708  -0.00448214613350793  
-0.012846192911810625  -0.0011157093856588422  -0.009917256617435968  0.0004348700466340899  -0.009923876471096767  -0.0009069428643954253  0.0005190569943256443  0.00030144946743309074  0.0  -0.004278374264016634  -0.008567358744168004  
-0.02970332378252631  0.0015109923033831173  -0.005149968358006428  0.0032726567235461467  -0.011677003864221797  0.001411344730868549  0.004139542219285272  0.006253505850415381  0.004275736006505422  0.0  -0.0010647149983515364  
-0.02172610061021694  0.00225177367805874  -0.007465533997768366  0.002850936213402968  -0.009416420551859293  0.002048858121494853  0.003418617949519951  0.004468759541050158  0.008605534869281267  0.001080714813900535  0.0  
