Height_Data

node	height
0	21.890760356741243
1	10.209885177873774
2	35.66545349432965
3	46.631068619824504
4	20.605277343446904
5	56.40349710939123
6	25.66391734430198
7	35.469743859660845
8	22.63572786736064
9	21.9130090682701
10	31.45714337445267



height_matrix
0.0  408.8306312603614  -482.1142598155941  -865.9107892079141  44.991905465301784  -1207.9457863427497  -132.06049456462574  -475.2644226021862  -26.073862871678898  -0.7787049035100608  -334.8234056199001  
-408.8306312603614  0.0  -890.9448910759554  -1274.7414204682755  -363.8387257950596  -1616.776417603111  -540.8911258249871  -884.0950538625475  -434.90449413204027  -409.60933616387143  -743.6540368802614  
482.1142598155941  890.9448910759554  0.0  -383.79652939232005  527.1061652808959  -725.8315265271556  350.05376525096835  6.849837213407909  456.0403969439152  481.33555491208404  147.290854195694  
865.9107892079141  1274.7414204682755  383.79652939232005  0.0  910.9026946732159  -342.0349971348355  733.8502946432884  390.64636660572796  839.8369263362353  865.1320843044041  531.0873835880141  
-44.991905465301784  363.8387257950596  -527.1061652808959  -910.9026946732159  0.0  -1252.9376918080516  -177.05240002992753  -520.256328067488  -71.06576833698068  -45.770610368811845  -379.81531108520187  
1207.9457863427497  1616.776417603111  725.8315265271556  342.0349971348355  1252.9376918080516  0.0  1075.885291778124  732.6813637405635  1181.8719234710707  1207.1670814392396  873.1223807228496  
132.06049456462574  540.8911258249871  -350.05376525096835  -733.8502946432884  177.05240002992753  -1075.885291778124  0.0  -343.20392803756044  105.98663169294684  131.28178966111568  -202.76291105527434  
475.2644226021862  884.0950538625475  -6.849837213407909  -390.64636660572796  520.256328067488  -732.6813637405635  343.20392803756044  0.0  449.1905597305073  474.4857176986761  140.4410169822861  
26.073862871678898  434.90449413204027  -456.0403969439152  -839.8369263362353  71.06576833698068  -1181.8719234710707  -105.98663169294684  -449.1905597305073  0.0  25.295157968168837  -308.7495427482212  
0.7787049035100608  409.60933616387143  -481.33555491208404  -865.1320843044041  45.770610368811845  -1207.1670814392396  -131.28178966111568  -474.4857176986761  -25.295157968168837  0.0  -334.04470071639  
334.8234056199001  743.6540368802614  -147.290854195694  -531.0873835880141  379.81531108520187  -873.1223807228496  202.76291105527434  -140.4410169822861  308.7495427482212  334.04470071639  0.0  



slope_matrix
0.0  0.0042827428374226  -0.007029954211367659  -0.016393615850206628  0.0004540051005580402  -0.0249266567549061  -0.0015113354836876372  -0.012789677680360231  -0.001722183809225819  -3.9269031947052994e-05  -0.005082322489676687  
-0.0042971476903548595  0.0  -0.02408610140783875  -0.022058166126808713  -0.008605457090706235  -0.032728267562816014  -0.013638202870019845  -0.01444599761213313  -0.005045822581615717  -0.004946375270666241  -0.023145161434181806  
0.007055674810706777  0.0238795199966753  0.0  -0.015519471467542258  0.016410528184336734  -0.034269666030555035  0.017159498296616095  0.00020017057900081558  0.0072295560707659355  0.008621450025292568  0.010822252328853343  
0.016350279252415296  0.021906537557454468  0.015550912860304703  0.0  0.01751735951294646  -0.0356286455348787  0.018115287451080927  0.022764939778888577  0.01712904194036784  0.022314472125468252  0.018562998377770503  
-0.00045830605546808375  0.008581102023468387  -0.016965116359217762  -0.017735644366690343  0.0  -0.024557775221639582  -0.012765133383556419  -0.008121391321690414  -0.0007648059442206273  -0.0005342664919903332  -0.008647889596657602  
0.02507672381861635  0.032841284127627685  0.034318275485917524  0.035370733933281856  0.02424884249676895  0.0  0.026930795789189586  0.05309285244496837  0.027536624498394006  0.03409113474835469  0.04443370894263866  
0.001515150235941094  0.013579993116369246  -0.01745033725079603  -0.017986526829492363  0.012143511661860599  -0.02689040969203009  0.0  -0.006469442564327247  0.0012939400768275772  0.001758395253966189  -0.006161133730029606  
0.012810361795207175  0.01436385140312831  -0.00019866117208259596  -0.022858184119703216  0.008003943508730585  -0.05355857922080142  0.0064415151658701285  0.0  0.013501369393763368  0.02039921400252262  0.004392900124563219  
0.0017593699643508028  0.005017298994382163  -0.007199879964381358  -0.01720272278443743  0.0007571464770613753  -0.027169469505082085  -0.0012903169185895648  -0.013493258027350775  0.0  0.001182016727484525  -0.005169865587452005  
3.9328530480306106e-05  0.004927334730709388  -0.008586078396576597  -0.022372176992614536  0.0005286510784108552  -0.03423616226430061  -0.0017536974306854886  -0.02041676926414269  -0.0011809130704093763  0.0  -0.006237996278550701  
0.005086955418108479  0.023137960077170547  -0.0107120621233232  -0.018654281123569164  0.008462908001007172  -0.04348219027504231  0.006114683686829745  -0.004405301661928673  0.005175064828752807  0.006244993470113853  0.0  
