Height_Data

node	height
0	36.20308395578737
1	9.62560081568923
2	10.180140394397293
3	41.109288184193694
4	36.6349327493265
5	17.30302323985442
6	20.601647039836685
7	18.59868964148099
8	35.281975989311675
9	4.206093039856525
10	29.559666626822303



height_matrix
0.0  1754.1138872464774  1717.5142750517452  -323.8094790748173  -28.50202037358258  1247.404007251575  1029.6948364527452  1161.8900247442211  60.79312578739609  2111.8014004514357  438.46554371169464  
-1754.1138872464774  0.0  -36.59961219473223  -2077.9233663212945  -1782.61590762006  -506.7098799949024  -724.4190507937321  -592.2238625022562  -1693.3207614590813  357.6875132049585  -1315.6483435347827  
-1717.5142750517452  36.59961219473223  0.0  -2041.3237541265626  -1746.0162954253278  -470.11026780017016  -687.8194385989999  -555.624250307524  -1656.7211492643492  394.28712539969075  -1279.0487313400504  
323.8094790748173  2077.9233663212945  2041.3237541265626  0.0  295.30745870123474  1571.2134863263923  1353.5043155275625  1485.6995038190385  384.6026048622134  2435.610879526253  762.275022786512  
28.50202037358258  1782.61590762006  1746.0162954253278  -295.30745870123474  0.0  1275.9060276251575  1058.1968568263278  1190.3920451178037  89.29514616097867  2140.3034208250183  466.9675640852772  
-1247.404007251575  506.7098799949024  470.11026780017016  -1571.2134863263923  -1275.9060276251575  0.0  -217.70917079882975  -85.51398250735383  -1186.6108814641789  864.397393199861  -808.9384635398803  
-1029.6948364527452  724.4190507937321  687.8194385989999  -1353.5043155275625  -1058.1968568263278  217.70917079882975  0.0  132.19518829147592  -968.9017106653491  1082.1065639986907  -591.2292927410506  
-1161.8900247442211  592.2238625022562  555.624250307524  -1485.6995038190385  -1190.3920451178037  85.51398250735383  -132.19518829147592  0.0  -1101.096898956825  949.9113757072148  -723.4244810325265  
-60.79312578739609  1693.3207614590813  1656.7211492643492  -384.6026048622134  -89.29514616097867  1186.6108814641789  968.9017106653491  1101.096898956825  0.0  2051.0082746640396  377.67241792429854  
-2111.8014004514357  -357.6875132049585  -394.28712539969075  -2435.610879526253  -2140.3034208250183  -864.397393199861  -1082.1065639986907  -949.9113757072148  -2051.0082746640396  0.0  -1673.3358567397413  
-438.46554371169464  1315.6483435347827  1279.0487313400504  -762.275022786512  -466.9675640852772  808.9384635398803  591.2292927410506  723.4244810325265  -377.67241792429854  1673.3358567397413  0.0  



slope_matrix
0.0  0.01940391468193006  0.017481061323681886  -0.030206108122650868  -0.0016628950042930327  0.03480479930947475  0.014210527690487789  0.014638906699561813  0.001748939176852592  0.03545670585042706  0.01222714845821792  
-0.01949665318713435  0.0  -0.0016842895625739636  -0.02487637215756368  -0.023689247941794816  -0.009084078164125178  -0.015528811378215051  -0.010358997070181147  -0.02033774635430076  0.0038652205879074835  -0.014198665481704972  
-0.01747928226187406  0.0017038925602761747  0.0  -0.022231798672691816  -0.020945492987347984  -0.007337447601063995  -0.018076726375795004  -0.011928386653231515  -0.019309104303780293  0.0034745076260106695  -0.013779882906055273  
0.030290877369019392  0.024769619338673197  0.02225118546028518  0.0  0.020767050541577688  0.053570183645632194  0.01998647857426149  0.019272272717849766  0.011668768351402107  0.04321523916831535  0.020059869020697684  
0.0017046662902860396  0.023610806723444504  0.02094800594391515  -0.020737883335760866  0.0  0.06093151994389482  0.018464114338021108  0.018464278658566834  0.004212035196272579  0.03395690021934029  0.016707247373355178  
-0.03470795790905885  0.009019399786310117  0.0073420313571789814  -0.05326147411275906  -0.06012752250825436  0.0  -0.004754513448325611  -0.001475905807859058  -0.03614410239001459  0.014103400117472034  -0.019169157903788633  
-0.014283462844399296  0.015279878734312004  0.017968114905929988  -0.02002195700548161  -0.01861678817801108  0.004743119189516988  0.0  0.009872680230879456  -0.0187698897842958  0.010315601182065688  -0.010466087674651276  
-0.014670328595255317  0.010299545434821847  0.01202389634943787  -0.019227129244076543  -0.018455690621981453  0.0014830728842759942  -0.009850610155847683  0.0  -0.019287036240266685  0.008255074091485312  -0.011859417721844697  
-0.001759569487334185  0.02029630542321804  0.019309104303780293  -0.011608892389441999  -0.0041942295049778614  0.0361661347596519  0.01889802439370683  0.019467766954682195  0.0  0.025153400474172673  0.035730597722260976  
-0.03561216526899554  -0.003854391306087915  -0.0034769587777750506  -0.04339231925042318  -0.03416286385993644  -0.014068967988278986  -0.010264717928274433  -0.008227190158558936  -0.02516883390187802  0.0  -0.01854111752620212  
-0.012203327128073883  0.01415741249902919  0.0  -0.020038775572726392  -0.016623978785520726  0.01911932081162563  0.01045128677286637  0.012007045328340689  -0.034648845681128304  0.01842069415169244  0.0  
