Height_Data

node	height
0	15.740332836053849
1	7.48071886641044
2	149.86471895599817
3	6.0922862630099175
4	6.001088919479399
5	14.40049137236986
6	7.66381883520306
7	7.456063983889862
8	26.96434279918162
9	23.314944935316078
10	140.86571729485624



height_matrix
0.0  49.55768381786045  -804.746316719666  57.88827943826358  58.4354634994467  8.039048782103919  48.45908400510473  49.70561311298391  -67.34405977876662  -45.44767259557338  -750.7523067528143  
-49.55768381786045  0.0  -854.3040005375263  8.33059562040313  8.877779681586247  -41.51863503575653  -1.0985998127557224  0.1479292951234612  -116.90174359662707  -95.00535641343383  -800.3099905706747  
804.746316719666  854.3040005375263  0.0  862.6345961579295  863.1817802191126  812.7853655017699  853.2054007247707  854.4519298326499  737.4022569408993  759.2986441240926  53.99400996685165  
-57.88827943826358  -8.33059562040313  -862.6345961579295  0.0  0.5471840611831169  -49.84923065615966  -9.429195433158853  -8.18266632527967  -125.2323392170302  -103.33595203383696  -808.6405861910779  
-58.4354634994467  -8.877779681586247  -863.1817802191126  -0.5471840611831169  0.0  -50.39641471734278  -9.97637949434197  -8.729850386462786  -125.77952327821332  -103.88313609502008  -809.187770252261  
-8.039048782103919  41.51863503575653  -812.7853655017699  49.84923065615966  50.39641471734278  0.0  40.42003522300081  41.66656433087999  -75.38310856087054  -53.4867213776773  -758.7913555349182  
-48.45908400510473  1.0985998127557224  -853.2054007247707  9.429195433158853  9.97637949434197  -40.42003522300081  0.0  1.2465291078791836  -115.80314378387135  -93.90675660067811  -799.211390757919  
-49.70561311298391  -0.1479292951234612  -854.4519298326499  8.18266632527967  8.729850386462786  -41.66656433087999  -1.2465291078791836  0.0  -117.04967289175053  -95.15328570855729  -800.4579198657982  
67.34405977876662  116.90174359662707  -737.4022569408993  125.2323392170302  125.77952327821332  75.38310856087054  115.80314378387135  117.04967289175053  0.0  21.89638718319324  -683.4082469740476  
45.44767259557338  95.00535641343383  -759.2986441240926  103.33595203383696  103.88313609502008  53.4867213776773  93.90675660067811  95.15328570855729  -21.89638718319324  0.0  -705.3046341572409  
750.7523067528143  800.3099905706747  -53.99400996685165  808.6405861910779  809.187770252261  758.7913555349182  799.211390757919  800.4579198657982  683.4082469740476  705.3046341572409  0.0  



slope_matrix
0.0  0.0010643832435107486  -0.03589412652630089  0.0006366946704604441  0.0006472692013673759  0.00012077897809651321  0.0017123351238552908  0.000761888613013242  -0.0008104953638075174  -0.0004942650635733918  -0.03289887409083323  
-0.0010666742104576076  0.0  -0.024037816559862868  6.340357424768346e-05  7.880152389123244e-05  -0.0005769602289539686  -2.1647286950851672e-05  1.399785154461215e-06  -0.0013472599238979724  -0.0009834923024164993  -0.022911823377345396  
0.03594222048770281  0.024276896860969774  0.0  0.008842999448056684  0.010973579712930493  0.017785237757150327  0.017437265496112214  0.011888853900551688  0.011947541428076787  0.010612140379092838  0.014284129620860224  
-0.000635506416052954  -6.329758848418152e-05  -0.008821296616810814  0.0  8.970230511198637e-06  -0.0005251709930063175  -9.402867404426459e-05  -0.00031568928724072797  -0.0012548330582868757  -0.0010195949880003646  -0.007977906335744652  
-0.0006459098430357765  -7.838406923526618e-05  -0.010891883662070822  -9.11821465061018e-06  0.0  -0.001041011644406081  -8.781251205300563e-05  -0.00015350536990439223  -0.0025580541646982573  -0.0023069761513439947  -0.00977043914817992  
-0.00012099712194617578  0.0005721105542951941  -0.01787127012976627  0.0005240116751409615  0.0010494880199363344  0.0  0.0004345305872178113  0.000525297079310136  -0.003922118031262775  -0.0018411952281472393  -0.015510861723935369  
-0.00173191865636543  2.1596221992445888e-05  -0.017653743031756066  9.448091616391635e-05  8.772757205717525e-05  -0.00043834287908168016  0.0  1.681771597246605e-05  -0.0010759274166724396  -0.0007994717957507437  -0.017362837079250903  
-0.0007627069681292606  -1.3996527119260213e-06  -0.011888853900551688  0.00031863965441120205  0.00015072255501489618  -0.0005245035791903323  -1.6763436093049806e-05  0.0  -0.0013817692467447825  -0.0010726331384123243  -0.010610523858242288  
0.0008106904993230603  0.0013525598009559998  -0.011928215091247158  0.0012477068767264142  0.0025800927851941193  0.003911941284943982  0.0010608472236776079  0.001375598459181461  0.0  0.0018571999307203768  -0.010593670024864716  
0.0004970217912901725  0.0009897422274552958  -0.010572245114509783  0.0010204004348162037  0.0023110820043386  0.0018273563846148719  0.0008009105040569562  0.001062927677709532  -0.0018730870131046398  0.0  -0.009465778665663336  
0.03289887409083323  0.02307033700117252  -0.01373893383380449  0.007995259899061477  0.00983814918239831  0.01574223264112608  0.01710274750177443  0.010607711633525023  0.010741865845774943  0.009602383005775835  0.0  
