Height_Data

node	height
0	6.943289251882553
1	4.912373413620523
2	4.111537416390389
3	4.369813501346853
4	4.373724013989999
5	6.076963857685045
6	5.2809408401571645
7	10.039697561144392
8	4.674312930601734
9	4.301046435512266
10	10.963730336910865



height_matrix
0.0  507.72895956550747  707.937958873041  643.368937633925  642.3913094731386  216.58134854937703  415.5871029313471  -774.1020773154598  567.2440803202048  660.5607040925718  -1005.110271257078  
-507.72895956550747  0.0  200.20899930753353  135.63997806841758  134.6623499076311  -291.14761101613044  -92.14185663416038  -1281.8310368809673  59.515120754697364  152.8317445270643  -1512.8392308225855  
-707.937958873041  -200.20899930753353  0.0  -64.56902123911595  -65.54664939990244  -491.356610323664  -292.3508559416939  -1482.0400361885008  -140.69387855283617  -47.37725478046923  -1713.048230130119  
-643.368937633925  -135.63997806841758  64.56902123911595  0.0  -0.9776281607864803  -426.787589084548  -227.78183470257795  -1417.4710149493849  -76.12485731372021  17.191766458646725  -1648.479208891003  
-642.3913094731386  -134.6623499076311  65.54664939990244  0.9776281607864803  0.0  -425.80996092376154  -226.80420654179147  -1416.4933867885984  -75.14722915293373  18.169394619433206  -1647.5015807302166  
-216.58134854937703  291.14761101613044  491.356610323664  426.787589084548  425.80996092376154  0.0  199.00575438197006  -990.6834258648369  350.6627317708278  443.97935554319474  -1221.691619806455  
-415.5871029313471  92.14185663416038  292.3508559416939  227.78183470257795  226.80420654179147  -199.00575438197006  0.0  -1189.689180246807  151.65697738885774  244.97360116122468  -1420.697374188425  
774.1020773154598  1281.8310368809673  1482.0400361885008  1417.4710149493849  1416.4933867885984  990.6834258648369  1189.689180246807  0.0  1341.3461576356647  1434.6627814080316  -231.00819394161817  
-567.2440803202048  -59.515120754697364  140.69387855283617  76.12485731372021  75.14722915293373  -350.6627317708278  -151.65697738885774  -1341.3461576356647  0.0  93.31662377236694  -1572.3543515772828  
-660.5607040925718  -152.8317445270643  47.37725478046923  -17.191766458646725  -18.169394619433206  -443.97935554319474  -244.97360116122468  -1434.6627814080316  -93.31662377236694  0.0  -1665.6709753496498  
1005.110271257078  1512.8392308225855  1713.048230130119  1648.479208891003  1647.5015807302166  1221.691619806455  1420.697374188425  231.00819394161817  1572.3543515772828  1665.6709753496498  0.0  



slope_matrix
0.0  0.009454915448147253  0.007320971653288945  0.009038619522814345  0.007275099767532713  0.0045462079880221875  0.006127795678728208  -0.016063541757946873  0.007203099432637521  0.009107413540501472  -0.02615431358982769  
-0.009472555215774394  0.0  0.0014379731329995944  0.0012488719092939653  0.0009708193346379576  -0.0029739286109921395  -0.0009813809418911532  -0.03315651931921799  0.0006134946990485245  0.002042932021481945  -0.02793277752626635  
-0.007338426027501202  -0.0014424279489015383  0.0  -0.0004811976184874199  -0.0015268262147659546  -0.00976852107999332  -0.005045751742176284  -0.010705287750567038  -0.0008608710567871419  -0.0005146904375933648  -0.012889753424605861  
-0.009000684633938515  -0.0012362374960665108  0.0004792688848246486  0.0  -8.954934972213391e-06  -0.004890987727304012  -0.0016868979834301855  -0.018732271903652502  -0.0019584475768901523  0.0001200626193075405  -0.030103710900127888  
-0.0072808716929971505  -0.0009704695150449056  0.001521156867020247  9.006911248977173e-06  0.0  -0.010258009176674573  -0.0029874105182006254  -0.010726947268372575  -0.000548680119399341  0.00016676819292733554  -0.013967796360578351  
-0.004530990555426297  0.0029609235331651625  0.009706768279803714  0.00486423055715236  0.010272857923371811  0.0  0.0038792544713834322  -0.010580833342570083  0.003034464622454377  0.005910268311277885  -0.014731600383533765  
-0.006043145309456843  0.0009814854775688153  0.005024073826116067  0.0016754824178196244  0.002960426650417578  -0.003850730541446789  0.0  -0.010959826625949395  0.0010374673511346132  0.006767226551415047  -0.013420530646027065  
0.01602695812247329  0.03267476515118448  0.010633089655535234  0.018814321939864414  0.01071964118956106  0.01056165699216244  0.010985126318068392  0.0  0.021240635908719947  0.01409433914341322  -0.01105831469323208  
-0.007222359056788959  -0.0006134946990485245  0.0008564168840946431  0.0019675589897575657  0.000547082332214136  -0.0030851903199967255  -0.0010420295272011663  -0.021423832576835403  0.0  0.0006210756989841394  -0.0351442635578293  
-0.009048776768391394  -0.00203884397714867  0.0005149701606572743  -0.00012035680802749037  -0.00016707489305225936  -0.005904766000042489  -0.006784093081174873  -0.01408603614539059  -0.000628140978543127  0.0  -0.015928765184562012  
0.026325570226743793  0.0275261868781402  0.01292183925571486  0.030021475303059608  0.014017711058710258  0.014820958629218185  0.013507295818486642  0.011047737634701968  0.03489468157073419  0.01593333628610723  0.0  
