Height_Data

node	height
0	119.30550265837407
1	129.09489600028317
2	71.15872242524809
3	76.39990750931302
4	100.8587856101513
5	286.7093071756459
6	82.55100328521928
7	15.338546568328754
8	28.5132919779171
9	3.2469773646082953
10	270.41488566242725
11	348.11452224822284
12	60.796600333063274
13	96.1249872766743
14	211.35103937057065
15	3.8974431792819364



height_matrix
0.0  -9.789393341909104  48.14678023312598  42.90559514906104  18.446717048222766  -167.40380451727185  36.754499373154786  103.96695609004531  90.79221068045698  116.05852529376577  -151.1093830040532  -228.8090195898488  58.50890232531079  23.180515381699763  -92.04553671219658  115.40805947909213  
9.789393341909104  0.0  57.936173575035085  52.69498849097015  28.23611039013187  -157.61441117536273  46.54389271506389  113.75634943195442  100.58160402236607  125.84791863567487  -141.31998966214408  -219.01962624793967  68.29829566721989  32.96990872360887  -82.25614337028748  125.19745282100124  
-48.14678023312598  -57.936173575035085  0.0  -5.241185084064938  -29.700063184903215  -215.55058475039783  -11.392280859971194  55.820175856919334  42.64543044733099  67.91174506063979  -199.25616323717918  -276.95579982297477  10.362122092184812  -24.966264851426217  -140.19231694532255  67.26127924596615  
-42.90559514906104  -52.69498849097015  5.241185084064938  0.0  -24.458878100838277  -210.30939966633287  -6.151095775906256  61.06136094098427  47.886615531395925  73.15293014470473  -194.0149781531142  -271.7146147389098  15.60330717624975  -19.72507976736128  -134.95113186125764  72.50246433003109  
-18.446717048222766  -28.23611039013187  29.700063184903215  24.458878100838277  0.0  -185.8505215654946  18.30778232493202  85.52023904182255  72.3454936322342  97.611808245543  -169.55610005227595  -247.25573663807154  40.06218527708803  4.733798333476997  -110.49225376041935  96.96134243086937  
167.40380451727185  157.61441117536273  215.55058475039783  210.30939966633287  185.8505215654946  0.0  204.15830389042662  271.37076060731715  258.1960151977288  283.4623298110376  16.29442151321865  -61.40521507257694  225.91270684258262  190.58431989897161  75.35826780507526  282.81186399636397  
-36.754499373154786  -46.54389271506389  11.392280859971194  6.151095775906256  -18.30778232493202  -204.15830389042662  0.0  67.21245671689053  54.03771130730218  79.30402592061098  -187.86388237720797  -265.56351896300356  21.754402952156006  -13.573983991455023  -128.80003608535137  78.65356010593734  
-103.96695609004531  -113.75634943195442  -55.820175856919334  -61.06136094098427  -85.52023904182255  -271.37076060731715  -67.21245671689053  0.0  -13.174745409588345  12.091569203720459  -255.0763390940985  -332.7759756798941  -45.45805376473452  -80.78644070834555  -196.0124928022419  11.441103389046818  
-90.79221068045698  -100.58160402236607  -42.64543044733099  -47.886615531395925  -72.3454936322342  -258.1960151977288  -54.03771130730218  13.174745409588345  0.0  25.266314613308804  -241.90159368451015  -319.60123027030573  -32.283308355146175  -67.61169529875721  -182.83774739265354  24.615848798635163  
-116.05852529376577  -125.84791863567487  -67.91174506063979  -73.15293014470473  -97.611808245543  -283.4623298110376  -79.30402592061098  -12.091569203720459  -25.266314613308804  0.0  -267.16790829781894  -344.8675448836145  -57.549622968454976  -92.878009912066  -208.10406200596236  -0.6504658146736411  
151.1093830040532  141.31998966214408  199.25616323717918  194.0149781531142  169.55610005227595  -16.29442151321865  187.86388237720797  255.0763390940985  241.90159368451015  267.16790829781894  0.0  -77.69963658579559  209.61828532936397  174.28989838575296  59.063846291856606  266.5174424831453  
228.8090195898488  219.01962624793967  276.95579982297477  271.7146147389098  247.25573663807154  61.40521507257694  265.56351896300356  332.7759756798941  319.60123027030573  344.8675448836145  77.69963658579559  0.0  287.31792191515956  251.98953497154855  136.7634828776522  344.2170790689409  
-58.50890232531079  -68.29829566721989  -10.362122092184812  -15.60330717624975  -40.06218527708803  -225.91270684258262  -21.754402952156006  45.45805376473452  32.283308355146175  57.549622968454976  -209.61828532936397  -287.31792191515956  0.0  -35.32838694361103  -150.55443903750736  56.89915715378134  
-23.180515381699763  -32.96990872360887  24.966264851426217  19.72507976736128  -4.733798333476997  -190.58431989897161  13.573983991455023  80.78644070834555  67.61169529875721  92.878009912066  -174.28989838575296  -251.98953497154855  35.32838694361103  0.0  -115.22605209389634  92.22754409739237  
92.04553671219658  82.25614337028748  140.19231694532255  134.95113186125764  110.49225376041935  -75.35826780507526  128.80003608535137  196.0124928022419  182.83774739265354  208.10406200596236  -59.063846291856606  -136.7634828776522  150.55443903750736  115.22605209389634  0.0  207.4535961912887  
-115.40805947909213  -125.19745282100124  -67.26127924596615  -72.50246433003109  -96.96134243086937  -282.81186399636397  -78.65356010593734  -11.441103389046818  -24.615848798635163  0.6504658146736411  -266.5174424831453  -344.2170790689409  -56.89915715378134  -92.22754409739237  -207.4535961912887  0.0  



slope_matrix
0.0  -0.0008410131737035313  0.002377618776944493  0.0035724891880983384  0.0014828550681851098  -0.003651915456310468  0.0007887231625140512  0.0016795682798346604  0.0029525922172506333  0.0011686371629906634  -0.0034397765309367905  -0.020177162221327052  0.0030081697853630227  0.0014542355948368735  -0.009269439749465919  0.001243339971332911  
0.0008453707549144304  0.0  0.0020486624319319335  0.0022871088754761347  0.003099463270047406  -0.003168128867846487  0.0009214787708387228  0.0018542192246447339  0.0038522253551270037  0.001151915484852998  -0.0029540131618341152  -0.011307156750022699  0.004036542297117015  0.0047370558510932284  -0.004579963439325583  0.001216560453411212  
-0.0024316555673295948  -0.0020721092122687797  0.0  -0.0002840750723070427  -0.0009559080522981402  -0.004433372783841995  -0.00021337855141358297  0.0007927876133634333  0.0009899124987774138  0.0007149282043629374  -0.004294313862870241  -0.028611136345348634  0.0002721145507401474  -0.0008145600277789957  -0.012330019080503301  0.0008557414662336661  
-0.0035724891880983384  -0.0022821562793837223  0.0002840750723070427  0.0  -0.0012679563556681325  -0.0037328611939356207  -0.00010772496980571378  0.0008433773144153295  0.0011564022103693775  0.0008379392005212395  -0.0035644860950415987  -0.022474327108263838  0.0006953345443961564  -0.00072385613825179  -0.010169640682837803  0.0008372012370530489  
-0.001469857932129304  -0.003059166889505078  0.0009434581697872685  0.0012562341089285196  0.0  -0.0031999056743370283  0.0003111451788737597  0.0012211943315982086  0.0020794910500785916  0.0009361357256144374  -0.0030186238214754487  -0.010955061437220715  0.0041731442996966695  0.00030267252771592053  -0.005221751122893164  0.0009367250092344714  
0.0036703311667895602  0.0032035449425886734  0.00442881826074374  0.0037515055238375467  0.0032232140403311584  0.0  0.028394757147486318  0.008819329236506895  0.006899946958784842  0.0020989280331951453  0.005968652568944561  -0.00132567390053059  0.0034814718268235878  0.004173988609263504  0.00166390522863933  0.0026931641827652717  
-0.0007905893605754955  -0.0009293908289749179  0.00021309915562983903  0.0001080276743222033  -0.0003127397049014694  -0.027626292813318895  0.0  0.00265766930474063  0.00149110682415293  0.0005599736332931627  -0.020200417459914837  -0.0056263457407416005  0.0003307648312628251  -0.0002916627415439412  -0.00278969105664612  0.0007049010145628498  
-0.0016820138177677973  -0.0018499975513409403  -0.0007935765689070136  -0.0008450112915816869  -0.001220845667977481  -0.008813600539373731  -0.0026809914924966305  0.0  -0.0003319411793799029  7.618128164338972e-05  -0.007819630260395416  -0.005245522945773866  -0.0005838434852907079  -0.0013935904900525366  -0.003140722525272262  8.542535625842275e-05  
-0.002949714447058381  -0.0038581359425533587  -0.0009749755474927067  -0.0011603250673951036  -0.002089098863188975  -0.006816156684206146  -0.001472016107526619  0.00033455422573865784  0.0  0.00019651643538051974  -0.006708308199792294  -0.009176033025274354  -0.0007606811582268185  -0.003178735086918534  -0.005409400810433537  0.00020762355599388633  
-0.0011685195003450003  -0.0011538164923368711  -0.0007158324995060639  -0.0008379392005212395  -0.000936315318275537  -0.0020976854297758292  -0.0005602901344529923  -7.618608164349325e-05  -0.00019628743261246266  0.0  -0.0020101263875662583  -0.0034997366059164666  -0.0005603008700877694  -0.0008143550684524117  -0.0020868629677396173  -9.130498093424307e-06  
0.0034578806179417208  0.002988369415566591  0.004291539160826603  0.003582917417416698  0.00304136502335921  -0.005968652568944561  0.020265790979202586  0.007776717655307881  0.006749486430929413  0.0020116399115872852  0.0  -0.0017515698058114424  0.003328330983317942  0.003983769105960068  0.001361545557673043  0.0025933137021450147  
0.020972412428033802  0.011485035461349746  0.028318588938954475  0.02240021555967929  0.011147688757352189  0.0013194072856161784  0.005612077746470912  0.005229859746658716  0.009347798486993441  0.003498316560834385  0.0017531506449863625  0.0  0.009843025759340856  0.011580401423324841  0.05514656567647266  0.004019349358581748  
-0.003028411093442588  -0.004036542297117015  -0.0002709051527368578  -0.0006916359563940491  -0.00421263777887361  -0.0034809353904866353  -0.00033131896058720693  0.0005848951848267437  0.0007599648859497688  0.0005600282494351509  -0.003327802592941165  -0.009792703541757312  0.0  -0.0015142900533052306  -0.005390420302094786  0.0005212407100867648  
-0.0014551484859824083  -0.0047370558510932284  0.0008077083420066715  0.0007214732906862209  -0.00030501277921887867  -0.004142236902824856  0.00029022843684958354  0.001402055548565525  0.003115746327131669  0.0008148551943926268  -0.0039521518908334  -0.011454069771434025  0.0015142900533052306  0.0  -0.005596214283336394  0.0008703914090787399  
0.010740436022426672  0.0049166851984630885  0.010784024380409426  0.010070979989646092  0.005569166016150168  -0.0016580476964813038  0.002787276262396697  0.003135196621916857  0.0057118946389457526  0.0020779029865499333  -0.0013565421748244512  -0.033438504371064104  0.005607241677374576  0.005933370344690852  0.0  0.002334611705956434  
-0.0012389352715386  -0.0012159696663882561  -0.0008540030376582802  -0.0008350798116818637  -0.0009347383369568341  -0.0026921387135426028  -0.0007048378462952867  -8.516464362366528e-05  -0.00020708209639635873  9.113867182379974e-06  -0.0025918005512262383  -0.004016535345028482  -0.0005207159919263239  -0.0008715429271826232  -0.002373882551679697  0.0  
