Height_Data

node	height
0	22.097647530668972
1	37.342047947007764
2	29.00987296861136
3	18.634468246226852
4	15.280569374096451
5	29.839329474818754
6	13.572195982995355
7	20.336373139018974
8	7.8346040044983525
9	48.67979959760007
10	29.261646608356976
11	17.582919130812073
12	18.20380752361365
13	24.839231323997087
14	32.83008368152019
15	19.786604639743782



height_matrix
0.0  -533.5540145718576  -241.92789032798362  121.21127495547421  238.5977354800383  -270.9588680452423  298.39080416857666  61.64460370774998  499.20652341597173  -930.3753223425886  -250.73996771908014  158.01549399499152  136.28440024693623  -95.95543276648391  -375.63526527979275  80.88650118238172  
533.5540145718576  0.0  291.62612424387396  654.7652895273318  772.1517500518959  262.5951465266153  831.9448187404342  595.1986182796076  1032.7605379878294  -396.821307770731  282.81404685277744  691.5695085668491  669.8384148187938  437.59858180537367  157.91874929206483  614.4405157542393  
241.92789032798362  -291.62612424387396  0.0  363.1391652834578  480.5256258080219  -29.03097771725868  540.3186944965603  303.5724940357336  741.1344137439553  -688.4474320146049  -8.812077391096523  399.94338432297513  378.21229057491985  145.9724575614997  -133.70737495180913  322.81439151036534  
-121.21127495547421  -654.7652895273318  -363.1391652834578  0.0  117.38646052456409  -392.1701430007165  177.17952921310246  -59.56667124772423  377.9952484604975  -1051.5865972980628  -371.95124267455435  36.80421903951731  15.07312529146202  -217.16670772195812  -496.84654023526696  -40.32477377309249  
-238.5977354800383  -772.1517500518959  -480.5256258080219  -117.38646052456409  0.0  -509.5566035252806  59.79306868853837  -176.95313177228832  260.60878793593344  -1168.9730578226267  -489.33770319911844  -80.58224148504678  -102.31333523310207  -334.5531682465222  -614.233000759831  -157.71123429765657  
270.9588680452423  -262.5951465266153  29.03097771725868  392.1701430007165  509.5566035252806  0.0  569.349672213819  332.6034717529923  770.1653914612141  -659.4164542973463  20.218900326162156  428.9743620402338  407.2432682921785  175.0034352787584  -104.67639723455045  351.845369227624  
-298.39080416857666  -831.9448187404342  -540.3186944965603  -177.17952921310246  -59.79306868853837  -569.349672213819  0.0  -236.74620046082669  200.81571924739507  -1228.766126511165  -549.1307718876568  -140.37531017358515  -162.10640392164044  -394.3462369350606  -674.0260694483694  -217.50430298619494  
-61.64460370774998  -595.1986182796076  -303.5724940357336  59.56667124772423  176.95313177228832  -332.6034717529923  236.74620046082669  0.0  437.56191970822175  -992.0199260503385  -312.3845714268301  96.37089028724154  74.63979653918625  -157.6000364742339  -437.2798689875427  19.24189747463174  
-499.20652341597173  -1032.7605379878294  -741.1344137439553  -377.9952484604975  -260.60878793593344  -770.1653914612141  -200.81571924739507  -437.56191970822175  0.0  -1429.5818457585603  -749.9464911350519  -341.1910294209802  -362.9221231690355  -595.1619561824557  -874.8417886957645  -418.32002223359  
930.3753223425886  396.821307770731  688.4474320146049  1051.5865972980628  1168.9730578226267  659.4164542973463  1228.766126511165  992.0199260503385  1429.5818457585603  0.0  679.6353546235084  1088.39081633758  1066.6597225895248  834.4198895761047  554.7400570627958  1011.2618235249703  
250.73996771908014  -282.81404685277744  8.812077391096523  371.95124267455435  489.33770319911844  -20.218900326162156  549.1307718876568  312.3845714268301  749.9464911350519  -679.6353546235084  0.0  408.75546171407166  387.02436796601637  154.78453495259623  -124.8952975607126  331.62646890146186  
-158.01549399499152  -691.5695085668491  -399.94338432297513  -36.80421903951731  80.58224148504678  -428.9743620402338  140.37531017358515  -96.37089028724154  341.1910294209802  -1088.39081633758  -408.75546171407166  0.0  -21.731093748055287  -253.97092676147543  -533.6507592747843  -77.1289928126098  
-136.28440024693623  -669.8384148187938  -378.21229057491985  -15.07312529146202  102.31333523310207  -407.2432682921785  162.10640392164044  -74.63979653918625  362.9221231690355  -1066.6597225895248  -387.02436796601637  21.731093748055287  0.0  -232.23983301342014  -511.919665526729  -55.39789906455451  
95.95543276648391  -437.59858180537367  -145.9724575614997  217.16670772195812  334.5531682465222  -175.0034352787584  394.3462369350606  157.6000364742339  595.1619561824557  -834.4198895761047  -154.78453495259623  253.97092676147543  232.23983301342014  0.0  -279.67983251330884  176.84193394886563  
375.63526527979275  -157.91874929206483  133.70737495180913  496.84654023526696  614.233000759831  104.67639723455045  674.0260694483694  437.2798689875427  874.8417886957645  -554.7400570627958  124.8952975607126  533.6507592747843  511.919665526729  279.67983251330884  0.0  456.52176646217447  
-80.88650118238172  -614.4405157542393  -322.81439151036534  40.32477377309249  157.71123429765657  -351.845369227624  217.50430298619494  -19.24189747463174  418.32002223359  -1011.2618235249703  -331.62646890146186  77.1289928126098  55.39789906455451  -176.84193394886563  -456.52176646217447  0.0  



slope_matrix
0.0  -0.007795938260839532  -0.0032000620405548026  0.003496142917665827  0.006244379363518406  -0.0036635866420395118  0.004772725594506985  0.0006675828861571365  0.01684232535141605  -0.012654724188555339  -0.01678313036941634  0.0019779133057327763  0.0020781396804961305  -0.001158042876737677  -0.005130227605569418  0.0013758547573121571  
0.007802778803332225  0.0  0.0030123553790297897  0.016414271484766402  0.011390348872280512  0.0027161268776025576  0.014688291291321227  0.009883736603779602  0.010873338225411706  -0.036573392421265526  0.0050430464845359745  0.024984447563831252  0.012667140976149656  0.009152867220359207  0.008057079045513511  0.010842430135066866  
0.0032692516361668574  -0.003041256901072833  0.0  0.004939929606228426  0.009390768532499939  -0.002914756798921554  0.004653466893718599  0.002135864055242935  0.0071835536511612305  -0.007114265082304484  -0.00014295805374826045  0.003309693680262952  0.005836609422452467  0.001116415611058422  -0.0014072979155016223  0.0063148355146785086  
-0.0035702879221052785  -0.016271503218870075  -0.004921185039956876  0.0  0.0032249027616638487  -0.0054354836174735485  0.0039181673864020885  -0.0008472005582097032  0.006348593356743325  -0.022251091775244664  -0.016143717129971976  0.0007277876021261084  0.00028975634931684006  -0.003710348671142288  -0.009927003800904435  -0.0008182786885773638  
-0.006582006496001057  -0.01146646495473561  -0.009376109771863842  -0.0032826191421857966  0.0  -0.011053288579724091  0.0007630560067450021  -0.0016952781353926835  0.003983625618097423  -0.016408942417498972  -0.020482951159444054  -0.000947580450200456  -0.0019253544454855488  -0.0035973458951238948  -0.008817585425779945  -0.003583531794993333  
0.003737363697175756  -0.0027448013643421687  0.0029503026135425485  0.005446051145684162  0.01108937113221503  0.0  0.00496771374412197  0.0023650961512692334  0.007575148927522515  -0.006829792380086445  0.0003361972119415058  0.003556411557289287  0.00621271194953743  0.0013539917623114769  -0.0011042978925472143  0.006783215138377174  
-0.004829111574179911  -0.014782246246276373  -0.004640278720524216  -0.003920768515448162  -0.0007563955558322374  -0.004959491918238841  0.0  -0.007920582149910562  0.002452561300041464  -0.018733761133557427  -0.008661368641761149  -0.0036235237525447895  -0.0017693342493084526  -0.015022713788002308  -0.00914045197988052  -0.0023938400064516282  
-0.0006743748354419646  -0.009891949780282659  -0.002141891992829611  0.0008501023440520084  0.0016959280407541528  -0.002374212804290044  0.007984694787886229  0.0  0.003923266562433621  -0.014473590984101817  -0.003433552115045396  0.0028545879824419884  0.0007086953716215937  -0.011137811764963526  -0.005571153892056857  0.00017856252296428863  
-0.01663467255634694  -0.010875513763271933  -0.007118010907924004  -0.006275863331570605  -0.00390542166845397  -0.007515275092322542  -0.002470361904876308  -0.003935617194713274  0.0  -0.014039871598347724  -0.016924994157866215  -0.0032914434634476195  -0.0038222445831388677  -0.00572381185018711  -0.008527554232340038  -0.004791204011380026  
0.012785149406934019  0.037471322735668645  0.00709885988878743  0.022590474700280617  0.016363004728760174  0.006808636595739249  0.018626135008506368  0.01448627228461359  0.014062106251682638  0.0  0.011250378325169813  0.030693480438172025  0.021574832576648963  0.014677570616993926  0.0498866957790284  0.018116478386330532  
0.01801292871545116  -0.005017102126180192  0.00014263410095492987  0.0163638910107591  0.020063046461628473  -0.0003361972119415058  0.008839838568700206  0.0034670873632278595  0.017275892447248375  -0.011147045343997186  0.0  0.005732895676214189  0.0073230722415518704  0.001962278587127234  -0.0020586005861333873  0.007374393348931774  
-0.0019908717902858953  -0.025111456374976367  -0.0033012247983737115  -0.0007318397104696223  0.0009435859658670584  0.0  0.0036086197988068162  -0.002850366468123086  0.0032854215639959577  -0.030806419935963204  -0.005674006964381894  0.0  -0.000273519115771621  -0.010970666382785115  -0.01163651895496695  -0.0009414011084170608  
-0.002117532632798885  -0.012543790539677786  -0.005789170387334035  -0.00028803984887181385  0.001897854484012281  -0.00617400082309514  0.0017755356398865326  -0.0007085608177253298  0.003867044466372248  -0.021248201645209658  -0.007442776307038776  0.00027355354667743314  0.0  -0.0025273678638961816  -0.011537517816694366  -0.0035015421948394227  
0.0011667732583473239  -0.009118536816115309  -0.001118897276285631  0.0037371658530710398  0.003594640251923522  -0.0013585113746216301  0.014999856863258295  0.011137811764963526  0.005684993372647394  -0.014618428338754461  -0.0019418458782159858  0.010994412413916686  0.002528193261630962  0.0  -0.0042158551780721865  0.001875312130952976  
0.005168344321406064  -0.007947596844089825  0.0013938014693193905  0.009881593878983035  0.008652387670937189  0.0010926555034921758  0.009050852942062943  0.005547125066440984  0.008538373889281324  -0.04993159829548117  0.0020705453839640685  0.011570918457822729  0.011431881767010472  0.004210777363946234  0.0  0.00855871328200552  
-0.001396039026275142  -0.010852004870262087  -0.0063173070745668365  0.0008146418944059089  0.0035393005901628496  -0.006801572960131916  0.0023817816796560987  -0.0001783308385044647  0.0048022043649820914  -0.017857351642680035  -0.0072757013800232966  0.0009405974733245097  0.0036255169544865515  -0.0018723338692309755  -0.008542697725714343  0.0  
