Height_Data

node	height
0	44.83929457065219
1	27.37346071101175
2	4.3069866481272365
3	22.322589278203925
4	22.575501041793995
5	35.03491413130148
6	27.942741703698168
7	30.54807487337636
8	34.50655727804699
9	27.14040538581737
10	54.753631088963836
11	16.333735891206587
12	50.029840899565436
13	23.11137237858273
14	27.275937479245492
15	8.312679235975088



height_matrix
0.0  611.3041850874155  1418.6307772883733  788.0846852356893  779.2327735100368  343.153315377275  591.3793503433908  500.19268940465395  361.64580524118196  619.4611214692187  -347.0017781409076  997.6945537805962  -181.66912151196357  760.4772767224312  614.7174981992345  1278.4315367136987  
-611.3041850874155  0.0  807.326592200958  176.78050014827386  167.92858842262137  -268.15086971014046  -19.92483474402468  -111.11149568276153  -249.65837984623352  8.156936381803234  -958.3059632283231  386.3903686931807  -792.973306599379  149.17309163501568  3.4133131118189795  667.1273516262831  
-1418.6307772883733  -807.326592200958  0.0  -630.5460920526841  -639.3980037783366  -1075.4774619110983  -827.2514269449827  -918.4380878837195  -1056.9849720471914  -799.1696558191547  -1765.632555429281  -420.9362235077773  -1600.299898800337  -658.1535005659423  -803.913279089139  -140.1992405746748  
-788.0846852356893  -176.78050014827386  630.5460920526841  0.0  -8.851911725652485  -444.9313698584143  -196.70533489229854  -287.8919958310354  -426.4388799945074  -168.62356376647062  -1135.0864633765968  209.60986854490682  -969.7538067476529  -27.60740851325818  -173.36718703645488  490.3468514780093  
-779.2327735100368  -167.92858842262137  639.3980037783366  8.851911725652485  0.0  -436.07945813276183  -187.85342316664605  -279.0400841053829  -417.5869682688549  -159.77165204081814  -1126.2345516509445  218.4617802705593  -960.9018950220004  -18.755496787605693  -164.5152753108024  499.19876320366177  
-343.153315377275  268.15086971014046  1075.4774619110983  444.9313698584143  436.07945813276183  0.0  248.22603496611578  157.03937402737893  18.49248986390694  276.3078060919437  -690.1550935181826  654.5412384033211  -524.8224368892386  417.32396134515614  271.56418282195943  935.2782213364236  
-591.3793503433908  19.92483474402468  827.2514269449827  196.70533489229854  187.85342316664605  -248.22603496611578  0.0  -91.18666093873685  -229.73354510220884  28.081771125827913  -938.3811284842984  406.31520343720535  -773.0484718553544  169.09792637904036  23.33814785584366  687.0521863703078  
-500.19268940465395  111.11149568276153  918.4380878837195  287.8919958310354  279.0400841053829  -157.03937402737893  91.18666093873685  0.0  -138.546884163472  119.26843206456476  -847.1944675455616  497.5018643759422  -681.8618109166175  260.2845873177772  114.52480879458051  778.2388473090447  
-361.64580524118196  249.65837984623352  1056.9849720471914  426.4388799945074  417.5869682688549  -18.49248986390694  229.73354510220884  138.546884163472  0.0  257.81531622803675  -708.6475833820896  636.0487485394142  -543.3149267531455  398.8314714812492  253.0716929580525  916.7857314725167  
-619.4611214692187  -8.156936381803234  799.1696558191547  168.62356376647062  159.77165204081814  -276.3078060919437  -28.081771125827913  -119.26843206456476  -257.81531622803675  0.0  -966.4628996101263  378.23343231137744  -801.1302429811823  141.01615525321245  -4.743623269984255  658.9704152444799  
347.0017781409076  958.3059632283231  1765.632555429281  1135.0864633765968  1126.2345516509445  690.1550935181826  938.3811284842984  847.1944675455616  708.6475833820896  966.4628996101263  0.0  1344.6963319215038  165.33265662894405  1107.4790548633387  961.7192763401421  1625.4333148546061  
-997.6945537805962  -386.3903686931807  420.9362235077773  -209.60986854490682  -218.4617802705593  -654.5412384033211  -406.31520343720535  -497.5018643759422  -636.0487485394142  -378.23343231137744  -1344.6963319215038  0.0  -1179.3636752925597  -237.217277058165  -382.9770555813617  280.73698293310247  
181.66912151196357  792.973306599379  1600.299898800337  969.7538067476529  960.9018950220004  524.8224368892386  773.0484718553544  681.8618109166175  543.3149267531455  801.1302429811823  -165.33265662894405  1179.3636752925597  0.0  942.1463982343947  796.386619711198  1460.1006582256623  
-760.4772767224312  -149.17309163501568  658.1535005659423  27.60740851325818  18.755496787605693  -417.32396134515614  -169.09792637904036  -260.2845873177772  -398.8314714812492  -141.01615525321245  -1107.4790548633387  237.217277058165  -942.1463982343947  0.0  -145.7597785231967  517.9542599912675  
-614.7174981992345  -3.4133131118189795  803.913279089139  173.36718703645488  164.5152753108024  -271.56418282195943  -23.33814785584366  -114.52480879458051  -253.0716929580525  4.743623269984255  -961.7192763401421  382.9770555813617  -796.386619711198  145.7597785231967  0.0  663.7140385144642  
-1278.4315367136987  -667.1273516262831  140.1992405746748  -490.3468514780093  -499.19876320366177  -935.2782213364236  -687.0521863703078  -778.2388473090447  -916.7857314725167  -658.9704152444799  -1625.4333148546061  -280.73698293310247  -1460.1006582256623  -517.9542599912675  -663.7140385144642  0.0  



slope_matrix
0.0  0.023520745867157192  0.014370246933634251  0.018840178944195297  0.013677949333158449  0.02824307122446708  0.03971654468390805  0.007815510771947719  0.014635605230318979  0.014113946718369075  -0.008858865921391566  0.015382040884053531  -0.003769851037807918  0.02424991316079181  0.008130108427446561  0.019823717424619303  
-0.023944543089988855  0.0  0.006659462114995941  0.009681297927068667  0.002224484884590499  -0.010381373198224563  -0.0005199591530277839  -0.0027475641860227875  -0.005723484178042951  0.00016418954069652244  -0.018070674949149046  0.009355472475077618  -0.013010013069504668  0.0046587473964714455  6.557758139901977e-05  0.013358577325316041  
-0.014292069084106119  -0.006635379240576625  0.0  -0.004581092058708409  -0.012891088785853561  -0.010138362197502812  -0.009203954460892108  -0.005747026724591671  -0.012482108786575241  -0.009252861593367544  -0.02479124621495761  -0.0026198480351758693  -0.024585956349674865  -0.006340592491001371  -0.004689701256492139  -0.0009219994776711482  
-0.01897170643321351  -0.009881526000462486  0.004569472589173816  0.0  -9.97050238863325e-05  -0.010313661795512618  -0.0035615668095654272  -0.009755743674382764  -0.007367637871363293  -0.002677839665975395  -0.017115038424881966  0.005468559054132711  -0.013062240631829486  -0.0006098389333611262  -0.004216128089407949  0.013206217384271728  
-0.013649199045542772  -0.002232766329694079  0.012917131389461345  9.998657787275062e-05  0.0  -0.0068233368507708  -0.003937401449730582  -0.002520664529727671  -0.011599638007468192  -0.004233483095941127  -0.04985544717356992  0.0019582096078463933  -0.05837800091263672  -0.00033995825244889785  -0.0013450570701801343  0.004425834839382773  
-0.028081286037420213  0.01047873660453851  0.010146971053034233  0.010294571260028097  0.0067882854628387584  0.0  0.012374179210673767  0.0024012136701434088  0.0005121154767074755  0.00499742821653  -0.013647520140759  0.00987822759094069  -0.008807223307421355  0.009651340456640983  0.0035263496016356244  0.014883485380910624  
-0.03971654468390805  0.0005209107122620832  0.009235809165401168  0.0035493564578184507  0.003928344273664702  -0.012306694842147534  0.0  -0.0011752372849431222  -0.006928032120090737  0.0005365260054609842  -0.019705609585978546  0.005179222743332849  -0.013648454658463177  0.003768618818342776  0.00026163842887717105  0.00997144039897692  
-0.007849853882684462  0.0027729347562456086  0.00573410971951052  0.009765671500374334  0.0025147581952702563  -0.002404154531956199  0.00117797004183874  0.0  -0.0017305381484320759  0.0014006862250682884  -0.009572710676100401  0.022111193972264097  -0.007071714781184778  0.003858926424281352  0.009755094445875682  0.015170347900761105  
-0.014594261712719207  0.0056292757575249945  0.012496866541111273  0.007328261758596817  0.01149111084944565  -0.0005121154767074755  0.006940590486471566  0.0017240562482232923  0.0  0.010082726485257596  -0.0464382426855891  0.007830990969680804  -0.022377056291315714  0.014843002288100081  0.002751646638158251  0.010460813914565457  
-0.014030829478351499  -0.00016349842416923702  0.009246438225374925  0.0026676722633518528  0.0041683186026824455  -0.004980313736336404  -0.0005351967052759274  -0.0013969130014589454  -0.010051279385108644  0.0  -0.04958762953361346  0.004385772803091076  -0.035230001890113556  0.0065014363878843915  -4.890837478074291e-05  0.006813176336274606  
0.008902046642917076  0.018012931396558768  0.024819125041176286  0.017063580874860523  0.048881707970961134  0.013718049960607884  0.019838924492268466  0.009552203352601296  0.04665224380395586  0.04930933161276155  0.0  0.015015815748632122  0.01722215173218167  0.032250409285478704  0.009588331884429289  0.016249295866827346  
-0.015598482728234333  -0.00958523402280223  0.0026240943539621556  -0.005702118295563298  -0.001964549021335581  -0.009983698210877216  -0.005232581723831056  -0.022071954941257417  -0.007920807319204172  -0.004429429709353181  -0.01515287385816754  0.0  -0.012200902891441929  -0.00350441383726293  -0.01582549816451908  0.0047923691180113085  
0.0038029960542592333  0.012916768037650128  0.024616211333646162  0.012980067282564185  0.056824476346658805  0.008880244279005729  0.01378228689348109  0.00703813762158336  0.022657002783700815  0.035214516174997025  -0.01764489398387877  0.01206608904352847  0.0  0.023424823427011306  0.007340577741113991  0.013491842232336258  
-0.024311933399054703  -0.004629829038951449  0.006365736537053315  0.000607691140507554  0.00033922041576425565  -0.00968493760373999  -0.0037948367679317857  -0.003850363717718598  -0.014749684596200045  -0.006489468718509546  -0.032505989282751356  0.0034649987154462395  -0.023636387311449944  0.0  -0.0018401688994217485  0.006561366354082435  
-0.008173347935104833  -6.620079735878548e-05  0.00468314456451459  0.004231564243018181  0.0013435192469706445  -0.0035355316081494524  -0.00026252134820971496  -0.009855835524490578  -0.002764300305385609  4.908550569106224e-05  -0.0096180583886564  0.016064473807943024  -0.007380031875445487  0.001846462864494511  0.0  0.010570378062023636  
-0.019823717424619303  -0.013423085545800465  0.0009289639582207448  -0.013231161669671055  -0.004450376778137307  -0.014881117284589079  -0.010140991680742551  -0.015226743246117095  -0.010458427235597954  -0.0068223461563772635  -0.01626392886657734  -0.004684414866228975  -0.01353687299603807  -0.006565524907989193  -0.01058217535896786  0.0  
