Height_Data

node	height
0	11.754388332529208
1	26.117857052320883
2	5.0617323744272085
3	3.1179050430789803
4	34.02192448649407
5	16.773342421068822
6	51.315153384039476
7	67.21210224451454
8	62.230725385875104
9	5.200965857180393
10	89.12113850223827
11	9.02865107959633
12	79.6246340400021
13	34.6053525867146
14	28.478839665395352
15	4.712686915593507



height_matrix
0.0  -287.26937439583344  133.85311916204  172.72966578900457  -445.35072307929727  -100.37908177079225  -791.2153010302054  -1109.1542782397066  -1009.5267410669178  131.06844950697632  -1547.3350033941813  54.51474505865758  -1357.404914149458  -457.0192850837079  -334.4890266573228  140.834028338714  
287.26937439583344  0.0  421.12249355787344  459.999040184838  -158.08134868346383  186.89029262504118  -503.945926634372  -821.8849038438732  -722.2573666710844  418.33782390280976  -1260.0656289983478  341.784119454491  -1070.1355397536245  -169.7499106878745  -47.21965226148939  428.10340273454744  
-133.85311916204  -421.12249355787344  0.0  38.87654662696456  -579.2038422413373  -234.23220093283226  -925.0684201922454  -1243.0073974017466  -1143.3798602289578  -2.784669655063695  -1681.1881225562213  -79.33837410338242  -1491.258033311498  -590.8724042457479  -468.3421458193628  6.980909176674018  
-172.72966578900457  -459.999040184838  -38.87654662696456  0.0  -618.0803888683018  -273.1087475597968  -963.94496681921  -1281.883944028711  -1182.2564068559223  -41.661216282028256  -1720.0646691831857  -118.21492073034699  -1530.1345799384624  -629.7489508727125  -507.2186924463274  -31.895637450290543  
445.35072307929727  158.08134868346383  579.2038422413373  618.0803888683018  0.0  344.971641308505  -345.86457795090814  -663.8035551604094  -564.1760179876205  576.4191725862736  -1101.984280314884  499.86546813795485  -912.0541910701606  -11.66856200441066  110.86169642197444  586.1847514180113  
100.37908177079225  -186.89029262504118  234.23220093283226  273.1087475597968  -344.971641308505  0.0  -690.8362192594132  -1008.7751964689144  -909.1476592961255  231.44753127776858  -1446.955921623389  154.89382682944984  -1257.0258323786657  -356.6402033129157  -234.10994488653057  241.21311010950626  
791.2153010302054  503.945926634372  925.0684201922454  963.94496681921  345.86457795090814  690.8362192594132  0.0  -317.9389772095012  -218.31144003671238  922.2837505371817  -756.1197023639759  845.730046088863  -566.1896131192525  334.1960159464975  456.7262743728826  932.0493293689194  
1109.1542782397066  821.8849038438732  1243.0073974017466  1281.883944028711  663.8035551604094  1008.7751964689144  317.9389772095012  0.0  99.62753717278883  1240.222727746683  -438.18072515447466  1163.6690232983642  -248.25063590975128  652.1349931559987  774.6652515823838  1249.9883065784206  
1009.5267410669178  722.2573666710844  1143.3798602289578  1182.2564068559223  564.1760179876205  909.1476592961255  218.31144003671238  -99.62753717278883  0.0  1140.5951905738941  -537.8082623272635  1064.0414861255754  -347.8781730825401  552.5074559832099  675.037714409595  1150.3607694056318  
-131.06844950697632  -418.33782390280976  2.784669655063695  41.661216282028256  -576.4191725862736  -231.44753127776858  -922.2837505371817  -1240.222727746683  -1140.5951905738941  0.0  -1678.4034529011576  -76.55370444831873  -1488.4733636564342  -588.0877345906842  -465.55747616429915  9.765578831737713  
1547.3350033941813  1260.0656289983478  1681.1881225562213  1720.0646691831857  1101.984280314884  1446.955921623389  756.1197023639759  438.18072515447466  537.8082623272635  1678.4034529011576  0.0  1601.8497484528389  189.93008924472338  1090.3157183104734  1212.8459767368586  1688.1690317328953  
-54.51474505865758  -341.784119454491  79.33837410338242  118.21492073034699  -499.86546813795485  -154.89382682944984  -845.730046088863  -1163.6690232983642  -1064.0414861255754  76.55370444831873  -1601.8497484528389  0.0  -1411.9196592081155  -511.5340301423655  -389.0037717159804  86.31928328005644  
1357.404914149458  1070.1355397536245  1491.258033311498  1530.1345799384624  912.0541910701606  1257.0258323786657  566.1896131192525  248.25063590975128  347.8781730825401  1488.4733636564342  -189.93008924472338  1411.9196592081155  0.0  900.38562906575  1022.9158874921351  1498.238942488172  
457.0192850837079  169.7499106878745  590.8724042457479  629.7489508727125  11.66856200441066  356.6402033129157  -334.1960159464975  -652.1349931559987  -552.5074559832099  588.0877345906842  -1090.3157183104734  511.5340301423655  -900.38562906575  0.0  122.5302584263851  597.8533134224219  
334.4890266573228  47.21965226148939  468.3421458193628  507.2186924463274  -110.86169642197444  234.10994488653057  -456.7262743728826  -774.6652515823838  -675.037714409595  465.55747616429915  -1212.8459767368586  389.0037717159804  -1022.9158874921351  -122.5302584263851  0.0  475.32305499603683  
-140.834028338714  -428.10340273454744  -6.980909176674018  31.895637450290543  -586.1847514180113  -241.21311010950626  -932.0493293689194  -1249.9883065784206  -1150.3607694056318  -9.765578831737713  -1688.1690317328953  -86.31928328005644  -1498.238942488172  -597.8533134224219  -475.32305499603683  0.0  



slope_matrix
0.0  -0.005639256677250809  0.0014431447549033433  0.0018889945952428322  -0.004617425848411584  -0.0013223433246053518  -0.01038204042816173  -0.022493495806929765  -0.014494281996653521  0.0020276678450955495  -0.031120977542119496  0.0022452530913779894  -0.030184676765609472  -0.005009528500314676  -0.004107183529682255  0.0014890308660165785  
0.005626003689622871  0.0  0.003056640223831037  0.004438388670360552  -0.001714176411661937  0.0022713939307856244  -0.009672666538087753  -0.0537882790473739  -0.015859845557116475  0.007030887796685878  -0.05935306778136353  0.004707705395993044  -0.046086801884307686  -0.002033907389023179  -0.0008146937933314249  0.0029957831432348564  
-0.0014423672068408747  -0.0030573059506317814  0.0  0.0002757377891281327  -0.00519400113206716  -0.0024660434070605504  -0.006384493524133295  -0.009400130053781935  -0.00828998687839561  -2.0218029615947602e-05  -0.013040249781313042  -0.0011425292565398312  -0.01217423063613021  -0.005144104369042937  -0.003507313891093309  0.000223603753256695  
-0.0018983368039235584  -0.004438816958099777  -0.0002750355259387239  0.0  -0.003053440052505925  -0.0016841930658596253  -0.006434836662099786  -0.011111935090964113  -0.00825361737809651  -0.0008320594424211754  -0.01427427713614979  -0.0013261565467107951  -0.013073492023636694  -0.0032563508688238465  -0.0032294375589505186  -0.0002689776393375882  
0.004629425395834691  0.0017207069629200373  0.005203754029390748  0.0030477036166719354  0.0  0.0149532571004987  -0.005768255135939095  -0.008344482151607912  -0.010683128536027656  0.003863399280068858  -0.015193496212806894  0.004342879827436619  -0.012775657530048475  -0.0011882446033004744  0.002633920086053087  0.004341626866777849  
0.0013219950187118696  -0.0022755423429324387  0.0024683562810381295  0.0016825329445527158  -0.014946778219605937  0.0  -0.012272805458507962  -0.014450296468541962  -0.018588175409857403  0.0017078477809752699  -0.023044368874397023  0.0016333842331482636  -0.021062765287846275  -0.017295839151935773  -0.005776213789453012  0.0020337687608302105  
0.010357576921458377  0.009665246003727887  0.0063888146703425215  0.006442147461550147  0.005722445035587494  0.012279349791315555  0.0  -0.007984404249359648  -0.027153164183670694  0.008448142809720453  -0.023052429950121217  0.008455609339020826  -0.016972110705013563  0.00638753853108749  0.02217117836761566  0.005598431857529369  
0.022429813513441994  0.0537882790473739  0.009397997908725393  0.011110008961862967  0.008307929351194109  0.014419313843180594  0.00799243281069636  0.0  0.002999022792678773  0.017409078154782185  -0.04917853256503644  0.01592322144633777  -0.022609347532764234  0.009166924278268184  0.01697338412757195  0.008717949425505616  
0.014469352745691813  0.015866813854812926  0.008298952343903479  0.00826689140594725  0.010612791910978565  0.01856161003054564  0.027254861427804294  -0.0030008294329153264  0.0  0.011122332428804428  -0.020542714374608997  0.011392307131965476  -0.013009654939511598  0.012267039431243559  0.04804538892594982  0.00719587129938968  
-0.0020286093407673165  -0.007078474177712517  2.0201895322642554e-05  0.000831561203234097  -0.0038641762592094495  -0.001704577487684258  -0.008483110288237507  -0.017509850737634943  -0.011164792390112512  0.0  -0.021559453473361048  -0.0010937806036336436  -0.018949374457752185  -0.004185677826268215  -0.004063165265877982  7.21713595475439e-05  
0.03130356065940079  0.05932512377581675  0.013058278943308256  0.014332558425337559  0.015130911441917945  0.023007726532411975  0.023115857608192476  0.04912339968099492  0.02056628154215157  0.021443764570092724  0.0  0.021925126587090595  0.026306106543590495  0.01701757013127007  0.031445319593903516  0.011775650502806868  
-0.0022424823142187405  -0.0047038179966486975  0.001143023066997773  0.0013261565467107951  -0.00432709027127731  -0.001630804662344176  -0.008452229123414581  -0.01590580950380487  -0.011380122846262839  0.0010944060678816116  -0.021773137806889206  0.0  -0.020516124080327165  -0.004637661198026886  -0.0036945937099057877  0.001211651763451614  
0.03010434495785003  0.04612653188593209  0.01220192311345987  0.013082434144188767  0.012809749874580908  0.021020498869208457  0.01692644583316151  0.02254774168117632  0.012937083416978063  0.01885575581019045  -0.026638161184393182  0.020545978742842193  0.0  0.014482638395781728  0.026021772767543503  0.01077706923765598  
0.005008430521465292  0.0020280753965098504  0.0051539308669872035  0.0032465971937842186  0.0011317712904375034  0.01728745532297216  -0.006385097744487915  -0.009136102453852601  -0.012226321221137638  0.004176462854844715  -0.016940890589037808  0.004643976669472224  -0.01439235340578245  0.0  0.003554692730675518  0.0043211543740553065  
0.004081125264242592  0.000813991592164961  0.003513075489591212  0.0032339674730862936  -0.002611582954581259  0.0057648348900894006  -0.022410513953527115  -0.01695480962097579  -0.04773958376305481  0.004046918255948358  -0.03136400250159965  0.003684096711014115  -0.02607483781524688  -0.003569189001642444  0.0  0.003027072644920756  
-0.0014866730884157669  -0.002992014388494342  -0.00022540875610829893  0.0002693865545923645  -0.004337771498264782  -0.0020337687608302105  -0.0056004502317509456  -0.00870580582791888  -0.00719587129938968  -7.213404267761143e-05  -0.011724128811751396  -0.0012094447784121904  -0.01076004152863145  -0.004317097977560183  -0.003024568607837133  0.0  
