Height_Data

node	height
0	11.592617533625054
1	17.841258721562305
2	44.153991941001884
3	12.53906485512024
4	31.052026356022765
5	6.709591042931396
6	29.93629395547874
7	15.252801479166177
8	12.664912992196326
9	8.94048100964282
10	13.695567129233895
11	4.884541406115494
12	4.394319131275532
13	41.85861550798223
14	10.296251604437964
15	16.04376235022294



height_matrix
0.0  -412.4103184038586  -2149.0507108868705  -62.465523218682165  -1284.3209822782487  322.27974838578143  -1210.6826438423432  -241.5721404057141  -70.77150026570393  175.04101058282743  -138.7946733101835  442.733024415631  475.0876945550685  -1997.5558663075735  85.56015132634798  -293.77555789546045  
412.4103184038586  0.0  -1736.640392483012  349.9447951851764  -871.9106638743901  734.69006678964  -798.2723254384846  170.8381779981445  341.63881813815465  587.451328986686  273.6156450936751  855.1433428194896  887.4980129589271  -1585.145547903715  497.97046973020656  118.63476050839813  
2149.0507108868705  1736.640392483012  0.0  2086.585187668188  864.7297286086218  2471.3304592726518  938.3680670445274  1907.4785704811566  2078.2792106211664  2324.091721469698  2010.256037576687  2591.7837353025016  2624.138405441939  151.49484457929702  2234.6108622132188  1855.27515299141  
62.465523218682165  -349.9447951851764  -2086.585187668188  0.0  -1221.8554590595666  384.7452716044636  -1148.217120623661  -179.10661718703193  -8.30597704702177  237.5065338015096  -76.32915009150133  505.1985476343132  537.5532177737507  -1935.0903430888914  148.02567454503014  -231.3100346767783  
1284.3209822782487  871.9106638743901  -864.7297286086218  1221.8554590595666  0.0  1606.6007306640302  73.63833843590555  1042.7488418725347  1213.5494820125448  1459.361992861076  1145.5263089680652  1727.0540066938797  1759.4086768333173  -713.2348840293248  1369.8811336045967  990.5454243827883  
-322.27974838578143  -734.69006678964  -2471.3304592726518  -384.7452716044636  -1606.6007306640302  0.0  -1532.9623922281246  -563.8518887914955  -393.05124865148537  -147.238737802954  -461.07442169596493  120.45327602984958  152.80794616928705  -2319.8356146933547  -236.71959705943345  -616.0553062812419  
1210.6826438423432  798.2723254384846  -938.3680670445274  1148.217120623661  -73.63833843590555  1532.9623922281246  0.0  969.1105034366291  1139.9111435766392  1385.7236544251705  1071.8879705321597  1653.4156682579742  1685.7703383974117  -786.8732224652304  1296.2427951686911  916.9070859468827  
241.5721404057141  -170.8381779981445  -1907.4785704811566  179.10661718703193  -1042.7488418725347  563.8518887914955  -969.1105034366291  0.0  170.80064014001016  416.6131509885415  102.7774670955306  684.3051648213451  716.6598349607825  -1755.9837259018595  327.1322917320621  -52.20341748974636  
70.77150026570393  -341.63881813815465  -2078.2792106211664  8.30597704702177  -1213.5494820125448  393.05124865148537  -1139.9111435766392  -170.80064014001016  0.0  245.81251084853136  -68.02317304447956  513.5045246813349  545.8591948207725  -1926.7843660418696  156.3316515920519  -223.00405762975652  
-175.04101058282743  -587.451328986686  -2324.091721469698  -237.5065338015096  -1459.361992861076  147.238737802954  -1385.7236544251705  -416.6131509885415  -245.81251084853136  0.0  -313.8356838930109  267.6920138328036  300.04668397224106  -2172.596876890401  -89.48085925647945  -468.8165684782879  
138.7946733101835  -273.6156450936751  -2010.256037576687  76.32915009150133  -1145.5263089680652  461.07442169596493  -1071.8879705321597  -102.7774670955306  68.02317304447956  313.8356838930109  0.0  581.5276977258145  613.882367865252  -1858.76119299739  224.35482463653148  -154.98088458527695  
-442.733024415631  -855.1433428194896  -2591.7837353025016  -505.1985476343132  -1727.0540066938797  -120.45327602984958  -1653.4156682579742  -684.3051648213451  -513.5045246813349  -267.6920138328036  -581.5276977258145  0.0  32.354670139437474  -2440.2888907232045  -357.17287308928303  -736.5085823110915  
-475.0876945550685  -887.4980129589271  -2624.138405441939  -537.5532177737507  -1759.4086768333173  -152.80794616928705  -1685.7703383974117  -716.6598349607825  -545.8591948207725  -300.04668397224106  -613.882367865252  -32.354670139437474  0.0  -2472.643560862642  -389.5275432287205  -768.863252450529  
1997.5558663075735  1585.145547903715  -151.49484457929702  1935.0903430888914  713.2348840293248  2319.8356146933547  786.8732224652304  1755.9837259018595  1926.7843660418696  2172.596876890401  1858.76119299739  2440.2888907232045  2472.643560862642  0.0  2083.1160176339217  1703.780308412113  
-85.56015132634798  -497.97046973020656  -2234.6108622132188  -148.02567454503014  -1369.8811336045967  236.71959705943345  -1296.2427951686911  -327.1322917320621  -156.3316515920519  89.48085925647945  -224.35482463653148  357.17287308928303  389.5275432287205  -2083.1160176339217  0.0  -379.33570922180843  
293.77555789546045  -118.63476050839813  -1855.27515299141  231.3100346767783  -990.5454243827883  616.0553062812419  -916.9070859468827  52.20341748974636  223.00405762975652  468.8165684782879  154.98088458527695  736.5085823110915  768.863252450529  -1703.780308412113  379.33570922180843  0.0  



slope_matrix
0.0  -0.006056841216094266  -0.027530754687251736  -0.0010068588526544514  -0.016013977335140258  0.00408466094278557  -0.015238296335334715  -0.005418845679805161  -0.001201757518521038  0.0037570510964332997  -0.0032542713554556506  0.004582208905150393  0.005318284744994106  -0.0269826946320808  0.0024522829270950982  -0.007686435319085831  
0.006096235305304635  0.0  -0.03788482531594703  0.010695134327175318  -0.02944649320751064  0.005062987160014058  -0.036634801534579375  0.0051503822127869905  0.0028562730385265  0.008687538139406772  0.0027391695374279217  0.0052433830573271785  0.00613803176539821  -0.030372591452456695  0.005006237757416372  0.003104809225553471  
0.02757668049386463  0.037926193327866606  0.0  0.02812488458913854  0.037613298330083596  0.017189113806296397  0.02796924193873405  0.045666233432634824  0.018334737901591205  0.023710382794018547  0.02133305074260004  0.0160459113271949  0.019931022895481116  0.017970918692680547  0.021116894210158842  0.026621827421314536  
0.0010058860421687948  -0.01070494937856153  -0.0278174268453298  0.0  -0.020276393280112288  0.0027568448810867266  -0.022540579517543406  -0.0039140432077585646  -6.964011945184681e-05  0.00551059243158955  -0.0007492064202149719  0.003146870235669074  0.0035632351487379157  -0.0249753529051225  0.0015836704241471075  -0.009270943273618368  
0.015964213577106885  0.029506283041434524  -0.037976711840519185  0.020289861492188085  0.0  0.010345009920439081  0.006111065430365606  0.027361554496786532  0.009717647056097763  0.016578007416347563  0.01088696359026863  0.009979971376776227  0.01215061240906987  -0.02525619277724238  0.012201666817534486  0.016592050659678195  
-0.004055363638930181  -0.005032468434753339  -0.01715558373438191  -0.002746807107906501  -0.010359618595616736  0.0  -0.009742373004309657  -0.004766610495988702  -0.008531609478000551  -0.0012727006465809837  -0.007948188617410187  0.0036096276904360076  0.0017003220893433521  -0.016966048054568392  -0.004424665365596887  -0.005299400484139715  
0.015122191404475932  0.03731988431222462  -0.02802772004314598  0.022483201891984748  -0.00613652820299213  0.009734887009215187  0.0  0.024270235498037293  0.00899267232231492  0.016029192069695438  0.010013901069994018  0.009421171898905836  0.011162563490911215  -0.020202136648658033  0.011586009967542823  0.01607480865965783  
0.00540067382977228  -0.005162834028351299  -0.04557893836275165  0.003909771167584194  -0.027190321821969614  0.004766650791619781  -0.02408924940185506  0.0  0.0019537936415009167  0.007080441043313078  0.00151455153397481  0.0050301391846674535  0.006463965319390119  -0.042849773692090275  0.0042925113729439975  -0.0016488761051720265  
0.0011974873141405065  -0.002850553342829826  -0.018252454358493684  6.948282622571332e-05  -0.009716791163665766  0.008503921433394318  -0.008960861123941823  -0.0019560311513972762  0.0  0.0025351950376292427  -0.0032453803933434906  0.0089227545557139  0.01098087295958102  -0.01808287299317588  0.004364367716137686  -0.0023528598610440656  
-0.0037594718767789397  -0.00867727221546065  -0.02373459682873466  -0.005542742912520644  -0.016591200464541565  0.0012793356312707795  -0.01610183191291158  -0.00707923790974582  -0.0025378124184238216  0.0  -0.0036791991077726955  0.002017576227259599  0.0021334225721677254  -0.02195429342047697  -0.0013842954711707836  -0.01541652642151555  
0.0032504607332595665  -0.0027449402597680083  -0.021339391507544127  0.0007483983732866098  -0.01089317524693862  0.008027061659052315  -0.010013901069994018  -0.0015219527187254642  0.003282971672030867  0.0036817888772056654  0.0  0.007801552156235773  0.012418975296175519  -0.021393595978516068  0.006395519516434763  -0.002006744588699689  
-0.0044797432400650716  -0.005171716618200723  -0.01586217202163177  -0.0031372945887990634  -0.009901526786569888  -0.0034084118853947246  -0.009356661582581485  -0.004971991723010238  -0.008653598326277974  -0.0019861404795429856  -0.0076126154958216325  0.0  0.0003378724951904498  -0.015634458949816795  -0.004920414286944249  -0.005415106112132134  
-0.005327767623862519  -0.006129553235437027  -0.019940109918936324  -0.0035750365300888562  -0.012190179982216567  -0.0017054458277822216  -0.01113454648875437  -0.006481503436382224  -0.011065461074818012  -0.002150841450102802  -0.012454248602488326  -0.000344565177203807  0.0  -0.019893987182198567  -0.0046593646395225  -0.0061365709897721245  
0.026768993946926826  0.03040171745116446  -0.0179496261349878  0.025275474700743095  0.025034569463998766  0.016931500037904102  0.02015040262394956  0.0429230927866502  0.018076256811410514  0.02196539153665353  0.021249784994025404  0.015767908936394386  0.019796827574340013  0.0  0.02102861890788425  0.023643912134500598  
-0.0024501761548209617  -0.0049826943138904  -0.021079047100897252  -0.0015786037596782568  -0.012225623682325718  0.0044816281154758325  -0.011646386299808546  -0.004289696980488619  -0.004385179567799493  0.0013851526200693413  -0.006370097235563074  0.005072757748747096  0.004642151127131371  -0.02110531826054368  0.0  -0.005422955099668455  
0.0076364844786966585  -0.003099131674723044  -0.02670997916774273  0.009270943273618368  -0.016647822258534256  0.005314028347116724  -0.016188331319683665  0.001639039795596432  0.002347905428824558  0.015426672210539252  0.001997433749004729  0.00548568882996493  0.006109799289981238  -0.02368664407635358  0.005431496409246971  0.0  
