Height_Data

node	height
0	69.30128138988036
1	41.16025847511659
2	39.82330440933278
3	15.79518049516783
4	56.934432562466164
5	35.30181899194027
6	7.712352080090799
7	19.1361056592036
8	30.48200883121592
9	18.83163437201462
10	8.065907108032492
11	12.485207520300628
12	35.107752699816835
13	7.669523877071654
14	8.564332138299832
15	19.984095202588346



height_matrix
0.0  562.8204582952754  589.5595396109518  1070.1220178942508  247.33697654828393  679.9892479588018  1231.7785861957914  1003.3035146135353  776.3854511732889  1009.392940357315  1224.7074856369575  1136.3214773915947  683.8705738012706  1232.6351502561743  1214.7389850316106  986.3437237458404  
-562.8204582952754  0.0  26.739081315676344  507.30155959897525  -315.4834817469915  117.16878966352635  668.9581279005158  440.48305631825986  213.5649928780134  446.57248206203946  661.887027341682  573.5010190963193  121.05011550599511  669.8146919608987  651.9185267363353  423.5232654505649  
-589.5595396109518  -26.739081315676344  0.0  480.5624782832989  -342.22256306266786  90.42970834785001  642.2190465848396  413.7439750025835  186.82591156233707  419.8334007463631  635.1479460260057  546.7619377806429  94.31103419031876  643.0756106452225  625.1794454206588  396.78418413488856  
-1070.1220178942508  -507.30155959897525  -480.5624782832989  0.0  -822.7850413459668  -390.1327699354489  161.65656830154063  -66.81850328071539  -293.73656672096183  -60.72907753693579  154.58546774270675  66.19945949734404  -386.25144409298014  162.5131323619235  144.61696713735995  -83.77829414841034  
-247.33697654828393  315.4834817469915  342.22256306266786  822.7850413459668  0.0  432.65227141051787  984.4416096475074  755.9665380652514  529.0484746250049  762.055963809031  977.3705090886735  888.9845008433108  436.5335972529866  985.2981737078903  967.4020084833267  739.0067471975565  
-679.9892479588018  -117.16878966352635  -90.42970834785001  390.1327699354489  -432.65227141051787  0.0  551.7893382369896  323.3142666547335  96.39620321448706  329.4036923985131  544.7182376781557  456.33222943279293  3.8813258424687547  552.6459022973725  534.7497370728088  306.35447578703855  
-1231.7785861957914  -668.9581279005158  -642.2190465848396  -161.65656830154063  -984.4416096475074  -551.7893382369896  0.0  -228.47507158225602  -455.39313502250246  -222.38564583847642  -7.0711005588338764  -95.4571088041966  -547.9080123945207  0.8565640603828797  -17.03960116418068  -245.43486244995097  
-1003.3035146135353  -440.48305631825986  -413.7439750025835  66.81850328071539  -755.9665380652514  -323.3142666547335  228.47507158225602  0.0  -226.91806344024644  6.0894257437796  221.40397102342214  133.01796277805943  -319.43294081226475  229.3316356426389  211.43547041807534  -16.95979086769495  
-776.3854511732889  -213.5649928780134  -186.82591156233707  293.73656672096183  -529.0484746250049  -96.39620321448706  455.39313502250246  226.91806344024644  0.0  233.00748918402604  448.3220344636686  359.93602621830587  -92.5148773720183  456.24969908288534  438.3535338583218  209.9582725725515  
-1009.392940357315  -446.57248206203946  -419.8334007463631  60.72907753693579  -762.055963809031  -329.4036923985131  222.38564583847642  -6.0894257437796  -233.00748918402604  0.0  215.31454527964254  126.92853703427983  -325.52236655604435  223.2422098988593  205.34604467429574  -23.04921661147455  
-1224.7074856369575  -661.887027341682  -635.1479460260057  -154.58546774270675  -977.3705090886735  -544.7182376781557  7.0711005588338764  -221.40397102342214  -448.3220344636686  -215.31454527964254  0.0  -88.38600824536272  -540.8369118356869  7.927664619216756  -9.968500605346804  -238.3637618911171  
-1136.3214773915947  -573.5010190963193  -546.7619377806429  -66.19945949734404  -888.9845008433108  -456.33222943279293  95.4571088041966  -133.01796277805943  -359.93602621830587  -126.92853703427983  88.38600824536272  0.0  -452.4509035903242  96.31367286457947  78.41750764001591  -149.97775364575438  
-683.8705738012706  -121.05011550599511  -94.31103419031876  386.25144409298014  -436.5335972529866  -3.8813258424687547  547.9080123945207  319.43294081226475  92.5148773720183  325.52236655604435  540.8369118356869  452.4509035903242  0.0  548.7645764549036  530.8684112303401  302.4731499445698  
-1232.6351502561743  -669.8146919608987  -643.0756106452225  -162.5131323619235  -985.2981737078903  -552.6459022973725  -0.8565640603828797  -229.3316356426389  -456.24969908288534  -223.2422098988593  -7.927664619216756  -96.31367286457947  -548.7645764549036  0.0  -17.89616522456356  -246.29142651033385  
-1214.7389850316106  -651.9185267363353  -625.1794454206588  -144.61696713735995  -967.4020084833267  -534.7497370728088  17.03960116418068  -211.43547041807534  -438.3535338583218  -205.34604467429574  9.968500605346804  -78.41750764001591  -530.8684112303401  17.89616522456356  0.0  -228.3952612857703  
-986.3437237458404  -423.5232654505649  -396.78418413488856  83.77829414841034  -739.0067471975565  -306.35447578703855  245.43486244995097  16.95979086769495  -209.9582725725515  23.04921661147455  238.3637618911171  149.97775364575438  -302.4731499445698  246.29142651033385  228.3952612857703  0.0  



slope_matrix
0.0  0.015068820837892247  0.04389869989657124  0.031162551482069038  0.031111569377142632  0.01530128820789383  0.017632101147950063  0.01777331292495191  0.039132331208331095  0.018379332490118628  0.013557997649056885  0.020466885399704517  0.026966505276075338  0.013136898116339916  0.01844706127610646  0.02295958388607636  
-0.015032597710878084  0.0  0.0007224826078269749  0.008740550647811427  -0.006979723047499812  0.00885629551500577  0.00848597795157382  0.014195393371519816  0.007774480993011045  0.018739927908604258  0.011159788017900556  0.010861761725309078  0.0064047680161902175  0.01153659476336374  0.009868581997219728  0.014042548589209712  
-0.04370344993409576  -0.0007242438059500635  0.0  0.019315212149650277  -0.018408959820477022  0.0020707512788607743  0.011006324705824157  0.007759639441158731  0.006648608952396337  0.0071485339817191065  0.006699166185275875  0.012423584134983933  0.004151013828799241  0.006912561653716247  0.008434693003516713  0.008027193690772578  
-0.03182992319733048  -0.008748086904621059  -0.019315212149650277  0.0  -0.024156930162829323  -0.006026147203204339  0.003869233324594079  -0.0010190407698751774  -0.005724743066087738  -0.0007610160092347844  0.001331818178035054  0.0012876767068147061  -0.008820539942749032  0.0014194526365789459  0.0015647799949941566  -0.0011525422224296373  
-0.03103349768485369  0.006998302611956333  0.018379299842248543  0.024015908970985603  0.0  0.008293123852990567  0.013381019568404342  0.011804599282717853  0.019189280907689697  0.012163702534860831  0.009966964533185196  0.014643131293745854  0.013248364104794737  0.009699726065247985  0.01617188245542171  0.015844913104578827  
-0.015260081866220866  -0.008783267590968992  -0.0020603715732023242  0.006010364657763809  -0.008269347695155157  0.0  0.007138191462425966  0.015265073968589872  0.0024736002877723136  0.009586836216487576  0.008802815734941107  0.0094674736396845  0.00017008439274622062  0.01076862631132838  0.006803431769374158  0.007089897611364002  
-0.017672576559480506  -0.008376530821058036  -0.011047979469892303  -0.0038683074491873805  -0.01337920100091747  -0.007114262815551496  0.0  -0.003235732496562187  -0.005575332211343076  -0.0021578060162280245  -5.249868631782284e-05  -0.0024289340662645444  -0.008852932822661507  6.907217646825899e-06  -0.00013343462148927707  -0.002455822117770172  
-0.0179257372630612  -0.01419996957828046  -0.007727754482678063  0.0010176439732061436  -0.011910611912167187  -0.015352054447043377  0.003240321537118934  0.0  -0.0043739025335436865  0.00011498160392333082  0.0027000484271149042  0.0037918461453266654  -0.009871228084433397  0.004194835113273073  0.002194224475073426  -0.0002782117924490641  
-0.03917181892902567  -0.00793332068640466  -0.006613306603976533  0.00573032709170819  -0.019182323227882703  -0.002464115624092205  0.005557641384214089  0.004357105672815792  0.0  0.0056159915445655835  0.005854984713059365  0.005689788590235629  -0.0033519883105803732  0.005398765815677261  0.00947996396752426  0.008877728227169196  
-0.01841621857977221  -0.018930584233236094  -0.007121855822669433  0.0007593032950354563  -0.012179254655730078  -0.009581259232068444  0.0021787348594456447  -0.00011452747308218169  -0.005635005784377897  0.0  0.005579542505302994  0.001669233785300892  -0.007724783259516952  0.004516330364128248  0.003927061477802558  -0.0007193887831296675  
-0.013671509423169617  -0.011157906731990594  -0.006693447703428204  -0.0013335415303759176  -0.010040686957075369  -0.008771630236363216  5.250648290154433e-05  -0.0026888993323223483  -0.005913680527412494  -0.005539350277325509  0.0  -0.0008134929428933522  -0.0069920738440295655  0.0001913046481471225  -0.00015119824973982716  -0.0041461778029416784  
-0.020492722766304684  -0.010642067528230085  -0.012460390560178737  -0.0012879272275747866  -0.014681824951995224  -0.009453744135752909  0.00241358050073822  -0.00376928202828165  -0.005618732847616389  -0.0016464980806107125  0.0008118490699491386  0.0  -0.011252198547384337  0.0010964671318827353  0.0007183063812404132  -0.0019533440172669232  
-0.02750887263882826  -0.006367707285954503  -0.0042046827548069  0.008889561429067437  -0.013489913388534815  -0.000171285341679998  0.008840077644313016  0.009786548431748306  0.0034188794298602478  0.007711972673680273  0.007025680850034904  0.011498116990859572  0.0  0.007619613669187775  0.007307204559261392  0.00721892959294916  
-0.013114535059646498  -0.011558493390179442  -0.006900693321657071  -0.0014178427182160488  -0.00968352013472128  -0.01076862631132838  -6.8944306212401775e-06  -0.004191768152853937  -0.005377766372971303  -0.004519988052214199  -0.00019181380641705194  -0.0010973416072072402  -0.007609048481071874  0.0  -0.00018383323291796158  -0.003109347639317433  
-0.01847511764306632  -0.009940813155479343  -0.008427870658137757  -0.0015573655733077745  -0.01605913028690781  -0.006817309243661509  0.00013325722346274092  -0.0021930865098856484  -0.009506691256957748  -0.003919565655168844  0.00015177376073914137  -0.000724344242010123  -0.0073011746834044855  0.00018552939274894839  0.0  -0.006278044565304296  
-0.02294356184568133  -0.01421696090804179  -0.008009369885645712  0.001151908347977593  -0.015824555614508705  -0.007121210501790761  0.0024477397272359724  0.00027885220104726977  -0.008900308290485439  0.0007175970302451603  0.004138978327680449  0.001971575570471334  -0.007172709270679862  0.003105035634270472  0.006272871773847028  0.0  
