Height_Data

node	height
0	10.643425799629856
1	9.942293224793618
2	3.223647230387704
3	4.431208625210606
4	4.590073097968502
5	9.867047803469214
6	7.4624114508196575
7	13.436216424831162
8	8.22003541215548
9	7.152869978425385
10	42.611248924030996
11	6.4645238500325926
12	3.815460383811592
13	42.17043373076229
14	56.833982206513035
15	53.55842966950063



height_matrix
0.0  24.53964011926837  259.69224992347534  217.42760110467378  211.8673445581474  27.17322986562249  111.33550220835696  -97.74767188204567  84.81866356160316  122.16945374215652  -1118.8738093540398  146.26156823590424  238.97878955363927  -1103.4452775896352  -1616.669474240911  -1502.0251354454772  
-24.53964011926837  0.0  235.15260980420697  192.8879609854054  187.32770443887904  2.6335897463541187  86.79586208908859  -122.28731200131404  60.27902344233479  97.62981362288815  -1143.4134494733082  121.72192811663587  214.4391494343709  -1127.9849177089036  -1641.2091143601795  -1526.5647755647456  
-259.69224992347534  -235.15260980420697  0.0  -42.26464881880156  -47.824905365327936  -232.51902005785286  -148.3567477151184  -357.439921805521  -174.87358636187219  -137.52279618131882  -1378.5660592775153  -113.43068168757111  -20.71346036983607  -1363.1375275131106  -1876.3617241643865  -1761.7173853689526  
-217.42760110467378  -192.8879609854054  42.26464881880156  0.0  -5.560256546526375  -190.2543712390513  -106.09209889631683  -315.17527298671945  -132.60893754307062  -95.25814736251726  -1336.3014104587137  -71.16603286876955  21.55118844896549  -1320.872878694309  -1834.097075345585  -1719.452736550151  
-211.8673445581474  -187.32770443887904  47.824905365327936  5.560256546526375  0.0  -184.69411469252492  -100.53184234979045  -309.6150164401931  -127.04868099654425  -89.69789081599089  -1330.7411539121872  -65.60577632224317  27.111444995491865  -1315.3126221477828  -1828.5368187990584  -1713.8924800036248  
-27.17322986562249  -2.6335897463541187  232.51902005785286  190.2543712390513  184.69411469252492  0.0  84.16227234273447  -124.92090174766815  57.64543369598067  94.99622387653403  -1146.0470392196623  119.08833837028175  211.80555968801679  -1130.6185074552577  -1643.8427041065336  -1529.1983653110997  
-111.33550220835696  -86.79586208908859  148.3567477151184  106.09209889631683  100.53184234979045  -84.16227234273447  0.0  -209.08317409040262  -26.516838646753797  10.833951533799564  -1230.2093115623968  34.92606602754728  127.64328734528232  -1214.7807797979922  -1728.004976449268  -1613.3606376538341  
97.74767188204567  122.28731200131404  357.439921805521  315.17527298671945  309.6150164401931  124.92090174766815  209.08317409040262  0.0  182.56633544364882  219.91712562420219  -1021.1261374719943  244.0092401179499  336.72646143568494  -1005.6976057075897  -1518.9218023588655  -1404.2774635634316  
-84.81866356160316  -60.27902344233479  174.87358636187219  132.60893754307062  127.04868099654425  -57.64543369598067  26.516838646753797  -182.56633544364882  0.0  37.35079018055336  -1203.692472915643  61.442904674301076  154.16012599203611  -1188.2639411512384  -1701.4881378025143  -1586.8437990070804  
-122.16945374215652  -97.62981362288815  137.52279618131882  95.25814736251726  89.69789081599089  -94.99622387653403  -10.833951533799564  -219.91712562420219  -37.35079018055336  0.0  -1241.0432630961964  24.092114493747715  116.80933581148275  -1225.6147313317917  -1738.8389279830676  -1624.1945891876337  
1118.8738093540398  1143.4134494733082  1378.5660592775153  1336.3014104587137  1330.7411539121872  1146.0470392196623  1230.2093115623968  1021.1261374719943  1203.692472915643  1241.0432630961964  0.0  1265.1353775899443  1357.8525989076793  15.428531764404624  -497.79566488687124  -383.15132609143734  
-146.26156823590424  -121.72192811663587  113.43068168757111  71.16603286876955  65.60577632224317  -119.08833837028175  -34.92606602754728  -244.0092401179499  -61.442904674301076  -24.092114493747715  -1265.1353775899443  0.0  92.71722131773504  -1249.7068458255394  -1762.9310424768155  -1648.2867036813814  
-238.97878955363927  -214.4391494343709  20.71346036983607  -21.55118844896549  -27.111444995491865  -211.80555968801679  -127.64328734528232  -336.72646143568494  -154.16012599203611  -116.80933581148275  -1357.8525989076793  -92.71722131773504  0.0  -1342.4240671432744  -1855.6482637945505  -1741.0039249991164  
1103.4452775896352  1127.9849177089036  1363.1375275131106  1320.872878694309  1315.3126221477828  1130.6185074552577  1214.7807797979922  1005.6976057075897  1188.2639411512384  1225.6147313317917  -15.428531764404624  1249.7068458255394  1342.4240671432744  0.0  -513.2241966512759  -398.57985785584196  
1616.669474240911  1641.2091143601795  1876.3617241643865  1834.097075345585  1828.5368187990584  1643.8427041065336  1728.004976449268  1518.9218023588655  1701.4881378025143  1738.8389279830676  497.79566488687124  1762.9310424768155  1855.6482637945505  513.2241966512759  0.0  114.6443387954339  
1502.0251354454772  1526.5647755647456  1761.7173853689526  1719.452736550151  1713.8924800036248  1529.1983653110997  1613.3606376538341  1404.2774635634316  1586.8437990070804  1624.1945891876337  383.15132609143734  1648.2867036813814  1741.0039249991164  398.57985785584196  -114.6443387954339  0.0  



slope_matrix
0.0  0.0008520708374745962  0.002764418623641172  0.0022213690345798303  0.0023939542441119015  0.0002963274794506269  0.0021643339400158816  -0.001450477398457422  0.0011653956879076016  0.002244111935013896  -0.027736088481756068  0.0018594148008632626  0.0026441556710958096  -0.02479095209143193  -0.018518550678590047  -0.01601306114547417  
-0.0008517750822377081  0.0  0.0023484730830341254  0.0015504216782043678  0.002550064040823292  2.197955054543581e-05  0.0023560223151218402  -0.0012803613443756051  0.0006917491788195408  0.0012057529161774504  -0.02372227073596075  0.0015407839002105806  0.0033780584346939334  -0.022564211196417355  -0.014947123563175011  -0.013091087252186719  
-0.0027212852344490764  -0.0023363398887650965  0.0  -0.0005611344771481885  -0.0005356672233210642  -0.001923234243654697  -0.0018411112895894562  -0.003061557689488921  -0.0010885377302326312  -0.0019965562744093906  -0.01065352441481851  -0.0006282125247842619  -0.00014973946627511075  -0.009997341602589737  -0.012976132420691327  -0.01166692528770639  
-0.0022236408376423993  -0.0015525431502366822  0.0005596484218591308  0.0  -3.906869411555913e-05  -0.0030051235387624593  -0.0008621869069184627  -0.004215263782087996  -0.0009585726293412652  -0.0021440051173197672  -0.01094700917882128  -0.00042358212528283764  0.00012062007303389204  -0.010185632932559446  -0.01896295570042995  -0.017203128929966494  
-0.0023888526841599664  -0.002552148561837589  0.000534834548930082  3.914570928278214e-05  0.0  -0.001099173449339552  -0.0026296584449330487  -0.0020824254535929047  -0.0007976837171413949  -0.0007786951195068226  -0.01100786792879632  -0.00046502534960478575  0.0004685697372190091  -0.010721491866219292  -0.010519049069493119  -0.009471635700489775  
-0.000296553856440276  -2.198321991948346e-05  0.0019257828396376747  0.0030055982818175562  0.001100876883188442  0.0  0.0006258814036047778  -0.004874010992885999  0.0006682753732434578  0.0017906922502645434  -0.01271690012449692  0.0009269739111876839  0.0011677448433565817  -0.01156879676102791  -0.04080026567650865  -0.03671544694624489  
-0.002148504481056676  -0.002352191384528146  0.0018374628153965617  0.000862958344691043  0.002631723621722263  -0.0006239788874757893  0.0  -0.001869986352655421  -0.00021663729879212594  0.00012700998281124927  -0.014577666922175575  0.00031861034507888413  0.002212572150204235  -0.014095854952401858  -0.012737763352862067  -0.01134890713037306  
0.001444262291401384  0.001275819634859823  0.0030633943984497993  0.004215263782087996  0.002081725384523587  0.0049142762292552385  0.001872330743175451  0.0  0.002798766467533057  0.0045212295311404405  -0.0157678526478072  0.002346017114873088  0.0021388964075188016  -0.013896609171032052  -0.054539382490444  -0.04100080185586662  
-0.00115727041916721  -0.0006928623384176413  0.0011053257465512432  0.0009596825701481446  0.0007958299518083739  -0.0006691286557861947  0.00021631742286249968  -0.002811307906431303  0.0  0.00036838731808416374  -0.03065951280987374  0.0012647777825092851  0.0011539795343366729  -0.029766130790361684  -0.03277134317801453  -0.028235654786602855  
-0.002249897858971575  -0.0012088882320813292  0.0019985873591239476  0.0021286736840785982  0.0007781546873947331  -0.0017917054673054324  -0.00012735337408956816  -0.0045277454782525  -0.000367011793068226  0.0  -0.014669542116976316  0.00018799933276432085  0.0008667953087821516  -0.01329155982357436  -0.022753417620589467  -0.019610902901288727  
0.027742277884357933  0.023546405466913268  0.01070232170854371  0.010939839627169167  0.010956209072222849  0.012804994851616338  0.014500345492248901  0.015821601138394707  0.030504117407897696  0.014742732989976198  0.0  0.02922465644698416  0.01334761229634994  0.0018815282639517835  -0.007047935224223011  -0.005000669878510015  
-0.0018497498227656693  -0.0015396145726870208  0.0006286651500439011  0.0004284271438731536  0.0004621101382140112  -0.0009286364501737503  -0.0003158443301460235  -0.0023473712373059154  -0.0012673866475722169  -0.0001883520795383294  -0.029117039760412987  0.0  0.0008578573400974744  -0.0337120810851238  -0.017823587528832428  -0.01592855337921706  
-0.002651489953995776  -0.003383922194009325  0.00014959887599188266  -0.00012070113945094086  -0.00046808434039177945  -0.0011692920375842818  -0.0022144914529021913  -0.002147079394476088  -0.0011551901535559095  -0.000865959936329474  -0.013379176262761644  -0.0008660304625232116  0.0  -0.013663349283901012  -0.010837104635226977  -0.009797433455256705  
0.024580545712718255  0.022371775440478057  0.010017913776094  0.01017386489019725  0.010665850001198369  0.011634271531747868  0.014011312339077188  0.013925472247405007  0.02966951163923192  0.013342202605397254  -0.0018769503363022658  0.033894951066599927  0.01360656869190426  0.0  -0.006731691981260176  -0.004932308598636827  
0.01855042425979244  0.01502099664436697  0.012994104778806147  0.01897668986389638  0.0105366271878061  0.04129220557916437  0.012775432326255123  0.05479515881525489  0.03253323399239989  0.022771295923089897  0.007015158749814983  0.017868751697514854  0.010773557189023232  0.006738763086282509  0.0  0.016834704668933026  
0.01601989265620176  0.01314067000856277  0.011690926368322942  0.01722208269781802  0.009469490085162383  0.03716156416308869  0.011372105714061  0.04129013418298829  0.028011364501448904  0.019651239418611192  0.004996105438667849  0.01607300539913585  0.009792473845543149  0.004922562157043868  -0.01651935717513457  0.0  
