Height_Data

node	height
0	36.85510226362772
1	49.950349904416974
2	13.347347949957877
3	66.43185110727624
4	134.91428597236848
5	50.914570950037835
6	20.25034664774463
7	109.92470866278414
8	17.975791742745354
9	109.0763781531115
10	150.4939142906987
11	23.66825485649529
12	22.64086910443945
13	41.217527999375136
14	44.05202763869405
15	78.28677995667391



height_matrix
0.0  -78.57148584473549  141.04652588201907  -177.4604930618911  -588.3551022524446  -84.35681211846065  99.62853369529856  -438.4176383949385  113.27586312529422  -433.32765533690275  -681.8328721624259  79.1210844427946  85.28539895512964  -26.174554414484476  -43.18155225039794  -248.59006615827712  
78.57148584473549  0.0  219.61801172675456  -98.88900721715561  -509.783616407709  -5.785326273725161  178.20001954003405  -359.846152550203  191.8473489700297  -354.75616949216726  -603.2613863176904  157.6925702875301  163.85688479986513  52.396931430251016  35.38993359433755  -170.01858031354163  
-141.04652588201907  -219.61801172675456  0.0  -318.50701894391017  -729.4016281344636  -225.40333800047972  -41.417992186720525  -579.4641642769576  -27.77066275672486  -574.3741812189219  -822.879398044445  -61.925441439224485  -55.761126926889446  -167.22108029650354  -184.228078132417  -389.6365920402962  
177.4604930618911  98.88900721715561  318.50701894391017  0.0  -410.8946091905534  93.10368094343045  277.0890267571897  -260.9571453330474  290.7363561871853  -255.86716227501165  -504.3723791005348  256.5815775046857  262.74589201702076  151.28593864740662  134.27894081149316  -71.12957309638603  
588.3551022524446  509.783616407709  729.4016281344636  410.8946091905534  0.0  503.99829013398386  687.9836359477431  149.93746385750603  701.6309653777387  155.02744691554176  -93.47776990998136  667.4761866952391  673.6405012075742  562.18054783796  545.1735500020466  339.7650360941674  
84.35681211846065  5.785326273725161  225.40333800047972  -93.10368094343045  -503.99829013398386  0.0  183.9853458137592  -354.0608262764778  197.63267524375487  -348.9708432184421  -597.4760600439652  163.47789656125525  169.6422110735903  58.18225770397618  41.17525986806271  -164.23325403981647  
-99.62853369529856  -178.20001954003405  41.417992186720525  -277.0890267571897  -687.9836359477431  -183.9853458137592  0.0  -538.0461720902371  13.647329429995665  -532.9561890322013  -781.4614058577245  -20.50744925250396  -14.34313474016892  -125.80308810978303  -142.8100859456965  -348.2185998535757  
438.4176383949385  359.846152550203  579.4641642769576  260.9571453330474  -149.93746385750603  354.0608262764778  538.0461720902371  0.0  551.6935015202328  5.0899830580357275  -243.4152337674874  517.5387228377331  523.7030373500681  412.243083980454  395.23608614454054  189.82757223666135  
-113.27586312529422  -191.8473489700297  27.77066275672486  -290.7363561871853  -701.6309653777387  -197.63267524375487  -13.647329429995665  -551.6935015202328  0.0  -546.6035184621969  -795.10873528772  -34.154778682499625  -27.990464170164586  -139.4504175397787  -156.45741537569216  -361.86592928357135  
433.32765533690275  354.75616949216726  574.3741812189219  255.86716227501165  -155.02744691554176  348.9708432184421  532.9561890322013  -5.0899830580357275  546.6035184621969  0.0  -248.50521682552312  512.4487397796973  518.6130542920324  407.1531009224183  390.1461030865048  184.73758917862563  
681.8328721624259  603.2613863176904  822.879398044445  504.3723791005348  93.47776990998136  597.4760600439652  781.4614058577245  243.4152337674874  795.10873528772  248.50521682552312  0.0  760.9539566052205  767.1182711175555  655.6583177479414  638.6513199120279  433.24280600414875  
-79.1210844427946  -157.6925702875301  61.925441439224485  -256.5815775046857  -667.4761866952391  -163.47789656125525  20.50744925250396  -517.5387228377331  34.154778682499625  -512.4487397796973  -760.9539566052205  0.0  6.164314512335039  -105.29563885727907  -122.30263669319254  -327.7111506010717  
-85.28539895512964  -163.85688479986513  55.761126926889446  -262.74589201702076  -673.6405012075742  -169.6422110735903  14.34313474016892  -523.7030373500681  27.990464170164586  -518.6130542920324  -767.1182711175555  -6.164314512335039  0.0  -111.45995336961411  -128.46695120552758  -333.8754651134068  
26.174554414484476  -52.396931430251016  167.22108029650354  -151.28593864740662  -562.18054783796  -58.18225770397618  125.80308810978303  -412.243083980454  139.4504175397787  -407.1531009224183  -655.6583177479414  105.29563885727907  111.45995336961411  0.0  -17.006997835913467  -222.41551174379265  
43.18155225039794  -35.38993359433755  184.228078132417  -134.27894081149316  -545.1735500020466  -41.17525986806271  142.8100859456965  -395.23608614454054  156.45741537569216  -390.1461030865048  -638.6513199120279  122.30263669319254  128.46695120552758  17.006997835913467  0.0  -205.40851390787918  
248.59006615827712  170.01858031354163  389.6365920402962  71.12957309638603  -339.7650360941674  164.23325403981647  348.2185998535757  -189.82757223666135  361.86592928357135  -184.73758917862563  -433.24280600414875  327.7111506010717  333.8754651134068  222.41551174379265  205.40851390787918  0.0  



slope_matrix
0.0  -0.0017963302662262343  0.0023371421024361073  -0.008682020208507392  -0.019592244497250902  -0.0030063012159109283  0.0019611916081751684  -0.014243587992038287  0.0014753303350520217  -0.018283867313793365  -0.020172570182320295  0.0018643045344673562  0.0012888831638979846  -0.000664666186248971  -0.0011318886566290417  -0.01467473826199983  
0.0018238506463494775  0.0  0.00351951941869799  -0.0027174775272645123  -0.032041710647876115  -0.00012601451260564497  0.002090813323243389  -0.01817404810859611  0.0018414988382609878  -0.01644673942940043  -0.053057289913605137  0.004141086404609509  0.0018458587901302819  0.0007441688883716946  0.0005713583079486204  -0.005782944908623865  
-0.002345303057565997  -0.0035217769680364747  0.0  -0.007727001915184623  -0.012515470626878236  -0.00641809048976309  -0.0006427373089186922  -0.008521531827602317  -0.0004718087454421485  -0.00902820152811886  -0.01311570605745051  -0.0007095032245557343  -0.0012727944973040274  -0.0034859512256932156  -0.0045725509588587  -0.007714048545640392  
0.008639751366206967  0.0027189718783930603  0.007723254581569112  0.0  -0.017619837443848773  0.007923717527100464  0.005633035713705828  -0.009004732413148633  0.0040856711099941725  -0.010401104157520798  -0.017734612485954107  0.005316651005070156  0.004667718813590705  0.004401685733122101  0.005034642151081442  -0.006190563367831682  
0.01966427480790256  0.032102242846833065  0.012515470626878236  0.017627396361671103  0.0  0.0152035683298336  0.00956462722018272  0.012706564733686952  0.007536315417591178  0.014080603716216326  -0.015736998301343664  0.021587198793507085  0.008670877863400362  0.009806044790475494  0.011085269418504403  0.023496890462943804  
0.0030519830723032076  0.00012582266798010354  0.006436417418631631  -0.007778085291848826  -0.01513054008207697  0.0  0.004289702630304482  -0.00913705358132846  0.0032182490676397144  -0.01015335592721682  -0.015547126204630892  0.002820529616308752  0.003687874153773702  0.002144572713010548  0.0024759627100458636  -0.007724988430847435  
-0.0019341590699922064  -0.002095238324985703  0.0006434362620276608  -0.005650265635342367  -0.009555328277051987  -0.004289702630304482  0.0  -0.007085148434161668  0.0002955246736681608  -0.0075800908694666665  -0.010133057648570079  -0.0002278858679020331  -0.000379548418633737  -0.0070755392637673244  -0.005124150913013868  -0.00583965453385168  
0.014257484175445154  0.01777018037284953  0.0084940510741272  0.009010951151003017  -0.012610383839992096  0.009141771915220186  0.007147265835417602  0.0  0.005590732686666323  0.0006777607267690716  -0.024513115183029947  0.026608674696027408  0.006289216252552758  0.006659716062429589  0.007294601272462082  0.010458819406978587  
-0.0014795697900378034  -0.0018404388811399627  0.00047124830742787814  -0.00411982933523006  -0.007537124990629914  -0.00322192167009708  -0.0002974570494768018  -0.0056265973984990746  0.0  -0.005835354789232494  -0.008096005857730577  -0.00029769701632092414  -0.0018175626084522458  -0.0036391027541695905  -0.0034675845606314754  -0.004465275534101324  
0.018168874437605984  0.01613995311611316  0.009014032975814844  0.010460636233647246  -0.014235761883888132  0.010194882945324045  0.007676165764542724  -0.000651726383871412  0.005818583136885885  0.0  -0.021312625799787575  0.018916527861930505  0.006583890495011202  0.0071241640727619515  0.00789258179087443  0.01353388931711543  
0.02130062081107235  0.04640472202443772  0.013121980514183463  0.01769727645966789  0.015816881541452006  0.015583621806050213  0.010278329683779093  0.02840317780250728  0.008089416372852987  0.02403338654018599  0.0  0.028340929482503555  0.009255770645723402  0.010487177187267136  0.011746391758543829  0.02309396620491198  
-0.0018625490688040159  -0.004122681576144578  0.0007095032245557343  -0.005343223188352472  -0.02160117109046081  -0.0028288267271371387  0.00023005888773282432  -0.02678771857338163  0.0002966884875130266  -0.01928674218214894  -0.027245039620666683  0.0  6.023956329849545e-05  -0.0013548074994503227  -0.0016899398473586456  -0.008807072039803056  
-0.0012809462144056719  -0.0018444043764055057  0.0012716334532928038  -0.004662748749192915  -0.008670877863400362  -0.003692690706869619  0.0003770540152515489  -0.006299807979671216  0.0018175626084522458  -0.006585562594184539  -0.009263594627672449  -6.019250573513367e-05  0.0  -0.00379502735340872  -0.0036862826744771186  -0.005086463514829476  
0.0006594747899844917  -0.0007449094601969152  0.0034815965083594327  -0.004406814408604912  -0.009812891391830338  -0.00216532406788151  0.007012435234659032  -0.006669412952070894  0.003547454020345426  -0.007089430811276458  -0.010505661236147113  0.0013523714212339978  0.0037503349047649432  0.0  -0.001443717982675167  -0.004892554151865214  
0.0011351617310830164  -0.0005717275217178926  0.004563489673827521  -0.005017897638695559  -0.011074010765834787  -0.0024774524589688753  0.0051481645978982155  -0.007296082519143832  0.00341237547166177  -0.007835675183999214  -0.011750714257811  0.0016876312500785503  0.003683112133185997  0.0014196158460695715  0.0  -0.005524704516080667  
0.014640168796129395  0.005800702160134481  0.007647430658298257  0.006084651248621559  -0.023448242656602305  0.007652994130466751  0.0059271251038906505  -0.010569463932998962  0.004444981320274799  -0.013603651633183035  -0.022366691068877065  0.008799977191221045  0.0050587191683849515  0.004865795487722438  0.005479021443261648  0.0  
