Height_Data

node	height
0	17.456764090646452
1	15.419356289061893
2	7.479343974157722
3	16.065799887939484
4	28.842492303619185
5	52.50074126203048
6	66.20746111573922
7	10.382663182054827
8	31.847748893563036
9	30.492041885105504
10	43.61928983683244
11	72.53359189456371
12	67.42761560645755
13	13.47329545239424
14	41.784003603877224
15	64.02842241492826



height_matrix
0.0  40.748156031691224  199.54840232977463  27.819284054139416  -227.71456425945462  -700.8795434276805  -975.0139405018552  141.48201817183252  -287.8196960583317  -260.705555889181  -523.2505149237198  -1101.5365560783453  -999.4170303162219  79.66937276504427  -486.5447902646155  -931.4331664856362  
-40.748156031691224  0.0  158.8002462980834  -12.928871977551808  -268.46272029114584  -741.6276994593717  -1015.7620965335465  100.7338621401413  -328.56785209002294  -301.45371192087225  -563.9986709554111  -1142.2847121100363  -1040.1651863479133  38.92121673335305  -527.2929462963067  -972.1813225173274  
-199.54840232977463  -158.8002462980834  0.0  -171.72911827563522  -427.2629665892292  -900.4279457574551  -1174.5623428316298  -58.06638415794211  -487.3680983881063  -460.25395821895563  -722.7989172534944  -1301.0849584081197  -1198.9654326459965  -119.87902956473036  -686.0931925943901  -1130.9815688154108  
-27.819284054139416  12.928871977551808  171.72911827563522  0.0  -255.53384831359404  -728.6988274818199  -1002.8332245559947  113.6627341176931  -315.63898011247113  -288.52483994332044  -551.0697989778593  -1129.3558401324844  -1027.2363143703615  51.850088710904856  -514.3640743187549  -959.2524505397756  
227.71456425945462  268.46272029114584  427.2629665892292  255.53384831359404  0.0  -473.16497916822584  -747.2993762424006  369.19658243128714  -60.105131798877096  -32.99099162972641  -295.5359506642652  -873.8219918188905  -771.7024660567673  307.3839370244989  -258.83022600516085  -703.7186022261816  
700.8795434276805  741.6276994593717  900.4279457574551  728.6988274818199  473.16497916822584  0.0  -274.1343970741748  842.3615615995129  413.05984736934874  440.17398753849943  177.62902850396063  -400.6570126506647  -298.5374868885415  780.5489161927247  214.334753163065  -230.55362305795575  
975.0139405018552  1015.7620965335465  1174.5623428316298  1002.8332245559947  747.2993762424006  274.1343970741748  0.0  1116.4959586736877  687.1942444435235  714.3083846126742  451.7634255781354  -126.5226155764899  -24.403089814366695  1054.6833132668994  488.4691502372398  43.58077401621904  
-141.48201817183252  -100.7338621401413  58.06638415794211  -113.6627341176931  -369.19658243128714  -842.3615615995129  -1116.4959586736877  0.0  -429.30171423016424  -402.18757406101355  -664.7325330955523  -1243.0185742501776  -1140.8990484880544  -61.81264540678825  -628.0268084364479  -1072.9151846574687  
287.8196960583317  328.56785209002294  487.3680983881063  315.63898011247113  60.105131798877096  -413.05984736934874  -687.1942444435235  429.30171423016424  0.0  27.114140169150687  -235.43081886538812  -813.7168600200134  -711.5973342578902  367.489068823376  -198.72509420628376  -643.6134704273045  
260.705555889181  301.45371192087225  460.25395821895563  288.52483994332044  32.99099162972641  -440.17398753849943  -714.3083846126742  402.18757406101355  -27.114140169150687  0.0  -262.5449590345388  -840.8310001891641  -738.7114744270409  340.3749286542253  -225.83923437543444  -670.7276105964552  
523.2505149237198  563.9986709554111  722.7989172534944  551.0697989778593  295.5359506642652  -177.62902850396063  -451.7634255781354  664.7325330955523  235.43081886538812  262.5449590345388  0.0  -578.2860411546253  -476.1665153925021  602.9198876887641  36.70572465910436  -408.1826515619164  
1101.5365560783453  1142.2847121100363  1301.0849584081197  1129.3558401324844  873.8219918188905  400.6570126506647  126.5226155764899  1243.0185742501776  813.7168600200134  840.8310001891641  578.2860411546253  0.0  102.1195257621232  1181.2059288433893  614.9917658137297  170.10338959270894  
999.4170303162219  1040.1651863479133  1198.9654326459965  1027.2363143703615  771.7024660567673  298.5374868885415  24.403089814366695  1140.8990484880544  711.5973342578902  738.7114744270409  476.1665153925021  -102.1195257621232  0.0  1079.0864030812663  512.8722400516065  67.98386383058573  
-79.66937276504427  -38.92121673335305  119.87902956473036  -51.850088710904856  -307.3839370244989  -780.5489161927247  -1054.6833132668994  61.81264540678825  -367.489068823376  -340.3749286542253  -602.9198876887641  -1181.2059288433893  -1079.0864030812663  0.0  -566.2141630296597  -1011.1025392506805  
486.5447902646155  527.2929462963067  686.0931925943901  514.3640743187549  258.83022600516085  -214.334753163065  -488.4691502372398  628.0268084364479  198.72509420628376  225.83923437543444  -36.70572465910436  -614.9917658137297  -512.8722400516065  566.2141630296597  0.0  -444.88837622102074  
931.4331664856362  972.1813225173274  1130.9815688154108  959.2524505397756  703.7186022261816  230.55362305795575  -43.58077401621904  1072.9151846574687  643.6134704273045  670.7276105964552  408.1826515619164  -170.10338959270894  -67.98386383058573  1011.1025392506805  444.88837622102074  0.0  



slope_matrix
0.0  0.0004735954908378803  0.003948326124451417  0.00041079864226431506  -0.002639832186729282  -0.01567612488095908  -0.028975154249683662  0.0016761286360837877  -0.006321539557617653  -0.0033223595754961264  -0.016977628647752104  -0.035764173898647576  -0.0263977028609673  0.000799652441684676  -0.0102624929395616  -0.027812277291299977  
-0.00047447782989859364  0.0  0.0023669734132968166  -0.00013310757613482625  -0.00313295274000637  -0.016217531149341168  -0.018779110677270224  0.0030506923725057934  -0.003707603837621563  -0.003973292631090974  -0.009250429243159112  -0.01645232193734749  -0.018042761254950794  0.002013513540266583  -0.0072981722670769095  -0.012581614113075287  
-0.003913481120411348  -0.002363802415869059  0.0  -0.001518248769124173  -0.0036310271657111347  -0.013736505656101527  -0.01974054357700218  -0.001237825285822684  -0.005271693871153124  -0.004216324278297505  -0.013414976192529592  -0.017511237663635527  -0.016785180353436884  -0.0016130117002789337  -0.007774427111551162  -0.014338001633055411  
-0.00040814677309476845  0.0001318317543162791  0.0015131651976000987  0.0  -0.005932989280557094  -0.012652998341439112  -0.017098605704279533  0.0009629905204369454  -0.011137578691336313  -0.0062818384485808934  -0.008547693484998592  -0.028072479247638192  -0.022359903231761638  0.0004471724151659309  -0.017779608514301933  -0.026937726777303442  
0.002650895382585239  0.0031524509193417783  0.003632261893983076  0.006022480516464625  0.0  -0.008905796709358664  -0.012190854424835246  0.0032919891433908794  -0.0011077040931585687  -0.0030183889871661855  -0.004156623778681649  -0.015798340146063  -0.015514725895793472  0.0031212828698669666  -0.006236722633313916  -0.01225115513703072  
0.015714787969230502  0.016178614735152086  0.013713492929598767  0.013056544901216962  0.00890747325241389  0.0  -0.023114198741498716  0.013094381495406699  0.009328361503372826  0.009867159550291401  0.007891116326253248  -0.01596879285176025  -0.023053087790620964  0.012251591841041042  0.007473317753244944  -0.007001324720861092  
0.029139687402924545  0.018793008261490222  0.019690902645961943  0.01734075538302977  0.012149233884610642  0.023114198741498716  0.0  0.017702488642360674  0.01650322392995974  0.013376561509600642  0.040662774579490135  -0.005681302899707674  -0.0017581476811503382  0.015038974950333657  0.015911047238998038  0.0014387842197497206  
-0.0016855136784826366  -0.0030702182913788876  0.0012457924084518796  -0.0009725486572177281  -0.0033022950128022105  -0.013174250259610774  -0.01783539870085763  0.0  -0.004180926502762578  -0.00389377068507129  -0.01071630715936728  -0.01492022151036691  -0.015480312733894904  -0.002079133717012723  -0.0069379894878087486  -0.011747546667149913  
0.006324317645755476  0.003698422468370362  0.005265997821589479  0.011078939280887018  0.0011006048561439472  -0.009265586526903291  -0.016523064304965702  0.004159456978715101  0.0  0.0004940623208664484  -0.005061939773497917  -0.038400984427560805  -0.02201724425302878  0.00344381097201177  -0.008696940665482877  -0.04020071645392283  
0.003344951961626649  0.004014565347194996  0.004219803412661187  0.006307932661637964  0.0030294758154018743  -0.00987601497730535  -0.013459739676138576  0.003882494198870678  -0.0004946030676605379  0.0  -0.00417599743970954  -0.0167931096502729  -0.0177959883022655  0.0038499596047305205  -0.005623486911738905  -0.011955928887637347  
0.017021812456854905  0.009267148717637381  0.013427436694287469  0.008574292811231668  0.004143220954216532  -0.007990509604316718  -0.040883567925623115  0.010651058053125337  0.005035953344714184  0.004152878187828833  0.0  -0.021291827730288117  -0.021247948031793935  0.008053965905540531  0.0009506792193500224  -0.012406767524678309  
0.036009694543260716  0.016346375387951292  0.01753247484716507  0.028149447660331117  0.015623214171369911  0.015638447019932267  0.005527418766993879  0.014694454188390936  0.03807753205521822  0.016509542513040727  0.021441825775106612  0.0  0.007643677078003234  0.013461036226135491  0.03600654366590923  0.018409457748128674  
0.026355934343782222  0.01810872538906534  0.01669170865440619  0.023078257382902236  0.015524089037553155  0.023286855451524296  0.0017505803310162622  0.015320250416114602  0.021915532314687104  0.01775748736603464  0.021324071446148774  -0.007689723325461084  0.0  0.014328593853157169  0.029509334870633282  0.003218932946523946  
-0.0008011803375406705  -0.002012472426750416  0.00160394741189096  -0.0004504747023127936  -0.0031308202996995203  -0.012253515167860671  -0.015026119294299749  0.0020735540223679387  -0.003447688046002214  -0.0038521381694683714  -0.008025021798066872  -0.01351494197761315  -0.014269854576583791  0.0  -0.006275927322430278  -0.010616364334845448  
0.010409601845627203  0.007308287543954355  0.007741094353992893  0.018162573245718745  0.0062654069377444475  -0.007406176681515722  -0.015890343208758612  0.006905946870864833  0.008580530837922443  0.005608126008826284  -0.0009603800277107369  -0.038079985499302145  -0.029662940430977818  0.006289870729056429  0.0  -0.020268263153577253  
0.027812277291299977  0.012584871488897443  0.014348916123006988  0.027305791361792644  0.012293960661522014  0.006988591180901962  -0.0014526924672073013  0.011710363177191568  0.040632163537077305  0.011934654992819487  0.012418091011923224  -0.01941819515898504  -0.0032794917429129636  0.010629757561508416  0.020277501195124007  0.0  
