Height_Data

node	height
0	49.45524238229693
1	6.322893318097784
2	7.011035472015864
3	11.344703670733777
4	38.77776698139891
5	4.859860860314082
6	103.24564430464727
7	64.44992846518178
8	67.65662480504945
9	39.513141091121405
10	7.826375753664462
11	48.10805292389085
12	24.186250061577493
13	65.27976017047297
14	8.823290240195426
15	90.09639843242577



height_matrix
0.0  431.3234906419915  424.4420691028107  381.1053871156316  106.77475400898021  445.9538152198285  -537.9040192235034  -149.94686082884846  -182.0138242275251  99.42101291175527  416.2886662863247  13.471894584060806  252.6899232071944  -158.24517788176036  406.31952142101505  -406.41156050128836  
-431.3234906419915  0.0  -6.881421539180799  -50.21810352635993  -324.5487366330113  14.630324577837023  -969.2275098654949  -581.27035147084  -613.3373148695166  -331.9024777302362  -15.034824355666778  -417.8515960579307  -178.6335674347971  -589.5686685237519  -25.003969220976423  -837.7350511432799  
-424.4420691028107  6.881421539180799  0.0  -43.336681987179134  -317.6673150938305  21.51174611701782  -962.3460883263141  -574.3889299316592  -606.4558933303358  -325.02105619105544  -8.153402816485979  -410.9701745187499  -171.7521458956163  -582.6872469845711  -18.122547681795623  -830.8536296040991  
-381.1053871156316  50.21810352635993  43.336681987179134  0.0  -274.33063310665136  64.84842810419696  -919.0094063391349  -531.05224794448  -563.1192113431566  -281.6843742038763  35.183279170693154  -367.63349253157077  -128.41546390843718  -539.3505649973919  25.21413430538351  -787.5169476169199  
-106.77475400898021  324.5487366330113  317.6673150938305  274.33063310665136  0.0  339.1790612108483  -644.6787732324835  -256.72161483782867  -288.7885782365053  -7.35374109722494  309.5139122773445  -93.3028594249194  145.9151691982142  -265.01993189074057  299.54476741203484  -513.1863145102686  
-445.9538152198285  -14.630324577837023  -21.51174611701782  -64.84842810419696  -339.1790612108483  0.0  -983.8578344433319  -595.9006760486769  -627.9676394473536  -346.53280230807326  -29.6651489335038  -432.4819206357677  -193.26389201263413  -604.1989931015888  -39.634293798813445  -852.3653757211168  
537.9040192235034  969.2275098654949  962.3460883263141  919.0094063391349  644.6787732324835  983.8578344433319  0.0  387.9571583946549  355.8901949959783  637.3250321352587  954.1926855098282  551.3759138075642  790.5939424306978  379.658841341743  944.2235406445185  131.49245872221502  
149.94686082884846  581.27035147084  574.3889299316592  531.05224794448  256.72161483782867  595.9006760486769  -387.9571583946549  0.0  -32.06696339867665  249.36787374060373  566.2355271151732  163.41875541290926  402.63678403604285  -8.298317052911898  556.2663822498636  -256.4646996724399  
182.0138242275251  613.3373148695166  606.4558933303358  563.1192113431566  288.7885782365053  627.9676394473536  -355.8901949959783  32.06696339867665  0.0  281.4348371392804  598.3024905138498  195.4857188115859  434.7037474347195  23.76864634576475  588.3333456485402  -224.39773627376326  
-99.42101291175527  331.9024777302362  325.02105619105544  281.6843742038763  7.35374109722494  346.53280230807326  -637.3250321352587  -249.36787374060373  -281.4348371392804  0.0  316.86765337456944  -85.94911832769446  153.26891029543913  -257.6661907935156  306.8985085092598  -505.83257341304363  
-416.2886662863247  15.034824355666778  8.153402816485979  -35.183279170693154  -309.5139122773445  29.6651489335038  -954.1926855098282  -566.2355271151732  -598.3024905138498  -316.86765337456944  0.0  -402.8167717022639  -163.59874307913032  -574.5338441680851  -9.969144865309644  -822.700226787613  
-13.471894584060806  417.8515960579307  410.9701745187499  367.63349253157077  93.3028594249194  432.4819206357677  -551.3759138075642  -163.41875541290926  -195.4857188115859  85.94911832769446  402.8167717022639  0.0  239.2180286231336  -171.71707246582116  392.84762683695425  -419.88345508534917  
-252.6899232071944  178.6335674347971  171.7521458956163  128.41546390843718  -145.9151691982142  193.26389201263413  -790.5939424306978  -402.63678403604285  -434.7037474347195  -153.26891029543913  163.59874307913032  -239.2180286231336  0.0  -410.93510108895475  153.62959821382066  -659.1014837084828  
158.24517788176036  589.5686685237519  582.6872469845711  539.3505649973919  265.01993189074057  604.1989931015888  -379.658841341743  8.298317052911898  -23.76864634576475  257.6661907935156  574.5338441680851  171.71707246582116  410.93510108895475  0.0  564.5646993027755  -248.166382619528  
-406.31952142101505  25.003969220976423  18.122547681795623  -25.21413430538351  -299.54476741203484  39.634293798813445  -944.2235406445185  -556.2663822498636  -588.3333456485402  -306.8985085092598  9.969144865309644  -392.84762683695425  -153.62959821382066  -564.5646993027755  0.0  -812.7310819223035  
406.41156050128836  837.7350511432799  830.8536296040991  787.5169476169199  513.1863145102686  852.3653757211168  -131.49245872221502  256.4646996724399  224.39773627376326  505.83257341304363  822.700226787613  419.88345508534917  659.1014837084828  248.166382619528  812.7310819223035  0.0  



slope_matrix
0.0  0.004520262949507352  0.004396541009973179  0.0058740041170720035  0.0014045244009494647  0.004870618340102976  -0.027016776455223674  -0.005362906324350803  -0.01199037050247201  0.0013632202069319668  0.00653411813351632  0.0008393703790692091  0.014398286222632159  -0.007560686950872449  0.005359001865220457  -0.017624091955823432  
-0.004511280102938935  0.0  -0.0001513731090888869  -0.0007778516655260213  -0.0062114590743160055  7.715561344912758e-05  -0.009468811155387797  -0.007725549594242955  -0.005584424245374821  -0.0070949653212962  -9.504823180828783e-05  -0.003767483509673886  -0.0016624808509520437  -0.007348481472313996  -0.0002888294931382283  -0.008415218996918933  
-0.0044020127473844714  0.0001518742339258618  0.0  -0.0009242201319509306  -0.004919659213793041  0.00011169072910845645  -0.009689348452741785  -0.0075527801437430524  -0.005574555504461217  -0.005286614446829138  -5.128216576086683e-05  -0.0036785729906798235  -0.0015864783474562748  -0.007317433718254063  -0.000411035329593913  -0.008608990048742089  
-0.005850558598643408  0.0007822134505663541  0.0009224495952996836  0.0  -0.0051994964672134976  0.0004300293640861867  -0.014631577875165338  -0.011743747190280407  -0.007790802591908641  -0.005671116855322656  0.0002807923317692989  -0.004570282105066767  -0.001647196817706993  -0.012084933116679181  0.0007551402906673708  -0.013125282460281999  
-0.0014187073690438761  0.006193678180019299  0.004927137175155964  0.005352688398404935  0.0  0.0020284251894939287  -0.0077158987604424014  -0.004676849355786429  -0.003227337098371799  -0.0008712963385337607  0.00227964258193709  -0.0010302650054649788  0.0016752217997085506  -0.004425702746914608  0.003658293956009756  -0.006381168268760645  
-0.004844691094186078  -7.709462761874586e-05  -0.0001115216525069226  -0.00042778547607837504  -0.0020239467082630597  0.0  -0.010702249912360838  -0.004993720573608288  -0.007686262416736274  -0.002106812917571973  -0.0008702009074069756  -0.005630541864806246  -0.0022822849788927033  -0.005380222556559117  -0.0002660376815600312  -0.008801790331692656  
0.026989664787932934  0.009496644227567068  0.009686422630360484  0.014608087716601785  0.007627348775851063  0.010736117791830334  0.0  0.012363198164265612  0.03232426839200529  0.007826565216382688  0.014958342773316008  0.026156352647417655  0.021536201101353795  0.015819118389239294  0.0147511879494535  0.021806377897548097  
0.005476510621944794  0.007655345074026603  0.007454755742137043  0.01174115073943135  0.004541173403343746  0.0050418874358970885  -0.012612391365235856  0.0  -0.0008546632035894629  0.004666227685496224  0.006267827397776989  0.003828930539196562  0.009303068023013929  -0.0011905763347075894  0.009520055830806654  -0.009322599042982185  
0.01188855808148433  0.005577314857411263  0.005575067965897553  0.007784233164362625  0.003188145307417647  0.007710801073764165  -0.0317192687162191  0.0008379138593853318  0.0  0.003217096708305579  0.011164442816082287  0.017967437390770762  0.014979453736551327  0.0007608401519130843  0.008011074967981213  -0.013911824939476953  
-0.0013669688703820278  0.007076811891902691  0.005247183755627126  0.005781698977912075  0.0008723299047716418  0.002104254273740137  -0.00786617089563519  -0.004762473477217847  -0.0032367061579427537  0.0  0.002378136423759546  -0.0009763505847678029  0.001812310488174896  -0.0044927933391486746  0.0038676560618684285  -0.00649410809224485  
-0.006525923597528213  9.607469027398878e-05  5.1731178765987016e-05  -0.0002814865003935736  -0.002257528371205185  0.0008758532309862357  -0.014986535032351629  -0.006217585671628124  -0.01119578013686096  -0.0023646486871432473  0.0  -0.00829694689397042  -0.0029941204809504083  -0.006836433176678786  -7.906372325568756e-05  -0.011996212114138422  
-0.0008352073517706637  0.0037688427532960285  0.003669704210364764  0.004576540427381685  0.0010199040185492163  0.005660758123504813  -0.026032857120281597  -0.003764541704973722  -0.017852577060418803  0.0009724841122831204  0.00829694689397042  0.0  0.01030667938919145  -0.004720095449857646  0.004710403199483864  -0.016093654851872332  
-0.014381896596880729  0.0016613830547967104  0.00158091462611368  0.001645487165828695  -0.001655812548349627  0.002284983353187918  -0.02158323621159426  -0.009440487316202647  -0.01497429374559833  -0.0018024850679207725  0.0029908362537318157  -0.010382726936767952  0.0  -0.010871298970607268  0.0016574560169794008  -0.016568664748830637  
0.007514016043768298  0.007358570500795704  0.007327555922844203  0.012117514378732687  0.004363760980878953  0.005400902771981664  -0.015799369177767083  0.0010933224048632277  -0.0007618155880052804  0.004470965119354438  0.0068380605114030605  0.004722691761986281  0.010859807111230305  0.0  0.010181509455415247  -0.012011925586618006  
-0.005336479136078475  0.00028936430067094573  0.0004113151993144717  -0.0007555928769968089  -0.0035736243591944126  0.0002660019718041171  -0.014636855381251255  -0.009512079039840348  -0.007952599968214926  -0.0038020132372306712  7.849720366385546e-05  -0.0046739753341695925  -0.0016533534030759864  -0.010148565509667005  0.0  -0.013172302786423071  
0.017754982983892022  0.008440655427136321  0.008606314787695246  0.013103225364252173  0.006322208575743712  0.008803608507757868  -0.021520860674666943  0.009146387292169754  0.013860267836551159  0.0064783055213565865  0.011928377943854039  0.015989468967454273  0.01661460760545709  0.01206448141076947  0.013279919639253325  0.0  
