Height_Data

node	height
0	17.288268820653432
1	31.530284774808997
2	119.97567903129323
3	12.937810463711134
4	50.74746025550582
5	24.183382446249727
6	58.66777031776759
7	46.62365021567318
8	24.779063166446438
9	28.22223868891998
10	55.27305055591038
11	57.11114500671475
12	62.69141364758082
13	2.3762243689557763
14	46.47459796802039
15	118.24885332526223



height_matrix
0.0  -142.42015954155565  -1026.874102106398  43.50458356942298  -334.5919143485239  -68.95113625596295  -413.79501497114154  -293.3538139501975  -74.90794345793006  -109.3396986826655  -379.84781735256945  -398.2287618606132  -454.03144826927394  149.12044451697653  -291.8632914736696  -1009.605845046088  
142.42015954155565  0.0  -884.4539425648422  185.92474311097862  -192.17175480696824  73.4690232855927  -271.3748554295859  -150.93365440864187  67.51221608362559  33.08046085889015  -237.42765781101383  -255.80860231905757  -311.6112887277183  291.5406040585322  -149.44313193211394  -867.1856855045323  
1026.874102106398  884.4539425648422  0.0  1070.3786856758209  692.282187757874  957.922965850435  613.0790871352564  733.5202881562004  951.9661586484679  917.5344034237324  647.0262847538285  628.6453402457847  572.842653837124  1175.9945466233744  735.0108106327284  17.268257060309907  
-43.50458356942298  -185.92474311097862  -1070.3786856758209  0.0  -378.09649791794686  -112.45571982538593  -457.29959854056455  -336.8583975196205  -118.41252702735304  -152.84428225208848  -423.35240092199246  -441.7333454300362  -497.53603183869694  105.61586094755357  -335.36787504309257  -1053.110428615511  
334.5919143485239  192.17175480696824  -692.282187757874  378.09649791794686  0.0  265.64077809256094  -79.20310062261768  41.23810039832637  259.68397089059386  225.2522156658584  -45.25590300404559  -63.63684751208933  -119.43953392075008  483.71235886550045  42.728622874854295  -675.0139306975641  
68.95113625596295  -73.4690232855927  -957.922965850435  112.45571982538593  -265.64077809256094  0.0  -344.8438787151786  -224.40267769423457  -5.956807201967109  -40.38856242670255  -310.8966810966065  -329.27762560465027  -385.080312013311  218.0715807729395  -222.91215521770664  -940.6547087901251  
413.79501497114154  271.3748554295859  -613.0790871352564  457.29959854056455  79.20310062261768  344.8438787151786  0.0  120.44120102094405  338.8870715132115  304.45531628847607  33.94719761857209  15.56625311052835  -40.2364332981324  562.9154594881181  121.93172349747198  -595.8108300749465  
293.3538139501975  150.93365440864187  -733.5202881562004  336.8583975196205  -41.23810039832637  224.40267769423457  -120.44120102094405  0.0  218.44587049226746  184.01411526753202  -86.49400340237196  -104.8749479104157  -160.67763431907645  442.4742584671741  1.4905224765279286  -716.2520310958905  
74.90794345793006  -67.51221608362559  -951.9661586484679  118.41252702735304  -259.68397089059386  5.956807201967109  -338.8870715132115  -218.44587049226746  0.0  -34.43175522473544  -304.9398738946394  -323.32081840268313  -379.1235048113439  224.0283879749066  -216.95534801573953  -934.697901588158  
109.3396986826655  -33.08046085889015  -917.5344034237324  152.84428225208848  -225.2522156658584  40.38856242670255  -304.45531628847607  -184.01411526753202  34.43175522473544  0.0  -270.508118669904  -288.8890631779477  -344.69174958660847  258.46014319964206  -182.5235927910041  -900.2661463634225  
379.84781735256945  237.42765781101383  -647.0262847538285  423.35240092199246  45.25590300404559  310.8966810966065  -33.94719761857209  86.49400340237196  304.9398738946394  270.508118669904  0.0  -18.38094450804374  -74.18363091670449  528.968261869546  87.98452587889989  -629.7580276935186  
398.2287618606132  255.80860231905757  -628.6453402457847  441.7333454300362  63.63684751208933  329.27762560465027  -15.56625311052835  104.8749479104157  323.32081840268313  288.8890631779477  18.38094450804374  0.0  -55.80268640866075  547.3492063775898  106.36547038694363  -611.3770831854748  
454.03144826927394  311.6112887277183  -572.842653837124  497.53603183869694  119.43953392075008  385.080312013311  40.2364332981324  160.67763431907645  379.1235048113439  344.69174958660847  74.18363091670449  55.80268640866075  0.0  603.1518927862505  162.16815679560438  -555.5743967768141  
-149.12044451697653  -291.5406040585322  -1175.9945466233744  -105.61586094755357  -483.71235886550045  -218.0715807729395  -562.9154594881181  -442.4742584671741  -224.0283879749066  -258.46014319964206  -528.968261869546  -547.3492063775898  -603.1518927862505  0.0  -440.98373599064615  -1158.7262895630645  
291.8632914736696  149.44313193211394  -735.0108106327284  335.36787504309257  -42.728622874854295  222.91215521770664  -121.93172349747198  -1.4905224765279286  216.95534801573953  182.5235927910041  -87.98452587889989  -106.36547038694363  -162.16815679560438  440.98373599064615  0.0  -717.7425535724185  
1009.605845046088  867.1856855045323  -17.268257060309907  1053.110428615511  675.0139306975641  940.6547087901251  595.8108300749465  716.2520310958905  934.697901588158  900.2661463634225  629.7580276935186  611.3770831854748  555.5743967768141  1158.7262895630645  717.7425535724185  0.0  



slope_matrix
0.0  -0.0021877136642328055  -0.03743480376604564  0.001943904538401384  -0.005365489325665874  -0.0006913780833847684  -0.005575249460672885  -0.0034031764959419663  -0.0015563669947627273  -0.0011166227398148028  -0.004877973768493251  -0.005908438603273193  -0.006996940179831622  0.0014961417128220782  -0.003491605353196191  -0.04028593611771629  
0.0021853638106729425  0.0  -0.01558234571114944  0.003403345105454487  -0.014897035256354127  0.0013483028681518204  -0.00963347019629343  -0.0026488882837599485  0.001730195184101117  0.00048152053651950725  -0.004880321846064004  -0.0068088528698178755  -0.011807930607340596  0.002692469560939529  -0.003877611103583652  -0.014307633814626833  
0.037462117474969824  0.015538544317723862  0.0  0.02446579852973305  0.013444983254182832  0.011143822310963647  0.010110143257507526  0.01076806060123606  0.03940257279174122  0.011525366203036458  0.010560246201302897  0.01202228610146844  0.011164347180610485  0.010119564122049517  0.010498654629806148  0.0038718065157645532  
-0.0019430363362850816  -0.0034379575279396934  -0.02442114272589142  0.0  -0.006337414691640215  -0.0011186284673767625  -0.006144022551935571  -0.0038550972478784674  -0.0023010596002206187  -0.0015423237361462006  -0.005355501592941081  -0.006441139478419892  -0.007552155917405843  0.0012325342624291465  -0.00398583165014372  -0.023485435842543898  
0.00538361889539057  0.015060482351643279  -0.013763065362979603  0.006324799229139292  0.0  0.0060620898697526454  -0.004533663458650125  0.000910735432825229  0.008525409418601243  0.003951793257295761  -0.0012247876320445356  -0.0024598704102083238  -0.008192011928720856  0.004083649431963432  0.0015331403973754681  -0.012392398213650893  
0.0006940225088672668  -0.0013520247200145877  -0.01122478281990198  0.0011216409318310983  -0.006009972355035315  0.0  -0.012104032246935017  -0.005762780629025028  -9.290092329954943e-05  -0.0010029441874025962  -0.009816756586567936  -0.008419269383908214  -0.010444272091492027  0.0013219664207864907  -0.013452755293766243  -0.010508934295499107  
0.0055940924019351294  0.009678133217888229  -0.01020947688818079  0.006179724304602224  0.004400172256812093  0.012087061994923891  0.0  0.003086653024626962  0.008727454841957544  0.0065375846314897155  0.0010807767468504327  0.0007189955247357205  -0.0033642502757635783  0.004144874894986512  0.009692505842406357  -0.009277652290173567  
0.0034114875444842133  0.002650283659502052  -0.010629188351778009  0.003864827874249891  -0.0009029581869570038  0.005727480288265303  -0.0030890279820708915  0.0  0.004541494189028429  0.012620995560187382  -0.007456379603652755  -0.005228063205903076  -0.0048823346800084  0.002811502468338887  4.4827743654975296e-05  -0.009787538003496727  
0.001557013998294119  -0.0017359788141842528  -0.039781285359317506  0.0022684392150833913  -0.008349966909665397  9.27273848375951e-05  -0.008651699553566799  -0.004568085957596559  0.0  -0.0005805387830843945  -0.00744300400035732  -0.010313263744902173  -0.012705211287243428  0.001894051301783113  -0.004469619860233612  -0.03326327051915153  
0.0011272133884810875  -0.0004867636971584778  -0.01153116002794687  0.0015569347280440916  -0.003974104016687692  0.0010092094559395939  -0.006527772647694599  -0.013267059500182555  0.0005869716199238909  0.0  -0.011964091935864838  -0.009298006539361046  -0.007848172804795274  0.0015192813496334473  -0.004837625040842939  -0.010750730193019137  
0.004851805049847611  0.004820866148446981  -0.010393996542230177  0.005327868121343978  0.0011918857783525308  0.00972463813251819  -0.0010835364704300061  0.007317597580572923  0.007376387854248655  0.012141297965435546  0.0  -0.0014871314326896229  -0.002942627168453173  0.0035589602494082353  0.0034208602596772896  -0.009481451787014733  
0.005929552737650583  0.0067943851877571735  -0.011874675864106248  0.006464705772428453  0.002413228953814537  0.008391376799303013  -0.0007321850004952188  0.005140928819138024  0.010422979316656452  0.008994055516125397  0.0015228620139224307  0.0  -0.004100123909526874  0.004132496839392901  0.0037413109527591848  -0.010705254477070124  
0.007004496270738568  0.0116577362038054  -0.011254276106819724  0.00755904028925398  0.007852697825164371  0.010452777199058388  0.003384056627260925  0.004845525763542716  0.012773702992295953  0.0076802974506820065  0.0029876613337375952  0.0040583771933571456  0.0  0.004772488687273012  0.007627853094807355  -0.010088512743359616  
-0.0014988485728915121  -0.0026902334968951945  -0.010130024520831893  -0.0012354177207574402  -0.004103395448507397  -0.0013218862870397012  -0.004217195402252891  -0.0028057974538184785  -0.0019059757357061987  -0.0015120818065853978  -0.003562795594191056  -0.004122536765666866  -0.004778159824339905  0.0  -0.0029634012229732285  -0.009794812253280343  
0.0034974630494148547  0.0038876985414181566  -0.010584833102429844  0.004006784648065622  -0.0015098453312669363  0.013428443085404014  -0.00968480726747196  -4.481426568033459e-05  0.004499281377348394  0.00483506206068885  -0.003408931649705536  -0.0037452630417937898  -0.00759569821056695  0.0029639987632117636  0.0  -0.009750612057769576  
0.04030201768576456  0.014321811486449749  -0.0038631447562214555  0.023495915499777136  0.012153653775613326  0.010428428828839206  0.009210246252511153  0.009924512000774429  0.03313356616760574  0.01076101059482934  0.009641121060831577  0.010851563421822414  0.010035664681662103  0.009781582724658656  0.00969136583273587  0.0  
