Height_Data

node	height
0	12.62831798076493
1	23.66726923629899
2	28.81381177460796
3	6.437962918722859
4	14.813450834094736
5	10.236049748233786
6	14.989212498157334
7	24.543082020373216
8	12.4522649504101
9	27.530739647217914
10	9.923097225174047
11	27.11097943929371
12	13.430426380736098
13	28.10506684792641
14	8.486009782176906
15	5.131447536193803



height_matrix
0.0  -728.570782865248  -1068.24259039364  408.5634340947766  -144.21876831976726  157.8897033470555  -155.8190381478987  -786.3744266141468  11.619500003418693  -983.5598299858971  178.54456986899822  -955.8556562628996  -52.939154398097116  -1021.4654252326577  273.39234110680957  494.7934493416943  
728.570782865248  0.0  -339.67180752839204  1137.1342169600246  584.3520145454808  886.4604862123035  572.7517447173493  -57.80364374889882  740.1902828686667  -254.98904712064905  907.1153527342462  -227.2848733976516  675.6316284671509  -292.8946423674097  1001.9631239720576  1223.3642322069422  
1068.24259039364  339.67180752839204  0.0  1476.8060244884166  924.0238220738728  1226.1322937406956  912.4235522457413  281.8681637794932  1079.8620903970586  84.68276040774299  1246.7871602626383  112.38693413074043  1015.3034359955429  46.77716516098235  1341.6349315004495  1563.0360397353343  
-408.5634340947766  -1137.1342169600246  -1476.8060244884166  0.0  -552.7822024145439  -250.6737307477211  -564.3824722426752  -1194.9378607089234  -396.9439340913579  -1392.1232640806736  -230.01886422577837  -1364.4190903576762  -461.5025884928737  -1430.0288593274342  -135.17109298796703  86.23001524691773  
144.21876831976726  -584.3520145454808  -924.0238220738728  552.7822024145439  0.0  302.10847166682277  -11.600269828131445  -642.1556582943796  155.83826832318596  -839.3410616661298  322.7633381887655  -811.6368879431324  91.27961392167015  -877.2466569128904  417.61110942657683  639.0122176614616  
-157.8897033470555  -886.4604862123035  -1226.1322937406956  250.6737307477211  -302.10847166682277  0.0  -313.7087414949542  -944.2641299612023  -146.2702033436368  -1141.4495333329526  20.654866521942722  -1113.7453596099551  -210.82885774515262  -1179.3551285797132  115.50263775975407  336.9037459946388  
155.8190381478987  -572.7517447173493  -912.4235522457413  564.3824722426752  11.600269828131445  313.7087414949542  0.0  -630.5553884662481  167.4385381513174  -827.7407918379984  334.36360801689693  -800.0366181150009  102.87988374980159  -865.646387084759  429.2113792547083  650.612487489593  
786.3744266141468  57.80364374889882  -281.8681637794932  1194.9378607089234  642.1556582943796  944.2641299612023  630.5553884662481  0.0  797.9939266175655  -197.18540337175023  964.9189964831451  -169.4812296487528  733.4352722160497  -235.09099861851087  1059.7667677209565  1281.1678759558413  
-11.619500003418693  -740.1902828686667  -1079.8620903970586  396.9439340913579  -155.83826832318596  146.2702033436368  -167.4385381513174  -797.9939266175655  0.0  -995.1793299893158  166.92506986557953  -967.4751562663183  -64.55865440151581  -1033.0849252360763  261.7728411033909  483.17394933827563  
983.5598299858971  254.98904712064905  -84.68276040774299  1392.1232640806736  839.3410616661298  1141.4495333329526  827.7407918379984  197.18540337175023  995.1793299893158  0.0  1162.1043998548953  27.70417372299744  930.6206755878  -37.90559524676064  1256.9521710927065  1478.3532793275913  
-178.54456986899822  -907.1153527342462  -1246.7871602626383  230.01886422577837  -322.7633381887655  -20.654866521942722  -334.36360801689693  -964.9189964831451  -166.92506986557953  -1162.1043998548953  0.0  -1134.4002261318979  -231.48372426709534  -1200.009995101656  94.84777123781134  316.2488794726961  
955.8556562628996  227.2848733976516  -112.38693413074043  1364.4190903576762  811.6368879431324  1113.7453596099551  800.0366181150009  169.4812296487528  967.4751562663183  -27.70417372299744  1134.4002261318979  0.0  902.9165018648025  -65.60976896975808  1229.247997369709  1450.6491056045938  
52.939154398097116  -675.6316284671509  -1015.3034359955429  461.5025884928737  -91.27961392167015  210.82885774515262  -102.87988374980159  -733.4352722160497  64.55865440151581  -930.6206755878  231.48372426709534  -902.9165018648025  0.0  -968.5262708345606  326.3314955049067  547.7326037397914  
1021.4654252326577  292.8946423674097  -46.77716516098235  1430.0288593274342  877.2466569128904  1179.3551285797132  865.646387084759  235.09099861851087  1033.0849252360763  37.90559524676064  1200.009995101656  65.60976896975808  968.5262708345606  0.0  1294.8577663394672  1516.258874574352  
-273.39234110680957  -1001.9631239720576  -1341.6349315004495  135.17109298796703  -417.61110942657683  -115.50263775975407  -429.2113792547083  -1059.7667677209565  -261.7728411033909  -1256.9521710927065  -94.84777123781134  -1229.247997369709  -326.3314955049067  -1294.8577663394672  0.0  221.40110823488476  
-494.7934493416943  -1223.3642322069422  -1563.0360397353343  -86.23001524691773  -639.0122176614616  -336.9037459946388  -650.612487489593  -1281.1678759558413  -483.17394933827563  -1478.3532793275913  -316.2488794726961  -1450.6491056045938  -547.7326037397914  -1516.258874574352  -221.40110823488476  0.0  



slope_matrix
0.0  -0.010622113760974604  -0.013207747161147873  0.004918895185345252  -0.0044049715430594764  0.0023674814194877196  -0.002103388743897121  -0.012266018197069831  0.0003056154656343686  -0.013671946482984391  0.00493353329287091  -0.017335068122286898  -0.001221203100302125  -0.01901816096132299  0.0029431837776597003  0.007072519287331251  
0.010563589718214412  0.0  -0.003580278978512243  0.008517859303071345  0.0059319055379705695  0.020055667108875644  0.02449750832837251  -0.00043628684239488885  0.017055075642135178  -0.0026629875525638782  0.008751715897098371  -0.01679858635607181  0.01580424861911464  -0.002399005998586368  0.010707022055696278  0.015448468647644176  
0.013258565103557652  0.003594676934041591  0.0  0.023981910108613457  0.013418876300811396  0.023182686589916724  0.008228779713981903  0.0029758040939557983  0.010418351089214265  0.007973894577000281  0.012169713618961818  0.001274661836574123  0.018460062472646234  0.0005480628607027808  0.04745790348427483  0.010834778905839653  
-0.004918895185345252  -0.008479748075764537  -0.02337828121716664  0.0  -0.010257602568464351  -0.0024001697697024235  -0.0038069643996133237  -0.024806681766844994  -0.0032638047532589864  -0.025962761359206894  -0.0027086536060501455  -0.011003379760949  -0.005036588327980724  -0.029243943953526263  -0.001512488452366197  0.0005418159927547455  
0.0043995963489861884  -0.00593311010808692  -0.013414979995265284  0.010263316049285999  0.0  0.003468922627934582  -0.00010959159025159608  -0.01852728385154009  0.002213611765954346  -0.01402642148506233  0.009091925019401845  -0.009544177892087634  0.00145419171453991  -0.035835239252977553  0.004476003316469205  0.006244012289050827  
-0.0023689377846519955  -0.019849092839505228  -0.02341734709206829  0.0023937522034732724  -0.0034665343851614776  0.0  -0.004659271372270225  -0.007889907503018068  -0.002111900134906682  -0.01901148456583865  0.00020084467640940024  -0.022860126428775763  -0.0069996300712202066  -0.01069128028809458  0.0023100527551950813  0.003031345564105082  
0.0020932165253613475  -0.02447657028706621  -0.008294005565364434  0.0038532291407296733  0.00010927156959430525  0.0046871170102338894  0.0  -0.004546181603938343  0.004289995853223608  -0.007463175474150197  0.00311819087957565  -0.03754277888855002  0.0018657940469677474  -0.006752838654222318  0.003635843958108499  0.010962299704963657  
0.012329483013705657  0.0004382051682882179  -0.002989057940397595  0.02473991430039179  0.01842627426956613  0.00789518503312042  0.00456957307389121  0.0  0.00786976258991682  -0.002341869398714373  0.02073311122653943  -0.001430704285402269  0.007569772651626068  -0.020496163785397634  0.008741786420200912  0.010113418660844973  
-0.000316176870841325  -0.017047219780485186  -0.010814734858910362  0.0032993428151554976  -0.002261803604110101  0.0021226266629464055  -0.0042910952883474475  -0.007958451447268032  0.0  -0.010332976814583129  0.0024475816695832776  -0.03177258312861472  -0.0013333055431952873  -0.011495325750929968  0.0023875669564337  0.011281203580160533  
0.013721537806722894  0.0026800610357109724  -0.007892149152632151  0.02618249509273413  0.01399601570228664  0.018932651075351678  0.007421554278933385  0.0023269459921141165  0.010282902769056785  0.0  0.012420953397337488  0.0003117031246961908  0.016704733002832525  -0.0005029268309242489  0.032707576661272615  0.010911966927425385  
-0.004963707808423637  -0.00876355282324651  -0.012224602022381001  0.002704831423162963  -0.00938811338536258  -0.00020186341534917293  -0.003104006758419021  -0.02067092965902196  -0.0024069945186096543  -0.01250246799198381  0.0  -0.012596049590627335  -0.0029529751788122892  -0.032885996029094436  0.0007834773768198525  0.003537855235179507  
0.017216420321738105  0.01679858635607181  -0.0012657611682705308  0.010990970600593493  0.009541933787245854  0.023078022370699443  0.03757804688186946  0.0014237334479901948  0.03178302090231006  -0.00030888810037905495  0.01257649918106317  0.0  0.026548559302111217  -0.000603919081091293  0.0126870471397431  0.020535802740721882  
0.001218112158262704  -0.01585617527498594  -0.018343332176974578  0.00503493987009463  -0.0014537285224027734  0.00708668429395471  -0.00187326809449748  -0.00759642954133661  0.0012873111545666164  -0.016544367566005334  0.0029405960907913534  -0.026713505972331436  0.0  -0.01121368844314647  0.005143128376751878  0.006127448302268614  
0.0190821114371877  0.0024074851419316925  -0.0005433519010452126  0.02898315483030876  0.035401398584055305  0.010674829186999576  0.0068080722539108065  0.020676429078145195  0.011333899344334352  0.0004988234668609112  0.033121998208712554  0.0006063189074000377  0.01115556635377287  0.0  0.011549886418155983  0.013029637145091965  
-0.0029527199601124265  -0.01071274589941257  -0.047224038419586396  0.001509448274572496  -0.004470253793904698  -0.002293083934082868  -0.003635228078722015  -0.008739623682343366  -0.002343744660250612  -0.0325719660816975  -0.0007806400924922745  -0.012751535242424368  -0.005161023177366862  -0.011572595999101503  0.0  0.0014451769467029032  
-0.007066458859492921  -0.01545822886286255  -0.011007218538850672  -0.0005547479107495994  -0.00625440166058003  -0.00304724806435093  -0.010958606829873556  -0.010079206010194644  -0.011244448437008975  -0.011118698560687654  -0.003528382009067233  -0.020469156280578438  -0.0061267629053667946  -0.012968344804775505  -0.0014334807914204257  0.0  
