Height_Data

node	height
0	7.245202997803925
1	32.918402975309874
2	39.47114272237724
3	19.536890191655672
4	11.605522308089819
5	55.22567551845222
6	69.16349641011864
7	38.59616109758061
8	66.15531087996082
9	5.04438331999083
10	177.80226887562415
11	58.82081066310562
12	44.635220514482526
13	11.366826006394955
14	179.48740411521752
15	19.21075278789164



height_matrix
0.0  -154.0391998650357  -193.35563834743988  -73.75012316311049  -26.16191586171537  -287.8828351238898  -371.5097604738883  -188.1057485986601  -353.46064729294136  13.204918066878566  -1023.3423952669214  -309.45364599181016  -224.34010510007164  -24.729738051546178  -1033.4532067044815  -71.7932987405263  
154.0391998650357  0.0  -39.31643848240418  80.28907670192521  127.87728400332033  -133.84363525885408  -217.47056060885262  -34.066548733624415  -199.42144742790566  167.24411793191427  -869.3031954018857  -155.41444612677446  -70.30090523503594  129.30946181348952  -879.4140068394458  82.2459011245094  
193.35563834743988  39.31643848240418  0.0  119.60551518432939  167.1937224857245  -94.5271967764499  -178.15412212644844  5.249889748779765  -160.10500894550148  206.56055641431846  -829.9867569194815  -116.09800764437028  -30.98446675263176  168.6259002958937  -840.0975683570417  121.56233960691358  
73.75012316311049  -80.28907670192521  -119.60551518432939  0.0  47.588207301395116  -214.1327119607793  -297.75963731077786  -114.35562543554963  -279.7105241298309  86.95504122998905  -949.592272103811  -235.70352282869968  -150.58998193696115  49.02038511156431  -959.7030835413711  1.9568244225841909  
26.16191586171537  -127.87728400332033  -167.1937224857245  -47.588207301395116  0.0  -261.7209192621744  -345.34784461217293  -161.94383273694473  -327.298731431226  39.366833928593934  -997.180479405206  -283.2917301300948  -198.17818923835625  1.4321778101691933  -1007.2912908427662  -45.631382878810925  
287.8828351238898  133.84363525885408  94.5271967764499  214.1327119607793  261.7209192621744  0.0  -83.62692534999854  99.77708652522966  -65.57781216905158  301.08775319076835  -735.4595601430317  -21.570810867920386  63.54273002381814  263.1530970723436  -745.5703715805919  216.08953638336348  
371.5097604738883  217.47056060885262  178.15412212644844  297.75963731077786  345.34784461217293  83.62692534999854  0.0  183.4040118752282  18.04911318094696  384.7146785407669  -651.8326347930331  62.05611448207816  147.16965537381668  346.78002242234214  -661.9434462305933  299.71646173336205  
188.1057485986601  34.066548733624415  -5.249889748779765  114.35562543554963  161.94383273694473  -99.77708652522966  -183.4040118752282  0.0  -165.35489869428125  201.3106666655387  -835.2366466682613  -121.34789739315005  -36.234356501411526  163.37601054711394  -845.3474581058215  116.31244985813382  
353.46064729294136  199.42144742790566  160.10500894550148  279.7105241298309  327.298731431226  65.57781216905158  -18.04911318094696  165.35489869428125  0.0  366.66556535981994  -669.88174797398  44.0070013011312  129.12054219286972  328.7309092413952  -679.9925594115402  281.6673485524151  
-13.204918066878566  -167.24411793191427  -206.56055641431846  -86.95504122998905  -39.366833928593934  -301.08775319076835  -384.7146785407669  -201.3106666655387  -366.66556535981994  0.0  -1036.5473133338  -322.65856405868874  -237.54502316695022  -37.93465611842474  -1046.6581247713602  -84.99821680740486  
1023.3423952669214  869.3031954018857  829.9867569194815  949.592272103811  997.180479405206  735.4595601430317  651.8326347930331  835.2366466682613  669.88174797398  1036.5473133338  0.0  713.8887492751112  799.0022901668498  998.6126572153753  -10.110811437560187  951.5490965263951  
309.45364599181016  155.41444612677446  116.09800764437028  235.70352282869968  283.2917301300948  21.570810867920386  -62.05611448207816  121.34789739315005  -44.0070013011312  322.65856405868874  -713.8887492751112  0.0  85.11354089173852  284.723907940264  -723.9995607126714  237.66034725128387  
224.34010510007164  70.30090523503594  30.98446675263176  150.58998193696115  198.17818923835625  -63.54273002381814  -147.16965537381668  36.234356501411526  -129.12054219286972  237.54502316695022  -799.0022901668498  -85.11354089173852  0.0  199.61036704852546  -809.11310160441  152.54680635954534  
24.729738051546178  -129.30946181348952  -168.6259002958937  -49.02038511156431  -1.4321778101691933  -263.1530970723436  -346.78002242234214  -163.37601054711394  -328.7309092413952  37.93465611842474  -998.6126572153753  -284.723907940264  -199.61036704852546  0.0  -1008.7234686529355  -47.06356068898012  
1033.4532067044815  879.4140068394458  840.0975683570417  959.7030835413711  1007.2912908427662  745.5703715805919  661.9434462305933  845.3474581058215  679.9925594115402  1046.6581247713602  10.110811437560187  723.9995607126714  809.11310160441  1008.7234686529355  0.0  961.6599079639553  
71.7932987405263  -82.2459011245094  -121.56233960691358  -1.9568244225841909  45.631382878810925  -216.08953638336348  -299.71646173336205  -116.31244985813382  -281.6673485524151  84.99821680740486  -951.5490965263951  -237.66034725128387  -152.54680635954534  47.06356068898012  -961.6599079639553  0.0  



slope_matrix
0.0  -0.0022579771308272605  -0.0024193648441871857  -0.0009034683714701763  -0.00026788773153507445  -0.003416560865927176  -0.00484613767722686  -0.002811745121056205  -0.004732305730180897  0.00039678239383649535  -0.010279682524027337  -0.003582427223484449  -0.0032451917416472104  -0.0002623288220170381  -0.010750579493440982  -0.0007680892130151524  
0.0022543421610571593  0.0  -0.0007473187318457362  0.0029206648491060462  0.0010253971935155187  -0.005996578640629663  -0.013268490580161845  -0.0010078860572078228  -0.008781217412061015  0.0018443330164525174  -0.01979287785523419  -0.005485861141079225  -0.0015605084402893661  0.0009589844394355497  -0.021713926094801134  0.0012883129875393077  
0.002413626742571962  0.0007437843072721184  0.0  0.0015998597536694675  0.0017356350304757033  -0.001880389830444597  -0.004303239664890059  0.0002307643845617479  -0.0049629574998605545  0.0019393536420459906  -0.010916569208463522  -0.0026060158842731826  -0.002741988208197501  0.0015839366926159468  -0.01105246110192135  0.0068140324891767705  
0.0009017009801089435  -0.0028777446846568176  -0.0015962300171403895  0.0  0.0003081738589651283  -0.006748588463938837  -0.00807374287719029  -0.0018811585036280576  -0.006370087090180617  0.000834982151238612  -0.03388980271605321  -0.005816967493304533  -0.0020953107268256734  0.00030107103004277304  -0.03901232046916143  2.271151836796879e-05  
0.000268713186747282  -0.0010256439204629477  -0.0017359954572289948  -0.00030853350169472975  0.0  -0.001994064146759424  -0.002875502453057227  -0.0016902602310504616  -0.0028903102387074  0.0003004184518360343  -0.0063284919680472555  -0.00224781187122189  -0.002332880391269644  8.824262539551406e-05  -0.006454926567399976  -0.00047261919087323586  
0.0033924044628732843  0.005999266484036489  0.001895852322030684  0.0067870907119105955  0.001991787817824767  0.0  -0.0062454761277071355  0.002744144293873203  -0.0035659495469848603  0.002808366242183809  -0.024200709448602555  -0.0018420846172434147  0.0013229800129880935  0.00185934499450536  -0.025753726134044624  0.0035372325484263134  
0.004842347733656865  0.01326040003712516  0.004351590672360734  0.008160033908215342  0.0028721543963088235  0.006194587062962855  0.0  0.006708266710871551  0.001785273311666366  0.003730711286166415  -0.015308422611391101  0.004398023705320918  0.00376296740920012  0.0026599679559894313  -0.01690356093540841  0.005744996391285452  
0.0028029466338647013  0.0010066947025302723  -0.00023137460329571464  0.0018929916476667708  0.0016881458640357002  -0.0027448992166500593  -0.006698466467320242  0.0  -0.009016079536220351  0.0021528250097908107  -0.013157477105675193  -0.00389810142605686  -0.002612426568234429  0.0015404111875081457  -0.013350402054735021  0.0032884492467665765  
0.004718407807837852  0.008847446647200784  0.005028423647785851  0.006378803286883259  0.002886741325024043  0.003571776261930914  -0.0017870409090046495  0.009016079536220351  0.0  0.003619207838831123  -0.014261906492952524  0.0033490868570115067  0.004302583878469501  0.0026615732267945527  -0.015000938879583946  0.006539757338110404  
-0.0003966632041717803  -0.0018334150178898737  -0.0019304724898534435  -0.0008310717884926794  -0.00030096967835316465  -0.002807057114801916  -0.0037084149809695965  -0.002142058594015096  -0.0036028491943659777  0.0  -0.008458158411536515  -0.0028437838910170786  -0.002469026329559819  -0.0003028715059355269  -0.008785848440958283  -0.0007050868254450839  
0.01026318719553627  0.019788372305984195  0.010928067898874017  0.03386563024621295  0.0063192679303245  0.024145093898326715  0.015294055250892377  0.01319906205227973  0.014292335139193089  0.008492113004537113  0.0  0.020752579920788116  0.01077984741185712  0.005946600709911125  -0.002965047342393017  0.012367417423010075  
0.003589491433712753  0.005532732151184566  0.002615409048082232  0.005834245614571774  0.0022488825127418813  0.0018420846172434147  -0.004500080818134747  0.003923307384194958  -0.00339822403869739  0.0028652490792079703  -0.0206505278934079  0.0  0.001999848235238217  0.0020920198966955473  -0.020955124767371096  0.004526863757167311  
0.003240972336031084  0.001559124090375603  0.0027275058761119506  0.002102918334547705  0.0023306855137993207  -0.0013123240401449428  -0.0037211038021192585  0.0026256780073486614  -0.004245989549255828  0.0024842608572155428  -0.010771128203920866  -0.0019932913557784196  0.0  0.002097628909715484  -0.010910370841483413  0.00602000025096864  
0.0002633064102592225  -0.0009576350574945533  -0.001580966625688109  -0.0003013116055784886  -8.873468464493143e-05  -0.0018584258267820876  -0.002658336699289706  -0.0015389601596374712  -0.0026598503862884956  0.0003021718664841862  -0.00594695484287384  -0.002087724797919519  -0.002094547398200687  0.0  -0.006062040076039276  -0.00043565269544552546  
0.010731601315726704  0.021703208460993235  0.011009010199935025  0.03896480241743285  0.006448727854307082  0.025780441617586164  0.016882005769716737  0.013356730259216645  0.015004248883749785  0.008821391696345219  0.002965047342393017  0.020828525912332318  0.010863494919500671  0.006064591286315971  0.0  0.01243257799565553  
0.0007659585910650411  -0.0012854939219210596  -0.006764737874619565  -2.278556616888904e-05  0.0004724234690838692  -0.0035199468379762742  -0.005706711000254419  -0.003285662425371012  -0.0064930232492488495  0.0007075519587730364  -0.012356175776216012  -0.004490936267031063  -0.005986923326512769  0.00043706872853807685  -0.012461577140909102  0.0  
