Height_Data

node	height
0	25.96161375929042
1	44.63853329465398
2	93.36977952212767
3	45.27547263549369
4	34.06637401201288
5	58.4710240040681
6	118.56178183920801
7	54.769050072727964
8	57.311285668473545
9	43.51729842147224
10	39.91950897062876
11	62.06938195852919
12	51.736754988256216
13	84.26970447096954
14	24.96735938579025
15	106.56956717895217



height_matrix
0.0  -112.06151721218134  -404.44899457702354  -115.88315325721965  -48.62856151633474  -195.05646146866604  -555.6010084795055  -172.84461788062526  -188.09803145509875  -105.33410797309091  -83.74737126803007  -216.64660919543263  -154.65084737379476  -349.84854427007474  5.965526241001015  -483.64772051797047  
112.06151721218134  0.0  -292.3874773648422  -3.8216360450383036  63.4329556958466  -82.9949442564847  -443.53949126732414  -60.78310066844392  -76.0365142429174  6.727409239090434  28.314145944151278  -104.58509198325129  -42.58933016161342  -237.7870270578934  118.02704345318236  -371.5862033057891  
404.44899457702354  292.3874773648422  0.0  288.5658413198039  355.8204330606888  209.3925331083575  -151.15201390248194  231.60437669639828  216.3509631219248  299.11488660393263  320.7016233089935  187.8023853815909  249.79814720322878  54.6004503069488  410.4145208180246  -79.19872594094693  
115.88315325721965  3.8216360450383036  -288.5658413198039  0.0  67.2545917408849  -79.1733082114464  -439.71785522228583  -56.96146462340562  -72.2148781978791  10.549045284128738  32.13578198918958  -100.76345593821299  -38.767694116575115  -233.9653910128551  121.84867949822066  -367.7645672607508  
48.62856151633474  -63.4329556958466  -355.8204330606888  -67.2545917408849  0.0  -146.4278999523313  -506.97244696317074  -124.21605636429052  -139.469469938764  -56.70554645675617  -35.11880975169532  -168.0180476790979  -106.02228585746002  -301.21998275374  54.59408775733576  -435.0191590016357  
195.05646146866604  82.9949442564847  -209.3925331083575  79.1733082114464  146.4278999523313  0.0  -360.54454701083944  22.21184358804078  6.958430013567295  89.72235349557513  111.30909020063598  -21.590147726766588  40.40561409487128  -154.7920828014087  201.02198770966706  -288.5912590493044  
555.6010084795055  443.53949126732414  151.15201390248194  439.71785522228583  506.97244696317074  360.54454701083944  0.0  382.7563905988802  367.50297702440673  450.2669005064146  471.8536372114754  338.95439928407285  400.9501611057107  205.75246420943074  561.5665347205065  71.95328796153501  
172.84461788062526  60.78310066844392  -231.60437669639828  56.96146462340562  124.21605636429052  -22.21184358804078  -382.7563905988802  0.0  -15.253413574473484  67.51050990753436  89.0972466125952  -43.80199131480737  18.193770506830504  -177.00392638944948  178.81014412162628  -310.8031026373452  
188.09803145509875  76.0365142429174  -216.3509631219248  72.2148781978791  139.469469938764  -6.958430013567295  -367.50297702440673  15.253413574473484  0.0  82.76392348200784  104.35066018706868  -28.548577740333883  33.44718408130399  -161.750512814976  194.06355769609976  -295.5496890628717  
105.33410797309091  -6.727409239090434  -299.11488660393263  -10.549045284128738  56.70554645675617  -89.72235349557513  -450.2669005064146  -67.51050990753436  -82.76392348200784  0.0  21.586736705060844  -111.31250122234172  -49.31673940070385  -244.51443629698383  111.29963421409192  -378.31361254487956  
83.74737126803007  -28.314145944151278  -320.7016233089935  -32.13578198918958  35.11880975169532  -111.30909020063598  -471.8536372114754  -89.0972466125952  -104.35066018706868  -21.586736705060844  0.0  -132.89923792740257  -70.9034761057647  -266.1011730020447  89.71289750903108  -399.9003492499404  
216.64660919543263  104.58509198325129  -187.8023853815909  100.76345593821299  168.0180476790979  21.590147726766588  -338.95439928407285  43.80199131480737  28.548577740333883  111.31250122234172  132.89923792740257  0.0  61.99576182163787  -133.2019350746421  222.61213543643365  -267.00111132253784  
154.65084737379476  42.58933016161342  -249.79814720322878  38.767694116575115  106.02228585746002  -40.40561409487128  -400.9501611057107  -18.193770506830504  -33.44718408130399  49.31673940070385  70.9034761057647  -61.99576182163787  0.0  -195.19769689627998  160.61637361479578  -328.9968731441757  
349.84854427007474  237.7870270578934  -54.6004503069488  233.9653910128551  301.21998275374  154.7920828014087  -205.75246420943074  177.00392638944948  161.750512814976  244.51443629698383  266.1011730020447  133.2019350746421  195.19769689627998  0.0  355.8140705110758  -133.79917624789573  
-5.965526241001015  -118.02704345318236  -410.4145208180246  -121.84867949822066  -54.59408775733576  -201.02198770966706  -561.5665347205065  -178.81014412162628  -194.06355769609976  -111.29963421409192  -89.71289750903108  -222.61213543643365  -160.61637361479578  -355.8140705110758  0.0  -489.6132467589715  
483.64772051797047  371.5862033057891  79.19872594094693  367.7645672607508  435.0191590016357  288.5912590493044  -71.95328796153501  310.8031026373452  295.5496890628717  378.31361254487956  399.9003492499404  267.00111132253784  328.9968731441757  133.79917624789573  489.6132467589715  0.0  



slope_matrix
0.0  -0.002422427955300072  -0.004578788812274553  -0.0011996061454562547  -0.0007150207545410195  -0.004779624147725215  -0.022594591642110837  -0.003224713020160919  -0.003904798145255418  -0.0018211291143342134  -0.001391845957587337  -0.014169169993161061  -0.0032592380900694365  -0.004224152621558237  7.109434204506036e-05  -0.01778770579323172  
0.002425573965631631  0.0  -0.006637627181948744  -7.190284186337353e-05  0.0009540224950495804  -0.0032610980061487113  -0.008877892139057729  -0.0020417568246034238  -0.004986000933961797  0.0005500743449787763  0.0004988397805523481  -0.002443006119674172  -0.001251890951252599  -0.006169876156146689  0.0024260440586471193  -0.007111697670924194  
0.004591263518146275  0.00664516994011005  0.0  0.028043327630690368  0.004256734454608072  0.003984634312242769  -0.0018308141218808375  0.005392418549392277  0.005224606692149838  0.00888900108778403  0.004347317653639602  0.0023193783623963013  0.004562523236588654  0.008764117224229342  0.01696628858280383  -0.0009176077620315946  
0.0011999788058238978  7.214717849798572e-05  -0.028097939758500865  0.0  0.0007510283834828019  -0.001329080211708014  -0.00496744075036473  -0.0011901685044589556  -0.001447482024411287  0.0002475139672484453  0.00040765929201052367  -0.001127108008257416  -0.0006385718022825748  -0.01473333696554503  0.0063199522561317775  -0.003985743657318206  
0.000715441540625787  -0.0009528760056458855  -0.004239995627510591  -0.0007540597795816224  0.0  -0.0030976919812213096  -0.011081364960943623  -0.0029138178832815043  -0.0026186532095149083  -0.0008474898588664799  -0.0034430205638916983  -0.0031570471191111967  -0.0031219754374988227  -0.003783220079800804  0.0007702326150865654  -0.009925146224084776  
0.004763283552348377  0.0032726713034891444  -0.003980846637041017  0.0013279655855660247  0.003106893697269919  0.0  -0.011059648681314094  0.001526587188181497  0.0005365019285711099  0.00302911389249072  0.0029769748649541585  -0.0006889006932599422  0.002915267972212935  -0.00328715401999169  0.004481096471459364  -0.007939236837669998  
0.022295385573013863  0.009026037673327719  0.0018310359043304898  0.004965757822950715  0.010997233122845352  0.01107663738896588  0.0  0.009044338152147453  0.008440582843922984  0.007480759270749536  0.011814062023321869  0.034307125433610614  0.012925537108501313  0.002649400775295271  0.007702188104793671  0.01362751665938163  
0.00325446465600876  0.002102493969852782  -0.005454648532651867  0.0011966694248614627  0.002919296271781211  -0.001593389066573944  -0.009104576370097055  0.0  -0.0009611476732497469  0.002515294705943903  0.0027147241502923584  -0.001020549657847329  0.0013183891671616308  -0.004615486998421107  0.005654969769817403  -0.006787575947528832  
0.003881431077672742  0.005072482604597558  -0.005169676538158298  0.0014408395490398862  0.0026166879913464168  -0.0005220127542060986  -0.008428967362945109  0.0009210998535310075  0.0  0.00446407354271887  0.0023950117095953337  -0.0006905633085879365  0.0016057217513828126  -0.004451032273389543  0.004728644193374751  -0.006242996325867044  
0.0018236514538277511  -0.0005573661341417096  -0.00892880258519202  -0.0002476301709889375  0.0008633609387447651  -0.0030906770063925297  -0.007593033735352691  -0.0025134218133854936  -0.004626267383007705  0.0  0.00038582192502342884  -0.0020473147180861085  -0.0013578397412088066  -0.008735778360020858  0.0026311970263378707  -0.0060002159007911116  
0.001386316359344977  -0.000497437560508631  -0.004326789305302125  -0.0004093208761837929  0.0034531769667350367  -0.0029714119113891076  -0.011834804043428026  -0.0026982812420531556  -0.002392814954988963  -0.0003767318796694737  0.0  -0.002929231605188507  -0.0029359617435099255  -0.0038009023425517024  0.0014642222541052894  -0.009530513566490477  
0.013932257826072839  0.0024339095178787826  -0.002309679937297425  0.0011266039349084637  0.0031546760735842636  0.0006897810775324789  -0.034516741271290514  0.0010069423290760314  0.0006937517372684475  0.002040559142481058  0.002927295989590365  0.0  0.0018622938366367639  -0.0017572582825377252  0.0030160159251650677  -0.021463111842647736  
0.00323876120154544  0.0012589219675321732  -0.004560024592976064  0.0006378363625629338  0.0031284238966497496  -0.0029006183844128702  -0.012946404943678099  -0.0013299539844174345  -0.0016299797310576991  0.0013307269131328616  0.0029359617435099255  -0.0018634133399951268  0.0  -0.0038523326800134197  0.0035732229947674256  -0.009475716392401374  
0.004238995580691797  0.006185926822525843  -0.008863709465413766  0.01480793614005412  0.0038004035169535706  0.003294149453105101  -0.002663117579723411  0.0045832192229272265  0.004511869255647866  0.008704679113456171  0.0038321021457667723  0.0017663462236894101  0.0038714338932225303  0.0  0.013785899671099411  -0.0016516377761744937  
-7.068159053318738e-05  -0.002396488191942789  -0.016994390095984455  -0.006239051689617033  -0.0007584619027137504  -0.004444439259554876  -0.00765807356771453  -0.005534204398688526  -0.004675103774900018  -0.0025992441432529643  -0.0014411710443217845  -0.0029997592701311634  -0.0035417061436559157  -0.013834139599964067  0.0  -0.006352014099104457  
0.017580796819991657  0.007187354029125515  0.0009176077620315946  0.003984016544911178  0.009922882276497165  0.007947982898631353  -0.013601755758324199  0.006744858998206276  0.006280140436090855  0.005978407277890006  0.009512377479779743  0.020924851984524907  0.009459369555611722  0.001643320759615521  0.00638598208893924  0.0  
