Height_Data

node	height
0	34.35569636349482
1	11.452564463700545
2	12.553675750863222
3	13.031125567135113
4	42.225220770763386
5	60.807649246906195
6	37.04280768820039
7	9.777297221106302
8	62.50217248803066
9	71.71191141592452
10	20.27087109878774
11	5.931116322672566
12	41.92460492944828
13	79.17983396619145
14	16.456590451193225
15	39.64343896112113



height_matrix
0.0  458.0626379958855  436.040412252632  426.4914159271941  -157.39048814537125  -529.0390576682274  -53.74222649411138  491.5679828477704  -562.9295224907167  -747.124301048594  281.6965052941416  568.491600816445  -151.3781713190691  -896.4827520539326  357.9821182460319  -105.75485195252611  
-458.0626379958855  0.0  -22.02222574325353  -31.571222068691384  -615.4531261412567  -987.1016956641129  -511.8048644899969  33.50534485188487  -1020.9921604866022  -1205.1869390444795  -176.36613270174388  110.42896282055959  -609.4408093149545  -1354.545390049818  -100.08051974985358  -563.8174899484115  
-436.040412252632  22.02222574325353  0.0  -9.548996325437855  -593.4309003980032  -965.0794699208594  -489.7826387467434  55.5275705951384  -998.9699347433487  -1183.164713301226  -154.34390695849035  132.4511885638131  -587.4185835717011  -1332.5231643065645  -78.05829400660005  -541.7952642051581  
-426.4914159271941  31.571222068691384  9.548996325437855  0.0  -583.8819040725654  -955.5304735954215  -480.2336424213055  65.07656692057625  -989.4209384179109  -1173.615716975788  -144.7949106330525  142.000184889251  -577.8695872462632  -1322.9741679811268  -68.5092976811622  -532.2462678797202  
157.39048814537125  615.4531261412567  593.4309003980032  583.8819040725654  0.0  -371.6485695228562  103.64826165125987  648.9584709931416  -405.5390343453455  -589.7338129032228  439.08699343951287  725.8820889618163  6.01231682630214  -739.0922639085613  515.3726063914032  51.63563619284514  
529.0390576682274  987.1016956641129  965.0794699208594  955.5304735954215  371.6485695228562  0.0  475.29683117411605  1020.6070405159978  -33.89046482248932  -218.0852433803666  810.735562962369  1097.5306584846726  377.6608863491583  -367.44369438570516  887.0211759142594  423.2842057157013  
53.74222649411138  511.8048644899969  489.7826387467434  480.2336424213055  -103.64826165125987  -475.29683117411605  0.0  545.3102093418818  -509.18729599660537  -693.3820745544826  335.438731788253  622.2338273105564  -97.63594482495773  -842.7405255598212  411.7243447401433  -52.01262545841473  
-491.5679828477704  -33.50534485188487  -55.5275705951384  -65.07656692057625  -648.9584709931416  -1020.6070405159978  -545.3102093418818  0.0  -1054.4975053384871  -1238.6922838963644  -209.87147755362875  76.92361796867472  -642.9461541668395  -1388.050734901703  -133.58586460173845  -597.3228348002965  
562.9295224907167  1020.9921604866022  998.9699347433487  989.4209384179109  405.5390343453455  33.89046482248932  509.18729599660537  1054.4975053384871  0.0  -184.19477855787727  844.6260277848584  1131.421123307162  411.55135117164764  -333.55322956321584  920.9116407367487  457.17467053819064  
747.124301048594  1205.1869390444795  1183.164713301226  1173.615716975788  589.7338129032228  218.0852433803666  693.3820745544826  1238.6922838963644  184.19477855787727  0.0  1028.8208063427355  1315.6159018650392  595.7461297295249  -149.35845100533857  1105.106419294626  641.3694490960679  
-281.6965052941416  176.36613270174388  154.34390695849035  144.7949106330525  -439.08699343951287  -810.735562962369  -335.438731788253  209.87147755362875  -844.6260277848584  -1028.8208063427355  0.0  286.7950955223035  -433.0746766132107  -1178.1792573480743  76.2856129518903  -387.4513572466677  
-568.491600816445  -110.42896282055959  -132.4511885638131  -142.000184889251  -725.8820889618163  -1097.5306584846726  -622.2338273105564  -76.92361796867472  -1131.421123307162  -1315.6159018650392  -286.7950955223035  0.0  -719.8697721355142  -1464.9743528703777  -210.50948257041318  -674.2464527689712  
151.3781713190691  609.4408093149545  587.4185835717011  577.8695872462632  -6.01231682630214  -377.6608863491583  97.63594482495773  642.9461541668395  -411.55135117164764  -595.7461297295249  433.0746766132107  719.8697721355142  0.0  -745.1045807348635  509.360289565101  45.623319366543  
896.4827520539326  1354.545390049818  1332.5231643065645  1322.9741679811268  739.0922639085613  367.44369438570516  842.7405255598212  1388.050734901703  333.55322956321584  149.35845100533857  1178.1792573480743  1464.9743528703777  745.1045807348635  0.0  1254.4648702999646  790.7279001014065  
-357.9821182460319  100.08051974985358  78.05829400660005  68.5092976811622  -515.3726063914032  -887.0211759142594  -411.7243447401433  133.58586460173845  -920.9116407367487  -1105.106419294626  -76.2856129518903  210.50948257041318  -509.360289565101  -1254.4648702999646  0.0  -463.736970198558  
105.75485195252611  563.8174899484115  541.7952642051581  532.2462678797202  -51.63563619284514  -423.2842057157013  52.01262545841473  597.3228348002965  -457.17467053819064  -641.3694490960679  387.4513572466677  674.2464527689712  -45.623319366543  -790.7279001014065  463.736970198558  0.0  



slope_matrix
0.0  0.004647503961971626  0.0053620316312424  0.004413197598584376  -0.0041298999775746855  -0.010755012353491104  -0.004824257315449855  0.00953575136465122  -0.01433119965607731  -0.025798491058307806  0.0034872060571198515  0.0074332060776208814  -0.0031237757185115377  -0.03604675319879102  0.00428875186589232  -0.0017494599165016726  
-0.0047281444879839546  0.0  -0.0006100339541067459  -0.001058371507498873  -0.0072972862952484785  -0.017095630337099287  -0.005447630276636475  0.00029553977994076805  -0.01570757169979388  -0.015305904737674365  -0.0032660394944767383  0.0009398209601749752  -0.012696683527394887  -0.018787037309983608  -0.0014260547128790765  -0.012707178047068099  
-0.005401219029513588  0.0006105413291725403  0.0  -0.00018030582185494439  -0.008490927176963847  -0.020683229102461623  -0.006166217282471904  0.0006361275128323794  -0.019773751677421788  -0.018423617460311834  -0.0023811155038335444  0.0016066374158638173  -0.017545357932249137  -0.02314211817135402  -0.0011113082859709575  -0.013163150247938729  
-0.004447251469522358  0.001063004110056949  0.00018244165696289368  0.0  -0.0074503241555769475  -0.018977765116095762  -0.005076465564707246  0.00057933381038526  -0.016405586775292833  -0.014977229670441398  -0.004437478107050337  0.0010905474609419475  -0.01065983374370528  -0.018185211931012052  -0.001355277896758896  -0.0143578707278047  
0.004154975927808112  0.007205782933594697  0.008489712452045826  0.007448423320226628  0.0  -0.012697252118990645  0.0028334680604499693  0.011423314046702018  -0.020126006667262802  -0.044374252287676656  0.007608507943848776  0.009166335256494712  0.0001623195687446582  -0.04786866994226434  0.008532659046215285  0.0012235932747119702  
0.010885577318276284  0.01708971079750888  0.020687662806449292  0.018989079363978964  0.012697252118990645  0.0  0.010048558798607105  0.015691990167835144  -0.0030232350421489137  -0.007453357600149234  0.02319701181580455  0.012554686095683741  0.026226450440913773  -0.01491248759682245  0.02356591859495907  0.02995641937124567  
0.004989993174940703  0.005335747127710559  0.006149185671647751  0.005056687821641629  -0.002844354051900655  -0.010002037693057998  0.0  0.010232880640680836  -0.013538614623680015  -0.025407917719108927  0.004240155881535242  0.007954919807089702  -0.0020866840099371176  -0.03632502265344057  0.005033304947923512  -0.0008848694361758205  
-0.009582221887870768  -0.0002939297387678402  -0.0006398659898033924  -0.0005781500259468396  -0.011543195855445422  -0.01579398081887957  -0.010290813537306695  0.0  -0.018703396689224674  -0.025935768088282338  -0.00214417120508407  0.0018120993632196635  -0.010063330007306926  -0.03307245020018353  -0.0013282874077929646  -0.007875053853662446  
0.014545982493300174  0.015450616069469321  0.019765926686651142  0.016397430202484437  0.020116023529034997  0.003020540536763754  0.013614633582796935  0.01859783960032605  0.0  -0.009499472849813164  0.01989227573680778  0.014307297967971193  0.023277791355862422  -0.02262912005177855  0.020396714080548144  0.018930628179635225  
0.02606853806868786  0.01496197317249509  0.018406420555401773  0.015009793029489552  0.04434088818821224  0.00745081118484341  0.025342912081669687  0.025613984365102656  0.009499472849813164  0.0  0.017756658721828366  0.018597906444232953  0.018960729781334337  -0.018484956807591407  0.018227056231150025  0.015270701168953998  
-0.0035181279542168304  0.003250988621230302  0.002370145991377309  0.0044758859546538635  -0.007605872049878969  -0.023216940520113662  -0.004258457938152253  0.002140017105675831  -0.019953367063190605  -0.017753594587450138  0.0  0.0023810302658555708  -0.009800286866105696  -0.020997669886795124  0.003433195902425306  -0.01560416259551622  
-0.007452695343687009  -0.000942709260889189  -0.001609761650022036  -0.001091553423700907  -0.009182569120326582  -0.012550379170779561  -0.007980426155066774  -0.0018420406601694138  -0.014283816731563715  -0.01863742600743787  -0.0023759017108963922  0.0  -0.009008506721755903  -0.022607628902320643  -0.0017059115281232834  -0.00686955122535885  
0.0031609557594292985  0.01224514384799989  0.01753488309169257  0.010630419191432362  -0.00016227575779492954  -0.026063553233206232  0.0020956416575436303  0.009986737405511642  -0.023277791355862422  -0.018984898971622845  0.009835899991215324  0.008998372151693928  0.0  -0.03011740423342213  0.010300511416887786  0.0022397309458293078  
0.03647204036020881  0.01844926981816696  0.023316240845259222  0.018275648127933787  0.04786866994226434  0.014900393121885853  0.03620019439689954  0.032537523087241046  0.02261377827547226  0.01850786257810887  0.02094540901952132  0.022524205917441233  0.03067536355433773  0.0  0.021283760948421524  0.021843312157497418  
-0.0043156373507659065  0.0014205893506011864  0.0011056415581671396  0.0013590418107748898  -0.008503095304263375  -0.023466168674980407  -0.005042551680834578  0.0013232874155694745  -0.02036964478515259  -0.018167128379000922  -0.003481771472016901  0.0017068797743486027  -0.010254888052448178  -0.021265720805220625  0.0  -0.01548887676013888  
0.0017747080374647779  0.012727257109444955  0.013159952980450768  0.014498672511024794  -0.0012276661006382582  -0.030148447700548527  0.0008923078651297776  0.00785744323599443  -0.019048944605757942  -0.015252543379216835  0.015833729352131905  0.006901191942364085  -0.0022541165694932312  -0.021699448411125314  0.015666789533735067  0.0  
