Height_Data

node	height
0	14.101935125487396
1	29.50917905453631
2	13.008550016060122
3	15.156220294612098
4	38.04430034144275
5	37.8110837001137
6	3.6537721250858795
7	16.538560215481066
8	9.918989085578183
9	33.96398247141101
10	19.524330689180843
11	17.17683928700809
12	3.979541192388809
13	22.05356370858467
14	7.6144885463667356
15	17.02459372412781



height_matrix
0.0  -1016.8780993172284  72.16341722220011  -69.5828211622304  -1580.1961042530534  -1564.8038059253358  689.5787580265  -160.8172559395823  276.07443863400806  -1310.8951248309586  -357.8781072037675  -202.9436746603658  668.0779995845066  -524.80748648442  428.17147422196354  -192.8954675102675  
1016.8780993172284  0.0  1089.0415165394284  947.295278154998  -563.318004935825  -547.9257066081075  1706.4568573437284  856.060843377646  1292.9525379512365  -294.01702551373023  658.9999921134608  813.9344246568626  1684.956098901735  492.07061283280837  1445.049573539192  823.9826318069609  
-72.16341722220011  -1089.0415165394284  0.0  -141.7462383844305  -1652.3595214752536  -1636.967223147536  617.4153408043  -232.98067316178242  203.91102141180795  -1383.0585420531588  -430.0415244259676  -275.1070918825659  595.9145823623066  -596.9709037066201  356.0080569997634  -265.0588847324676  
69.5828211622304  -947.295278154998  141.7462383844305  0.0  -1510.613283090823  -1495.2209847631054  759.1615791887305  -91.23443477735191  345.65725979623846  -1241.3123036687282  -288.2952860415371  -133.36085349813538  737.660820746737  -455.2246653221896  497.75429538419394  -123.3126463480371  
1580.1961042530534  563.318004935825  1652.3595214752536  1510.613283090823  0.0  15.392298327717526  2269.7748622795534  1419.378848313471  1856.2705428870613  269.30097942209477  1222.3179970492859  1377.2524295926876  2248.2741038375602  1055.3886177686334  2008.367578475017  1387.3006367427859  
1564.8038059253358  547.9257066081075  1636.967223147536  1495.2209847631054  -15.392298327717526  0.0  2254.382563951836  1403.9865499857535  1840.8782445593438  253.90868109437724  1206.9256987215683  1361.86013126497  2232.8818055098427  1039.9963194409158  1992.9752801472994  1371.9083384150683  
-689.5787580265  -1706.4568573437284  -617.4153408043  -759.1615791887305  -2269.7748622795534  -2254.382563951836  0.0  -850.3960139660824  -413.504319392492  -2000.4738828574586  -1047.4568652302676  -892.5224326868658  -21.500758441993355  -1214.38624451092  -261.4072838045365  -882.4742255367676  
160.8172559395823  -856.060843377646  232.98067316178242  91.23443477735191  -1419.378848313471  -1403.9865499857535  850.3960139660824  0.0  436.89169457359037  -1150.0778688913763  -197.0608512641852  -42.12641872078348  828.895255524089  -363.9902305448377  588.9887301615458  -32.0782115706852  
-276.07443863400806  -1292.9525379512365  -203.91102141180795  -345.65725979623846  -1856.2705428870613  -1840.8782445593438  413.504319392492  -436.89169457359037  0.0  -1586.9695634649665  -633.9525458377756  -479.01811329437385  392.00356095049864  -800.8819251184281  152.09703558795547  -468.96990614427557  
1310.8951248309586  294.01702551373023  1383.0585420531588  1241.3123036687282  -269.30097942209477  -253.90868109437724  2000.4738828574586  1150.0778688913763  1586.9695634649665  0.0  953.0170176271911  1107.9514501705928  1978.9731244154652  786.0876383465386  1739.0665990529221  1117.999657320691  
357.8781072037675  -658.9999921134608  430.0415244259676  288.2952860415371  -1222.3179970492859  -1206.9256987215683  1047.4568652302676  197.0608512641852  633.9525458377756  -953.0170176271911  0.0  154.93443254340173  1025.9561067882742  -166.92937928065248  786.049581425731  164.9826396935  
202.9436746603658  -813.9344246568626  275.1070918825659  133.36085349813538  -1377.2524295926876  -1361.86013126497  892.5224326868658  42.12641872078348  479.01811329437385  -1107.9514501705928  -154.93443254340173  0.0  871.0216742448724  -321.8638118240542  631.1151488823293  10.048207150098278  
-668.0779995845066  -1684.956098901735  -595.9145823623066  -737.660820746737  -2248.2741038375602  -2232.8818055098427  21.500758441993355  -828.895255524089  -392.00356095049864  -1978.9731244154652  -1025.9561067882742  -871.0216742448724  0.0  -1192.8854860689266  -239.90652536254316  -860.9734670947742  
524.80748648442  -492.07061283280837  596.9709037066201  455.2246653221896  -1055.3886177686334  -1039.9963194409158  1214.38624451092  363.9902305448377  800.8819251184281  -786.0876383465386  166.92937928065248  321.8638118240542  1192.8854860689266  0.0  952.9789607063835  331.9120189741525  
-428.17147422196354  -1445.049573539192  -356.0080569997634  -497.75429538419394  -2008.367578475017  -1992.9752801472994  261.4072838045365  -588.9887301615458  -152.09703558795547  -1739.0665990529221  -786.049581425731  -631.1151488823293  239.90652536254316  -952.9789607063835  0.0  -621.066941732231  
192.8954675102675  -823.9826318069609  265.0588847324676  123.3126463480371  -1387.3006367427859  -1371.9083384150683  882.4742255367676  32.0782115706852  468.96990614427557  -1117.999657320691  -164.9826396935  -10.048207150098278  860.9734670947742  -331.9120189741525  621.066941732231  0.0  



slope_matrix
0.0  -0.015238694729765148  0.00090657559324372  -0.0009481240109310587  -0.04989567743141943  -0.06163071311245907  0.008001610095457183  -0.0021548607254399344  0.010465293352312664  -0.01680850269048543  -0.004382002047309508  -0.003174466989838351  0.0073222051686158115  -0.005877561725662672  0.004528519029317436  -0.002015837261054107  
0.015234128828722522  0.0  0.04575804691342136  0.013963668604879097  -0.014777492259596669  -0.012197811812290906  0.011819205273193852  0.006148978906605704  0.015187799249993968  -0.022970080118260173  0.007692307600250506  0.006333134334398246  0.011189030472818481  0.02127412939182051  0.030929999433629965  0.00932529008382708  
-0.0009035109205233518  -0.045566590650185285  0.0  -0.0015532132192026136  -0.031757822822895514  -0.02810726688096731  0.003787336237689009  -0.0015764305647322716  0.0020048079500920054  -0.047219479073170326  -0.003942080157906019  -0.0020067626514156094  0.003943294329459881  -0.0182615755187097  0.005069895428649437  -0.0023712550074473752  
0.0009505849885550602  -0.013971906757448348  0.0015545759857910782  0.0  -0.02265806634304519  -0.02101800653307711  0.006854113210443576  -0.0006879906098887859  0.004856783192303477  -0.01748573466218803  -0.014708943165384547  -0.0010368593803307057  0.004543085673133812  -0.00545963858625797  0.009985041030776208  -0.004956296075081877  
0.05037284361660992  0.014769743181327347  0.031874219164260295  0.02302062302790038  0.0  0.0016914613546942336  0.019922538947419938  0.013727068165507457  0.035215999371802115  0.005451436830406777  0.014719629058878683  0.014857092012866101  0.019430248931272667  0.017386962401460187  0.029899770410525783  0.015654486986490475  
0.06202155394075846  0.012214126317612739  0.02828208747663331  0.02138168146379387  -0.001669446673288235  0.0  0.02058232962614659  0.014744660260299868  0.03864144090174945  0.00452438847281499  0.013964198758782463  0.01611287424591777  0.020765198600482124  0.015425635114816313  0.026972192179554735  0.014762814359357241  
-0.007992336092101298  -0.011788993833117295  -0.003783854611446274  -0.006846077907734967  -0.019906813386068704  -0.020563555267279356  0.0  -0.01318627427030256  -0.006472128962161402  -0.013060481052800539  -0.010493456874677095  -0.012647335024611957  -0.00019045759980506117  -0.007289233160329652  -0.0016653327629772346  -0.007780587423177284  
0.002151113642851556  -0.006147654171473221  0.0015786737577028215  0.0006865410096873497  -0.013699245712899055  -0.0147291916700142  0.013127244314939293  0.0  0.006878017861674911  -0.007641205693252118  -0.0014902772516594838  -0.003081669255360898  0.016198851974283543  -0.002249491567547356  0.0035075555631345037  -0.00021753691871535658  
-0.010465293352312664  -0.015207449194331242  -0.0020030552201552843  -0.004853373487731514  -0.034787678839712545  -0.03868203917964581  0.006520093336368527  -0.00691503156969912  0.0  -0.01667335116059011  -0.0085471753898124  -0.007950508104470936  0.0041285261816798174  -0.007444455109344847  0.0014219992108073624  -0.00530322970614689  
0.01680634775424306  0.022898522236271826  0.04746254433950442  0.017468509761732736  -0.0054547494312759725  -0.004520361066305452  0.013071575293109374  0.007643236983394539  0.016657600120341835  0.0  0.010721307431963  0.007926961795597001  0.012135727751367297  0.05559318517302253  0.037715606138645025  0.012393300713010653  
0.004380392989030202  -0.007668140471415649  0.003933786355890666  0.014450891530904116  -0.014615783774354728  -0.0138599643858701  0.010473521300172659  0.001488588628762324  0.008488806334111428  -0.01069243820966219  0.0  0.0011968577495994758  0.00617781615567001  -0.0016443004263263642  0.011561252852268437  0.0106646825916936  
0.003174466989838351  -0.006338065913851912  0.0020117520430169354  0.0010340455415843637  -0.01484428141401905  -0.016118595470055272  0.012686886036771369  0.0030726782436749436  0.007966374742963144  -0.007932069374073545  -0.0012025242938459165  0.0  0.0199546775313831  -0.0021318307843691494  0.003980016200202618  6.974482824508942e-05  
-0.007329434992698921  -0.011342686630102558  -0.003922529356457018  -0.0045678421001098335  -0.019395049204947896  -0.020745905467897823  0.00019076176419122843  -0.016048310852354093  -0.0041328788713811135  -0.012312406672154951  -0.0062152413615248845  -0.01984556104454027  0.0  -0.006978387071890293  -0.0012952517296325621  -0.00462237851571858  
0.0058402791729848655  -0.021028658668068734  0.018351395748743317  0.005449182012475336  -0.01723646280856824  -0.01528731911569772  0.007298432865622454  0.0022422856560391654  0.007399062509755343  -0.05508673008735379  0.0016467335432638107  0.002122692157383461  0.006891308411721125  0.0  0.019101602740156015  0.003426365427626226  
-0.004530915071131889  -0.030956503289185772  -0.005093105250354269  -0.00997703538553205  -0.029850885530246982  -0.026903014040865272  0.0016683086591648257  -0.003518661390534356  -0.0014222651541794975  -0.03769108363790469  -0.011607347628850134  -0.003971000930481337  0.001295811414942979  -0.01909777476365498  0.0  -0.01026726635364905  
0.0020281302440360374  -0.009308434611465893  0.0023687121066350994  0.004956296075081877  -0.015474630638514064  -0.01457616169161781  0.007778529973880719  0.00021829189029462336  0.005323698290906852  -0.012380948586054165  -0.01063032472251933  -6.976904166821699e-05  0.004636092999848012  -0.0034249511812418994  0.010231745333315174  0.0  
