Height_Data

node	height
0	7.9652353878132045
1	21.28912682408425
2	20.613318370628704
3	12.390101129792798
4	13.460309032648961
5	20.262875168954203
6	55.59200675823118
7	7.395596080594011
8	40.3724796027013
9	47.73989923074924
10	19.537116647013715
11	57.54677796097403
12	11.83159474607357
13	8.88346699347679
14	18.60201006304323
15	6.3635508567866985



height_matrix
0.0  -466.3362002694866  -442.68290439854246  -154.87030096928578  -192.3275775692515  -430.4173923399349  -1666.9369979646292  19.937375752671755  -1134.2535475210834  -1392.1132345027613  -405.01584407201784  -1735.353990060629  -135.32257753911279  -32.1381061982255  -372.287113633051  56.058958585927684  
466.3362002694866  0.0  23.653295870944135  311.4658993002008  274.0086227002351  35.91880792955169  -1200.6007976951425  486.27357602215835  -667.9173472515968  -925.7770342332747  61.320356197468755  -1269.0177897911424  331.0136227303738  434.1980940712611  94.04908663643562  522.3951588554143  
442.68290439854246  -23.653295870944135  0.0  287.8126034292567  250.35532682929096  12.265512058607555  -1224.2540935660868  462.6202801512142  -691.5706431225409  -949.4303301042188  37.66706032652462  -1292.6710856620866  307.3603268594297  410.54479820031696  70.39579076549148  498.7418629844701  
154.87030096928578  -311.4658993002008  -287.8126034292567  0.0  -37.457276599965724  -275.5470913706491  -1512.0666969953434  174.80767672195753  -979.3832465517976  -1237.2429335334755  -250.14554310273206  -1580.4836890913432  19.547723430172994  122.73219477106028  -217.4168126637652  210.92925955521346  
192.3275775692515  -274.0086227002351  -250.35532682929096  37.457276599965724  0.0  -238.0898147706834  -1474.6094203953776  212.26495332192326  -941.9259699518318  -1199.7856569335097  -212.68826650276634  -1543.0264124913774  57.00500003013872  160.189471371026  -179.95953606379948  248.3865361551792  
430.4173923399349  -35.91880792955169  -12.265512058607555  275.5470913706491  238.0898147706834  0.0  -1236.5196056246941  450.35476809260666  -703.8361551811485  -961.6958421628264  25.401548267917065  -1304.936597720694  295.0948148008221  398.2792861417094  58.13027870688393  486.47635092586256  
1666.9369979646292  1200.6007976951425  1224.2540935660868  1512.0666969953434  1474.6094203953776  1236.5196056246941  0.0  1686.8743737173008  532.6834504435458  274.8237634618679  1261.9211538926113  -68.41699209599983  1531.6144204255163  1634.7988917664036  1294.649884331578  1722.995956550557  
-19.937375752671755  -486.27357602215835  -462.6202801512142  -174.80767672195753  -212.26495332192326  -450.35476809260666  -1686.8743737173008  0.0  -1154.190923273755  -1412.050610255433  -424.9532198246896  -1755.2913658133007  -155.25995329178454  -52.075481950897256  -392.22448938572273  36.12158283325593  
1134.2535475210834  667.9173472515968  691.5706431225409  979.3832465517976  941.9259699518318  703.8361551811485  -532.6834504435458  1154.190923273755  0.0  -257.8596869816779  729.2377034490655  -601.1004425395456  998.9309699819705  1102.1154413228578  761.9664338880324  1190.3125061070111  
1392.1132345027613  925.7770342332747  949.4303301042188  1237.2429335334755  1199.7856569335097  961.6958421628264  -274.8237634618679  1412.050610255433  257.8596869816779  0.0  987.0973904307434  -343.2407555578677  1256.7906569636484  1359.9751283045357  1019.8261208697103  1448.172193088689  
405.01584407201784  -61.320356197468755  -37.66706032652462  250.14554310273206  212.68826650276634  -25.401548267917065  -1261.9211538926113  424.9532198246896  -729.2377034490655  -987.0973904307434  0.0  -1330.3381459886111  269.69326653290506  372.87773787379234  32.72873043896686  461.0748026579455  
1735.353990060629  1269.0177897911424  1292.6710856620866  1580.4836890913432  1543.0264124913774  1304.936597720694  68.41699209599983  1755.2913658133007  601.1004425395456  343.2407555578677  1330.3381459886111  0.0  1600.0314125215161  1703.2158838624034  1363.0668764275779  1791.4129486465567  
135.32257753911279  -331.0136227303738  -307.3603268594297  -19.547723430172994  -57.00500003013872  -295.0948148008221  -1531.6144204255163  155.25995329178454  -998.9309699819705  -1256.7906569636484  -269.69326653290506  -1600.0314125215161  0.0  103.18447134088728  -236.9645360939382  191.38153612504047  
32.1381061982255  -434.1980940712611  -410.54479820031696  -122.73219477106028  -160.189471371026  -398.2792861417094  -1634.7988917664036  52.075481950897256  -1102.1154413228578  -1359.9751283045357  -372.87773787379234  -1703.2158838624034  -103.18447134088728  0.0  -340.1490074348255  88.19706478415318  
372.287113633051  -94.04908663643562  -70.39579076549148  217.4168126637652  179.95953606379948  -58.13027870688393  -1294.649884331578  392.22448938572273  -761.9664338880324  -1019.8261208697103  -32.72873043896686  -1363.0668764275779  236.9645360939382  340.1490074348255  0.0  428.34607221897863  
-56.058958585927684  -522.3951588554143  -498.7418629844701  -210.92925955521346  -248.3865361551792  -486.47635092586256  -1722.995956550557  -36.12158283325593  -1190.3125061070111  -1448.172193088689  -461.0748026579455  -1791.4129486465567  -191.38153612504047  -88.19706478415318  -428.34607221897863  0.0  



slope_matrix
0.0  -0.0051677327157522894  -0.004737616699470703  -0.0016820929832658388  -0.0039712487625284225  -0.0059269814423015  -0.029666079337331005  0.00019949145748663467  -0.013227446618321672  -0.01719507453684241  -0.004771628700188712  -0.027668271525201356  -0.0038997860962280344  -0.0003330718851510571  -0.004205161058081926  0.0007674053194514399  
0.005144927187439172  0.0  0.00014801812184570798  0.005718118217371045  0.0039925487789630645  0.0003573619596815442  -0.03447030714025675  0.0037436761003153264  -0.027418610314104957  -0.05807886036595199  0.0005437599755031768  -0.04285774366062622  0.003751712827047193  0.005530481391813286  0.0005984555601002566  0.004289980035110283  
0.004757984785023027  -0.0001483337255170208  0.0  0.0022231778420304083  0.0027068367048252886  7.782092771240486e-05  -0.009069086268564706  0.0024808037331146195  -0.004974970456244449  -0.006582752063400255  0.00022173789869151255  -0.009157358819385434  0.004176091397546599  0.003369263834225006  0.006229715996946149  0.003365329709746762  
0.001686121948495218  -0.005761485373662612  -0.002208676259912951  0.0  -0.0008553842566788245  -0.0022639642705665035  -0.025075732951829906  0.0011569694867461168  -0.028813864270426526  -0.02850790169431971  -0.001867175808783549  -0.02544652534360559  0.00029793817147040074  0.005059035233761759  -0.001640510168744927  0.0014753392988404103  
0.004001822254874147  -0.004005974016085308  -0.002704789615701069  0.0008569498192625423  0.0  -0.0023205634967902867  -0.026090046362267826  0.001608299325826621  -0.019643920124125795  -0.022565086645354705  -0.0018517174517043908  -0.026055832699955716  0.0026125114587597946  0.003328266598192936  -0.0019717055369591597  0.0020987455526419872  
0.005898552724954569  -0.00035647884011067577  -7.788467363847244e-05  0.0022434851643501445  0.002314472778950942  0.0  -0.018535745849568193  0.013395442239518341  -0.007311064248272031  -0.010512634916515374  0.0019127671888491766  -0.017817266489905708  0.002885166355111675  0.002885830841823243  0.00038187328349592657  0.012589967674064766  
0.029592348623551024  0.03448020671152047  0.009077761087667387  0.024972199785224497  0.026140922183927984  0.01867572278545075  0.0  0.018035457481661705  0.01582071429888761  0.010289171226576858  0.016081574536671483  -0.009449860786740307  0.02297616928077161  0.019653513323552297  0.009971578202409062  0.019698136007208836  
-0.00019931197081576467  -0.0038043324338110198  -0.00250682915809354  -0.0011663020023882623  -0.0016336744373700138  -0.01341139869245404  -0.017989297050445243  0.0  -0.009358481835659769  -0.011911917482182814  -0.012715536200619078  -0.017500237941927805  -0.001178613639096223  -0.0003154694102057711  -0.0021980749237038933  0.00083556749556456  
0.013161447522871704  0.02782988946881653  0.004974254787618075  0.028813864270426526  0.01968086021629402  0.007327047211962819  -0.015830117398025135  0.009201066025252948  0.0  -0.027257895029775676  0.006732253539965523  -0.019278397772275357  0.014561675947259045  0.01899216683306665  0.005511072781825912  0.01014586179770722  
0.01714636327753124  0.06011539183332952  0.006591435227049561  0.028567142312017443  0.022693127613646863  0.010559963129052666  -0.010347280250823338  0.01172302936675854  0.026972770604778023  0.0  0.00955286354815391  -0.014643376943595039  0.01734221963520972  0.020192652239117086  0.007188809773300369  0.01289212314687696  
0.004777820503385842  -0.0005447792839149676  -0.00022250940925269886  0.0018581465232224694  0.0018547856152678673  -0.001942014393571641  -0.016073381147530395  0.012877370297717867  -0.006747827366050388  -0.009557488288446393  0.0  -0.015643675282086208  0.0023640714107021833  0.0024889710962659357  0.0001995362290821274  0.009875236724308107  
0.027637426183478725  0.04294476445993713  0.009147573724017512  0.025303933542928966  0.026099905488690418  0.017957019371414532  0.00950236001333331  0.017554493562553636  0.019222911497906798  0.014637132433171331  0.01566393672422714  0.0  0.022346807437451342  0.020016404600514782  0.010001664732672786  0.01907178695461042  
0.003907669001995749  -0.0037886416702572257  -0.004189753637669434  -0.00029658205780872394  -0.002559721599916422  -0.002893370083349565  -0.02305606533833383  0.0011609001973350323  -0.014542596738709718  -0.017421550553973503  -0.002360553755211423  -0.022337448171457715  0.0  0.0014671473246251569  -0.0033572465904529165  0.0018240710648593258  
0.0003337290363263292  -0.005559514648799758  -0.003363742713644547  -0.005059035233761759  -0.003320677267226907  -0.002901387654741749  -0.019741086941100366  0.0003124785149436089  -0.01899216683306665  -0.020165704749474135  -0.002493631716781641  -0.020079883566320098  -0.001472801475034075  0.0  -0.0027371771741757905  0.0005563360380500667  
0.004211345048506815  -0.0006003273691709952  -0.0058468264755391595  0.001647596337251934  0.0019832218739467217  -0.0003808749579479104  -0.009941791268298058  0.002191320684874701  -0.00553388699252698  -0.007194388273050379  -0.00019849669425572595  -0.009993671789810166  0.00337253655684981  0.002735416223842585  0.0  0.003078525745428911  
-0.0007565107363624151  -0.004284034433782305  -0.003371244173208531  -0.001464776352630978  -0.002093968438334001  -0.012691791049461585  -0.0196040045118962  -0.0008307631746379008  -0.010134631810191665  -0.012854359959956409  -0.009841511262709615  -0.018972812419472112  -0.0018245927745737483  -0.0005540295038956303  -0.003083401038144102  0.0  
