Height_Data

node	height
0	29.065885136451612
1	31.03784145565355
2	57.40235690124336
3	27.14101494244538
4	3.282601994322209
5	74.28308936085982
6	20.569267869245607
7	53.03994542782336
8	64.97459244320933
9	4.6609222425238
10	54.173754409182045
11	26.641976007809355
12	70.93479162258156
13	111.67570517758266
14	102.85992835620247
15	47.40944641278159



height_matrix
0.0  -11.831737915211619  -170.01883058875046  11.549221164037391  154.6996988527764  -271.3032253464492  50.97970360323603  -143.84436174823048  -215.45224384054632  146.42977736356687  -150.6472156363826  14.543454771853533  -251.2134389167797  -495.6589202467863  -442.76425931850514  -110.06136765797987  
11.831737915211619  0.0  -158.18709267353884  23.38095907924901  166.53143676798805  -259.4714874312376  62.81144151844765  -132.01262383301886  -203.6205059253347  158.2615152787785  -138.815477721171  26.37519268706515  -239.38170100156808  -483.8271823315747  -430.93252140329355  -98.22962974276825  
170.01883058875046  158.18709267353884  0.0  181.56805175278785  324.71852944152687  -101.28439475769875  220.9985341919865  26.174468840519978  -45.433413251795855  316.44860795231733  19.37161495236785  184.562285360604  -81.19460832802923  -325.64008965803583  -272.7454287297547  59.95746293077059  
-11.549221164037391  -23.38095907924901  -181.56805175278785  0.0  143.15047768873904  -282.85244651048663  39.43048243919864  -155.39358291226787  -227.0014650045837  134.88055619952948  -162.19643680042  2.994233607816142  -262.7626600808171  -507.2081414108237  -454.31348048254256  -121.61058882201726  
-154.6996988527764  -166.53143676798805  -324.71852944152687  -143.15047768873904  0.0  -426.0029241992256  -103.71999524954039  -298.5440606010069  -370.1519426933227  -8.269921489209551  -305.346914489159  -140.15624408092287  -405.9131377695561  -650.3586190995627  -597.4639581712815  -264.7610665107563  
271.3032253464492  259.4714874312376  101.28439475769875  282.85244651048663  426.0029241992256  0.0  322.28292894968524  127.45886359821873  55.850981505902894  417.7330027100161  120.6560097100666  285.84668011830274  20.089786429669516  -224.35569490033708  -171.46103397205593  161.24185768846934  
-50.97970360323603  -62.81144151844765  -220.9985341919865  -39.43048243919864  103.71999524954039  -322.28292894968524  0.0  -194.82406535146652  -266.43194744378235  95.45007376033084  -201.62691923961864  -36.4362488313825  -302.1931425200157  -546.6386238500223  -493.7439629217412  -161.0410712612159  
143.84436174823048  132.01262383301886  -26.174468840519978  155.39358291226787  298.5440606010069  -127.45886359821873  194.82406535146652  0.0  -71.60788209231583  290.27413911179735  -6.8028538881521285  158.38781652008402  -107.36907716854921  -351.8145584985558  -298.91989757027466  33.78299409025061  
215.45224384054632  203.6205059253347  45.433413251795855  227.0014650045837  370.1519426933227  -55.850981505902894  266.43194744378235  71.60788209231583  0.0  361.8820212041132  64.8050282041637  229.99569861239985  -35.76119507623338  -280.20667640624  -227.31201547795882  105.39087618256644  
-146.42977736356687  -158.2615152787785  -316.44860795231733  -134.88055619952948  8.269921489209551  -417.7330027100161  -95.45007376033084  -290.27413911179735  -361.8820212041132  0.0  -297.0769929999495  -131.88632259171334  -397.64321628034656  -642.0886976103532  -589.194036682072  -256.49114502154674  
150.6472156363826  138.815477721171  -19.37161495236785  162.19643680042  305.346914489159  -120.6560097100666  201.62691923961864  6.8028538881521285  -64.8050282041637  297.0769929999495  0.0  165.19067040823614  -100.56622328039708  -345.0117046104037  -292.1170436821225  40.58584797840274  
-14.543454771853533  -26.37519268706515  -184.562285360604  -2.994233607816142  140.15624408092287  -285.84668011830274  36.4362488313825  -158.38781652008402  -229.99569861239985  131.88632259171334  -165.19067040823614  0.0  -265.7568936886332  -510.2023750186398  -457.3077140903587  -124.6048224298334  
251.2134389167797  239.38170100156808  81.19460832802923  262.7626600808171  405.9131377695561  -20.089786429669516  302.1931425200157  107.36907716854921  35.76119507623338  397.64321628034656  100.56622328039708  265.7568936886332  0.0  -244.4454813300066  -191.55082040172545  141.15207125879982  
495.6589202467863  483.8271823315747  325.64008965803583  507.2081414108237  650.3586190995627  224.35569490033708  546.6386238500223  351.8145584985558  280.20667640624  642.0886976103532  345.0117046104037  510.2023750186398  244.4454813300066  0.0  52.894660928281155  385.5975525888064  
442.76425931850514  430.93252140329355  272.7454287297547  454.31348048254256  597.4639581712815  171.46103397205593  493.7439629217412  298.91989757027466  227.31201547795882  589.194036682072  292.1170436821225  457.3077140903587  191.55082040172545  -52.894660928281155  0.0  332.70289166052527  
110.06136765797987  98.22962974276825  -59.95746293077059  121.61058882201726  264.7610665107563  -161.24185768846934  161.0410712612159  -33.78299409025061  -105.39087618256644  256.49114502154674  -40.58584797840274  124.6048224298334  -141.15207125879982  -385.5975525888064  -332.70289166052527  0.0  



slope_matrix
0.0  -0.00014217421191073802  -0.001771029485299484  0.00011630635613330706  0.002069561188665905  -0.003688691031222967  0.0005566685259143485  -0.0028774627275101115  -0.005472497938545754  0.0015985783554974548  -0.0016589276030875742  0.0013694401856735906  -0.0034095200721604192  -0.011960881280086542  -0.009313509872076254  -0.0013292435707485493  
0.0001419524644896415  0.0  -0.005355013292943089  0.0009055367575231994  0.0012329269028502855  -0.007803653757330455  0.0022602173990085516  -0.00198276695453618  -0.0025657825847446407  0.0017275194873900635  -0.005011389087406895  0.000289233388387599  -0.006259981720752303  -0.006481275047978228  -0.005919402766528758  -0.006951849238695559  
0.0017688184622217068  0.005340550056500299  0.0  0.010275498118437342  0.0020983426781358764  -0.0017648439581407693  0.003947812329260209  0.00041402196837266654  -0.000567208654828912  0.0027053595160537  0.002350924144704836  0.00177532017468838  -0.001301612829881841  -0.004391639779609384  -0.003819429053770546  0.003579550025717647  
-0.00011630635613330706  -0.000902739732789537  -0.010292973455373462  0.0  0.0009102211336474792  -0.0050329616816812564  0.0008345075648507649  -0.0020863800068779254  -0.002546286763932515  0.0012118430594196823  -0.006674750485613992  2.759662311351283e-05  -0.004305467148628824  -0.006006728344514729  -0.00550082916191479  -0.006718817061989904  
-0.0020525368031415205  -0.0012301945539483494  -0.002097800435696924  -0.0009102790136636083  0.0  -0.004008307529160949  -0.000870199891347001  -0.0023852993017018766  -0.0032540830126885512  -0.000119145965843676  -0.002009654564230348  -0.002070254713159865  -0.003949724022278448  -0.005615253143667438  -0.004900458974501982  -0.0018699135992001998  
0.003688189577847325  0.00782719419098756  0.0017766075207454612  0.00504193309287855  0.004018895511313449  0.0  0.01699804477582728  0.00154010226677403  0.0006333028858816521  0.006867220166201152  0.0021909571401864283  0.0035659515982822197  0.0032719521872425924  -0.0025868291813713486  -0.0019269614966515613  0.0037067093721487206  
-0.0005568509405050358  -0.002235282616314863  -0.003940772720969802  -0.0008348609451450062  0.0008732771067814566  -0.01699804477582728  0.0  -0.002166878715954471  -0.002641601699819377  0.0013811126124687943  -0.003717310457957571  -0.00037123024789997454  -0.013225082823633074  -0.005579083729843053  -0.005136210994712797  -0.0039597017767695085  
0.0028763119725700955  0.0019845553793298087  -0.00041474360387450446  0.0020827447113291498  0.002396596777723424  -0.0015399161966681012  0.0021661559411993163  0.0  -0.00369875424030557  0.0022885063001560815  -0.0001236635198078953  0.0026205793600278626  -0.0012267947574102973  -0.02623523926163727  -0.03263317659064134  0.0005765016056356759  
0.005479456862679205  0.0025677239082639936  0.0005674211721218415  0.0025428639521069083  0.0032693158690454225  -0.0006315126809803583  0.002639508098313675  0.003659063980189874  0.0  0.002979433732950051  0.0008958394830545163  0.004685184326999386  -0.00039690560572956023  -0.03551415417062611  -0.018911149374206224  0.0014536672576905716  
-0.001597706245101657  -0.001721169279812708  -0.002708160958085728  -0.0012087046105826588  0.00011955936806721918  -0.006885330521015594  -0.0013825329339561246  -0.002292844700725098  -0.002968922973206278  0.0  -0.002585301479418236  -0.0014711246245589888  -0.006972527025781984  -0.005271664183993047  -0.004689915121245499  -0.002482012241354236  
0.00165856232121967  0.004977249111551488  -0.0022577639804624533  0.006596032403433103  0.0020116405197256673  -0.0021767275791099872  0.003716625239439975  0.00012270659971414373  -0.0008960872262743875  0.0025830311274569343  0.0  0.0016741732077453749  -0.0016644525534656915  -0.005198308039933761  -0.004590869773410695  0.0026860256769293675  
-0.0013528795136607938  -0.0002894555826060706  -0.0017763453836439269  -2.757375087776169e-05  0.002095951010631417  -0.003613281255445617  0.00037509006414847127  -0.0026162506858289397  -0.004681369806887845  0.0014668704548071775  -0.0016734947868325006  0.0  -0.0033627343247960677  -0.00996489013708281  -0.007980937418679907  -0.00137381281620544  
0.0033943175100226955  0.006276394887298586  0.0013095904569036974  0.004301942699423987  0.003967870359428701  -0.0032666319397836614  0.013213517381723468  0.0012284791438049109  0.00039686155894166436  0.006999528538643664  0.0016744292920479035  0.003318642528579336  0.0  -0.0027574222372251165  -0.002087519838728481  0.0029109521810435105  
0.011897717720758193  0.006483011956740918  0.004394603099298729  0.005995368101782786  0.005627886977324011  0.002581174584679442  0.005575100702192986  0.025868717536658516  0.03731114199816778  0.005272097032682102  0.005198308039933761  0.009920326171857667  0.002751834755488085  0.0  0.00811267805648484  0.005684764154338883  
0.009255105754985475  0.0059137165006627355  0.00384522181739655  0.005499497403250727  0.004907704601374088  0.0019239344027385092  0.0051276764245689185  0.03277630455814415  0.019545315174373072  0.0046828329095697984  0.004650730663134204  0.007937991912694994  0.002085474364743881  -0.008075520752409337  0.0  0.005035612103231803  
0.0013531026267270699  0.007092392039189044  -0.0037310182284238077  0.006605681087562046  0.0018915558084643587  -0.003784131839673066  0.004005000528754437  -0.0005907150566576431  -0.0014833339364189507  0.0025099191222470348  -0.0028521326759242964  0.0013972283295563288  -0.002965379648294114  -0.005812444265734194  -0.005158984209342926  0.0  
