Height_Data

node	height
0	61.3391455085455
1	64.68676057037935
2	97.27685118790609
3	215.83916493959973
4	118.80767086876949
5	192.2877038801548
6	88.05893380832462
7	29.120494313630395
8	53.879654353580854
9	47.76195963416637
10	86.38495737773783
11	42.45842604329628
12	127.29505381005328
13	314.6065856053578
14	83.80565852505794
15	124.35509425489369
16	108.87342849694097
17	318.8825333714907
18	85.47659528705556
19	62.050341686519324
20	85.59698282032927



height_matrix
0.0  -11.716652716418452  -125.78196987776204  -540.7500680086898  -201.13983876078396  -458.3199543006325  -93.51925904922695  112.76527918220287  26.108219042376277  47.52015056032698  -87.66034154217317  66.0825181283723  -230.84567905527717  -886.436040338843  -78.63279555779354  -220.55582061221867  -166.36999045938416  -901.4018575203081  -84.48107422478517  -2.4891866229083632  -84.90243059124322  
11.716652716418452  0.0  -114.06531716134359  -529.0334152922713  -189.4231860443655  -446.603301584214  -81.8026063328085  124.48193189862133  37.82487175879473  59.236803276745434  -75.94368882575472  77.79917084479075  -219.12902633885872  -874.7193876224245  -66.91614284137509  -208.83916789580022  -154.6533377429657  -889.6852048038896  -72.76442150836672  9.227466093510088  -73.18577787482477  
125.78196987776204  114.06531716134359  0.0  -414.9680981309278  -75.35786888302192  -332.53798442287047  32.26271082853509  238.5472490599649  151.8901889201383  173.30212043808902  38.121628335588866  191.86448800613434  -105.06370917751514  -760.6540704610809  47.149174319968495  -94.77385073445663  -40.58802058162212  -775.619887642546  41.30089565297686  123.29278325485367  40.87953928651882  
540.7500680086898  529.0334152922713  414.9680981309278  0.0  339.61022924790586  82.43011370805732  447.2308089594629  653.5153471908927  566.8582870510661  588.2702185690168  453.08972646651665  606.8325861370621  309.90438895341265  -345.68597233015316  462.1172724508963  320.19424739647116  374.38007754930567  -360.6517895116183  456.26899378390465  538.2608813857814  455.8476374174466  
201.13983876078396  189.4231860443655  75.35786888302192  -339.61022924790586  0.0  -257.18011553984854  107.62057971155701  313.90511794298686  227.24805780316024  248.65998932111094  113.47949721861079  267.22235688915623  -29.705840294493214  -685.296201578059  122.50704320299042  -19.415981851434708  34.769848301399804  -700.2620187595242  116.65876453599878  198.6506521378756  116.23740816954074  
458.3199543006325  446.603301584214  332.53798442287047  -82.43011370805732  257.18011553984854  0.0  364.80069525140556  571.0852334828354  484.4281733430088  505.8401048609595  370.65961275845933  524.4024724290048  227.47427524535533  -428.1160860382105  379.68715874283896  237.76413368841384  291.94996384124835  -443.0819032196756  373.8388800758473  455.8307676777241  373.4175237093893  
93.51925904922695  81.8026063328085  -32.26271082853509  -447.2308089594629  -107.62057971155701  -364.80069525140556  0.0  206.28453823142982  119.62747809160322  141.03940960955393  5.858917507053775  159.60177717759925  -137.32642000605023  -792.916781289616  14.886463491433403  -127.03656156299172  -72.85073141015721  -807.8825984710811  9.038184824441771  91.03007242631858  8.616828457983729  
-112.76527918220287  -124.48193189862133  -238.5472490599649  -653.5153471908927  -313.90511794298686  -571.0852334828354  -206.28453823142982  0.0  -86.6570601398266  -65.24512862187589  -200.42562072437605  -46.682761053830575  -343.6109582374801  -999.2013195210459  -191.39807473999642  -333.32109979442157  -279.135269641587  -1014.167136702511  -197.24635340698805  -115.25446580511124  -197.6677097734461  
-26.108219042376277  -37.82487175879473  -151.8901889201383  -566.8582870510661  -227.24805780316024  -484.4281733430088  -119.62747809160322  86.6570601398266  0.0  21.411931517950705  -113.76856058454945  39.97429908599602  -256.95389809765345  -912.5442593812193  -104.74101460016982  -246.66403965459494  -192.47820950176043  -927.5100765626844  -110.58929326716145  -28.59740566528464  -111.0106496336195  
-47.52015056032698  -59.236803276745434  -173.30212043808902  -588.2702185690168  -248.65998932111094  -505.8401048609595  -141.03940960955393  65.24512862187589  -21.411931517950705  0.0  -135.18049210250015  18.562367568045318  -278.3658296156042  -933.95619089917  -126.15294611812052  -268.0759711725457  -213.89014101971114  -948.9220080806351  -132.00122478511216  -50.009337183235345  -132.4225811515702  
87.66034154217317  75.94368882575472  -38.121628335588866  -453.08972646651665  -113.47949721861079  -370.65961275845933  -5.858917507053775  200.42562072437605  113.76856058454945  135.18049210250015  0.0  153.74285967054547  -143.185337513104  -798.7756987966698  9.027545984379628  -132.8954790700455  -78.70964891721098  -813.7415159781349  3.179267317387996  85.17115491926481  2.757910950929954  
-66.0825181283723  -77.79917084479075  -191.86448800613434  -606.8325861370621  -267.22235688915623  -524.4024724290048  -159.60177717759925  46.682761053830575  -39.97429908599602  -18.562367568045318  -153.74285967054547  0.0  -296.92819718364944  -952.5185584672153  -144.71531368616584  -286.63833874059094  -232.45250858775645  -967.4843756486804  -150.56359235315747  -68.57170475128066  -150.98494871961552  
230.84567905527717  219.12902633885872  105.06370917751514  -309.90438895341265  29.705840294493214  -227.47427524535533  137.32642000605023  343.6109582374801  256.95389809765345  278.3658296156042  143.185337513104  296.92819718364944  0.0  -655.5903612835658  152.21288349748363  10.289858443058506  64.47568859589302  -670.5561784650309  146.364604830492  228.3564924323688  145.94324846403396  
886.436040338843  874.7193876224245  760.6540704610809  345.68597233015316  685.296201578059  428.1160860382105  792.916781289616  999.2013195210459  912.5442593812193  933.95619089917  798.7756987966698  952.5185584672153  655.5903612835658  0.0  807.8032447810494  665.8802197266243  720.0660498794589  -14.965817181465127  801.9549661140578  883.9468537159346  801.5336097475997  
78.63279555779354  66.91614284137509  -47.149174319968495  -462.1172724508963  -122.50704320299042  -379.68715874283896  -14.886463491433403  191.39807473999642  104.74101460016982  126.15294611812052  -9.027545984379628  144.71531368616584  -152.21288349748363  -807.8032447810494  0.0  -141.92302505442512  -87.73719490159061  -822.7690619625146  -5.848278666991632  76.14360893488518  -6.269635033449674  
220.55582061221867  208.83916789580022  94.77385073445663  -320.19424739647116  19.415981851434708  -237.76413368841384  127.03656156299172  333.32109979442157  246.66403965459494  268.0759711725457  132.8954790700455  286.63833874059094  -10.289858443058506  -665.8802197266243  141.92302505442512  0.0  54.18583015283451  -680.8460369080894  136.0747463874335  218.0666339893103  135.65339002097545  
166.36999045938416  154.6533377429657  40.58802058162212  -374.38007754930567  -34.769848301399804  -291.94996384124835  72.85073141015721  279.135269641587  192.47820950176043  213.89014101971114  78.70964891721098  232.45250858775645  -64.47568859589302  -720.0660498794589  87.73719490159061  -54.18583015283451  0.0  -735.031867060924  81.88891623459898  163.8808038364758  81.46755986814094  
901.4018575203081  889.6852048038896  775.619887642546  360.6517895116183  700.2620187595242  443.0819032196756  807.8825984710811  1014.167136702511  927.5100765626844  948.9220080806351  813.7415159781349  967.4843756486804  670.5561784650309  14.965817181465127  822.7690619625146  680.8460369080894  735.031867060924  0.0  816.9207832955229  898.9126708973997  816.4994269290648  
84.48107422478517  72.76442150836672  -41.30089565297686  -456.26899378390465  -116.65876453599878  -373.8388800758473  -9.038184824441771  197.24635340698805  110.58929326716145  132.00122478511216  -3.179267317387996  150.56359235315747  -146.364604830492  -801.9549661140578  5.848278666991632  -136.0747463874335  -81.88891623459898  -816.9207832955229  0.0  81.99188760187681  -0.421356366458042  
2.4891866229083632  -9.227466093510088  -123.29278325485367  -538.2608813857814  -198.6506521378756  -455.8307676777241  -91.03007242631858  115.25446580511124  28.59740566528464  50.009337183235345  -85.17115491926481  68.57170475128066  -228.3564924323688  -883.9468537159346  -76.14360893488518  -218.0666339893103  -163.8808038364758  -898.9126708973997  -81.99188760187681  0.0  -82.41324396833485  
84.90243059124322  73.18577787482477  -40.87953928651882  -455.8476374174466  -116.23740816954074  -373.4175237093893  -8.616828457983729  197.6677097734461  111.0106496336195  132.4225811515702  -2.757910950929954  150.98494871961552  -145.94324846403396  -801.5336097475997  6.269635033449674  -135.65339002097545  -81.46755986814094  -816.4994269290648  0.421356366458042  82.41324396833485  0.0  



slope_matrix
0.0  -0.001541664831107691  -0.004074569804916166  -0.005701708857113979  -0.0020873789825735156  -0.004969315345339179  -0.001277236534406268  0.0011343454298581922  0.00026452096294200887  0.0013314696150273741  -0.00157097386276296  0.0009057362682068572  -0.0023343682784434947  -0.012690566075001332  -0.004175931787455844  -0.008951129083288096  -0.0027345494815809363  -0.013111299745749936  -0.00099436292637459  -5.8431610866393504e-05  -0.0009404345435450068  
0.0016138640105259575  0.0  -0.0036606327715450445  -0.005561162780324517  -0.001959888112202437  -0.004827100103590726  -0.0011128092277623248  0.0012485650140282981  0.0003821080084735299  0.001724004751942533  -0.0013539612912418385  0.0010799440705828811  -0.0022094074041022257  -0.012471049153442038  -0.0034997982657622956  -0.008377022378491786  -0.0025299090093729056  -0.012886518030183801  -0.0008535416012711639  0.00021514259952226832  -0.0008080576115140197  
0.003949198426303361  0.00353800611542629  0.0  -0.00625517181385179  -0.0011104902576336859  -0.005217919102822383  0.0007214380775611603  0.0033942408801930124  0.0021636779048452752  0.00831983295430096  0.0012029545072763921  0.003927625138303671  -0.00149259424886369  -0.01839550351780123  0.0033415431835555278  -0.014294698451652583  -0.0011737426426148675  -0.019270059320311703  0.0007315071847852791  0.008079474656281367  0.0006616953591213795  
0.0056735921520164705  0.005529195393940963  0.0061991051408862834  0.0  0.019339990276076642  0.025840161037008563  0.01529517130504319  0.011337879028294461  0.016317164278959875  0.008858157183692468  0.009923121473204483  0.010999321844064928  0.015771215722819983  -0.009073122633337354  0.00600776485245575  0.0044213511101418275  0.009619220903116794  -0.009742079673463487  0.011624687739717315  0.010087347852057373  0.014829135895167423  
0.002078964741713529  0.0019504034806874537  0.0011020454647999696  -0.018659902705928894  0.0  -0.01685321858059296  0.003507841581211115  0.007382528644002513  0.011689714907569971  0.003664848774076801  0.0024093311511382332  0.0047204090600451555  -0.005220710069330969  -0.017331719817351012  0.0015633874834480655  -0.0002628754650884742  0.0008614927725817593  -0.018207540789379202  0.004834594468959751  0.003625011900326197  0.007441575426987243  
0.004951063565956925  0.004805286223200065  0.005179719383533808  -0.022833826511927235  0.01757895526588165  0.0  0.013766063971751154  0.010438406753478988  0.01522880142543253  0.007944716583335315  0.008636058079181252  0.010001954461739553  0.013613062552085897  -0.012107355374383781  0.005118457249162024  0.0034122292435191425  0.008069374346082044  -0.012925376406641646  0.010292920706934123  0.009004953924885897  0.013427455005731366  
0.0012735838083784141  0.0011084364001735568  -0.0007159944702293629  -0.015232656980908137  -0.0034851223999856546  -0.013637409168276843  0.0  0.006260532268025185  0.004007620706586373  0.0031672896835740834  0.0002463800465539855  0.005225991394158456  -0.004110338820893452  -0.06553031250327405  0.00027046626982982203  -0.0025135845184604613  -0.0042752776649153295  -0.06715566072078812  0.0006578009333654855  0.0028916795561092306  0.0004020918552488908  
-0.0011374347305043663  -0.0012509489689339899  -0.003379813673278052  -0.011427091225579519  -0.007486408727474049  -0.010526916746227381  -0.006254837423633409  0.0  -0.0030675065536221804  -0.0009488820334769618  -0.004330717820319275  -0.0010813704205195872  -0.008425967587971556  -0.032803720273179446  -0.0023758450191161424  -0.0043823441992429865  -0.007057781786133679  -0.03284220002274971  -0.008758719067805863  -0.0020220081720194955  -0.006820831945253489  
-0.0002631876919594383  -0.0003798822110956586  -0.0021444329933663466  -0.016195951058601887  -0.011738019514626045  -0.015110049074953487  -0.0039598635581464155  0.003043802604138623  0.0  0.000304579395703424  -0.0022960355314742575  0.0007568023302914809  -0.016150464996709833  -0.025511441414068192  -0.0012961392723693827  -0.0032323947012789273  -0.004496103936037384  -0.025958860245247253  -0.006370350994652157  -0.000499518002887068  -0.007415541057690013  
-0.0013240498902292277  -0.0017195008208053828  -0.008416810123268044  -0.00895388460531228  -0.0036991965087936765  -0.00801775407926707  -0.003199623629980806  0.0009585004939308931  -0.00030781960204069445  0.0  -0.0059498456031029994  0.0004875851738388578  -0.003990907951478196  -0.023861936405190853  -0.006597957432956094  -0.014705209609026094  -0.007172707613001715  -0.024945373503697032  -0.0023647657611091393  -0.002627921029071747  -0.002165891088511125  
0.0015743595822947769  0.0013549275437244376  -0.0011931652061217173  -0.009982148633322684  -0.0024190896870307137  -0.008664320073830278  -0.0002474205028316628  0.004341035753181201  0.002316606812961707  0.005869756495983506  0.0  0.008785306266888313  -0.002896143558112945  -0.04224091479622791  0.00024209026506783664  -0.0038926619528425748  -0.008985119739407646  -0.045690146882545475  8.988598578987831e-05  0.004923188145622244  6.777859304325274e-05  
-0.0009012891179537957  -0.0010812949387740201  -0.0038690156887706056  -0.010910330567009387  -0.004676625076814074  -0.009892519759083281  -0.005200448914226108  0.001082624328706646  -0.0007495649556721549  -0.00048478369203565726  -0.008550770838183841  0.0  -0.005080906864881065  -0.0453364378137656  -0.0026345405732052765  -0.0055356959973076655  -0.012716220382262389  -0.04342389477776842  -0.00401288892199247  -0.001962555945943923  -0.00334037497167291  
0.0023348404880679393  0.002208071607606396  0.00149026537840447  -0.01572320593370942  0.0055010815360172615  -0.013572450790295664  0.004186781097745434  0.008338048003821404  0.01621160240363744  0.003978359720102961  0.002909088531351158  0.0050948558198978975  0.0  -0.015900809150704968  0.0018913131647301643  0.00013542851333322593  0.0015177892795643366  -0.016524302081444824  0.006413874006594741  0.004011884968945341  0.01019868962012816  
0.012730662650277797  0.012495991251748922  0.01843562943434515  0.009142712836026268  0.017424261418206435  0.012162388807903707  0.06591161939232053  0.03322917590691872  0.025525713549125015  0.02368043080373149  0.0424203769939814  0.0458823968433148  0.016044795919813164  0.0  0.015765090647561465  0.0142464745341597  0.059558813058681465  -0.0056688701444943665  0.040218403516251645  0.03193449616025775  0.02902004379969586  
0.004211719097900029  0.003514503300492389  -0.003365394312631584  -0.0060494472110341185  -0.0015724174458091442  -0.0051462070851563966  -0.00027179958903475265  0.002382647513257767  0.0013051839825566332  0.006646625190628057  -0.0002417013650436313  0.00265483973007092  -0.0018922536486509652  -0.015716016435428977  0.0  -0.018242034068692174  -0.0020697616159846806  -0.016357237812376035  -8.793081742582517e-05  0.0031568660420764998  -8.72843524077638e-05  
0.00864924786714583  0.008066402776971812  0.014739323597893721  -0.004461394000229499  0.0002649199324796658  -0.0034378851024929706  0.0025331318357525766  0.004402603352191541  0.0032614576180694825  0.014617010423802927  0.0038926619528425748  0.005587491983247387  -0.00013571430286281333  -0.014234292854352806  0.01828904962041561  0.0  0.0014173270422650338  -0.014904685571543114  0.002198654813175529  0.011246345228948443  0.0020183512873229495  
0.002750826561828442  0.0025415503326699377  0.0011566834021550902  -0.009653947332369925  -0.0008627753920942879  -0.008071605303877478  0.0042677639959084485  0.007102678616834275  0.004528899047100246  0.007101266302115244  0.008964652496265487  0.01314033400722196  -0.0015053861451294192  -0.058589589087018626  0.0020845140152433027  -0.001391521061962879  0.0  -0.06568649392859018  0.002847319757809422  0.00823108005205805  0.002390480043079253  
0.013153390595656036  0.012912702537066613  0.01930843633663296  0.009808316277172104  0.018288378656555866  0.012970781710177858  0.06754871224674591  0.033121069128102906  0.025785656840775214  0.024750182787705664  0.04589630659775155  0.04387684243304673  0.01642714792907964  0.0056688701444943665  0.016409434821749395  0.014917748398512039  0.06688188053329609  0.0  0.040521864250769986  0.03381913735505642  0.02932828401325664  
0.0009949484657258882  0.0008532413403889156  -0.0007304721551640761  -0.011651404335646187  -0.0048811198550627105  -0.010321338489117817  -0.0006535202331483565  0.00878994444772674  0.006269234312197361  0.002356743881183934  -9.016640151412355e-05  0.00403763991292994  -0.00643360900353811  -0.039622280934489024  8.791759872206302e-05  -0.002194046217146622  -0.002871280372882152  -0.04044162293542193  0.0  0.0019085634916637991  -4.430666313964689e-05  
5.8363109564088234e-05  -0.0002144924707928891  -0.0079646500810629  -0.010213678963677067  -0.003663789231609657  -0.00910023493067926  -0.0029288955092123094  0.0020348599188755516  0.0005056118399095587  0.0026390151547881447  -0.004977858265298936  0.002000925145937574  -0.004023902950350111  -0.03189992254478292  -0.003138648348511343  -0.011263772416803219  -0.008344236447885733  -0.033781009804487026  -0.0019148035404455118  0.0  -0.0017119493969325894  
0.0009357702038051716  0.000803356507956364  -0.0006555410405150549  -0.01473804194689449  -0.007417830770232338  -0.013341104812768463  -0.00039256621676463457  0.006882580423866507  0.007227255835522102  0.002141720542642248  -6.713512538777883e-05  0.0033701997482057035  -0.01005118791074614  -0.02888409404495855  8.666899410353434e-05  -0.001999607753846926  -0.002372380893073411  -0.029465876107147775  4.511310133383747e-05  0.001689488396234827  0.0  
