Height_Data

node	height
0	13.74861301754355
1	31.537527059472676
2	33.19368671247439
3	12.47863420602134
4	36.29839730657052
5	15.183139912882112
6	10.16291383486079
7	15.667993198506634
8	36.83099873466806
9	8.599032097980139
10	36.552373542156516
11	9.105178645474535
12	17.996131310298797
13	17.023715128517992
14	33.42401750506895
15	16.147348585754518
16	18.32881620794864
17	11.326348219612827
18	15.818019534114486
19	15.625952689464569
20	14.409349600833592



height_matrix
0.0  -622.6119914675195  -680.5775793225795  44.44925840327733  -789.242450115944  -50.20844133684966  125.49947139389656  -67.17830633370795  -807.8835000993578  180.23533218471937  -798.1316183614539  162.5202030224155  -148.6631402464336  -114.62857388410555  -688.6391570633892  -83.95574488738396  -160.30711166417825  84.77926792757529  -72.42922807998275  -65.70688851723571  -23.125780415151496  
622.6119914675195  0.0  -57.965587855059994  667.0612498707968  -166.63045864842456  572.4035501306698  748.111462861416  555.4336851338115  -185.2715086318383  802.8473236522389  -175.5196268939344  785.132194489935  473.9488512210859  507.98341758341394  -66.02716559586975  538.6562465801355  462.30487980334124  707.3912593950947  550.1827633875367  556.9051029502838  599.4862110523679  
680.5775793225795  57.965587855059994  0.0  725.0268377258568  -108.66487079336457  630.3691379857298  806.077050716476  613.3992729888715  -127.3059207767783  860.8129115072988  -117.55403903887441  843.097782344995  531.9144390761459  565.9490054384739  -8.061577740809753  596.6218344351955  520.2704676584012  765.3568472501547  608.1483512425967  614.8706908053438  657.4517989074279  
-44.44925840327733  -667.0612498707968  -725.0268377258568  0.0  -833.6917085192214  -94.65769974012699  81.05021299061923  -111.62756473698528  -852.3327585026351  135.78607378144204  -842.5808767647312  118.07094461913817  -193.11239864971094  -159.07783228738288  -733.0884154666666  -128.40500329066128  -204.75637006745558  40.330009524297964  -116.87848648326008  -110.15614692051304  -67.57503881842882  
789.242450115944  166.63045864842456  108.66487079336457  833.6917085192214  0.0  739.0340087790944  914.7419215098406  722.0641437822361  -18.641049983413723  969.4777823006634  -8.889168245509836  951.7626531383596  640.5793098695104  674.6138762318385  100.60329305255482  705.2867052285601  628.9353384517658  874.0217180435193  716.8132220359613  723.5355615987083  766.1166697007925  
50.20844133684966  -572.4035501306698  -630.3691379857298  94.65769974012699  -739.0340087790944  0.0  175.70791273074622  -16.96986499685829  -757.6750587625081  230.44377352156903  -747.9231770246042  212.72864435926516  -98.45469890958395  -64.42013254725589  -638.4307157265396  -33.7473035505343  -110.09867032732859  134.98770926442495  -22.22078674313309  -15.498447180386052  27.082660921698164  
-125.49947139389656  -748.111462861416  -806.077050716476  -81.05021299061923  -914.7419215098406  -175.70791273074622  0.0  -192.6777777276045  -933.3829714932543  54.73586079082281  -923.6310897553504  37.020731628518945  -274.16261164033017  -240.1280452780021  -814.1386284572858  -209.4552162812805  -285.8065830580748  -40.720203466321266  -197.9286994738793  -191.20635991113227  -148.62525180904805  
67.17830633370795  -555.4336851338115  -613.3992729888715  111.62756473698528  -722.0641437822361  16.96986499685829  192.6777777276045  0.0  -740.7051937656498  247.41363851842732  -730.9533120277459  229.69850935612345  -81.48483391272566  -47.4502675503976  -621.4608507296813  -16.777438553676006  -93.1288053304703  151.95757426128324  -5.250921746274798  1.4714178164722398  44.052525918556455  
807.8835000993578  185.2715086318383  127.3059207767783  852.3327585026351  18.641049983413723  757.6750587625081  933.3829714932543  740.7051937656498  0.0  988.1188322840771  9.751881737903886  970.4037031217733  659.2203598529242  693.2549262152522  119.24434303596854  723.9277552119738  647.5763884351795  892.662768026933  735.454272019375  742.1766115821221  784.7577196842062  
-180.23533218471937  -802.8473236522389  -860.8129115072988  -135.78607378144204  -969.4777823006634  -230.44377352156903  -54.73586079082281  -247.41363851842732  -988.1188322840771  0.0  -978.3669505461733  -17.715129162303867  -328.898472431153  -294.8639060688249  -868.8744892481086  -264.1910770721033  -340.5424438488976  -95.45606425714408  -252.66456026470212  -245.94222070195508  -203.36111259987086  
798.1316183614539  175.5196268939344  117.55403903887441  842.5808767647312  8.889168245509836  747.9231770246042  923.6310897553504  730.9533120277459  -9.751881737903886  978.3669505461733  0.0  960.6518213838694  649.4684781150203  683.5030444773483  109.49246129806465  714.1758734740699  637.8245066972756  882.9108862890291  725.7023902814711  732.4247298442182  775.0058379463023  
-162.5202030224155  -785.132194489935  -843.097782344995  -118.07094461913817  -951.7626531383596  -212.72864435926516  -37.020731628518945  -229.69850935612345  -970.4037031217733  17.715129162303867  -960.6518213838694  0.0  -311.1833432688491  -277.14877690652105  -851.1593600858048  -246.47594790979946  -322.82731468659375  -77.74093509484021  -234.94943110239825  -228.2270915396512  -185.645983437567  
148.6631402464336  -473.9488512210859  -531.9144390761459  193.11239864971094  -640.5793098695104  98.45469890958395  274.16261164033017  81.48483391272566  -659.2203598529242  328.898472431153  -649.4684781150203  311.1833432688491  0.0  34.034566362328064  -539.9760168169556  64.70739535904966  -11.643971417744638  233.4424081740089  76.23391216645086  82.9562517291979  125.53735983128212  
114.62857388410555  -507.98341758341394  -565.9490054384739  159.07783228738288  -674.6138762318385  64.42013254725589  240.1280452780021  47.4502675503976  -693.2549262152522  294.8639060688249  -683.5030444773483  277.14877690652105  -34.034566362328064  0.0  -574.0105831792837  30.67282899672159  -45.6785377800727  199.40784181168084  42.1993458041228  48.92168536686984  91.50279346895405  
688.6391570633892  66.02716559586975  8.061577740809753  733.0884154666666  -100.60329305255482  638.4307157265396  814.1386284572858  621.4608507296813  -119.24434303596854  868.8744892481086  -109.49246129806465  851.1593600858048  539.9760168169556  574.0105831792837  0.0  604.6834121760053  528.332045399211  773.4184249909645  616.2099289834065  622.9322685461535  665.5133766482377  
83.95574488738396  -538.6562465801355  -596.6218344351955  128.40500329066128  -705.2867052285601  33.7473035505343  209.4552162812805  16.777438553676006  -723.9277552119738  264.1910770721033  -714.1758734740699  246.47594790979946  -64.70739535904966  -30.67282899672159  -604.6834121760053  0.0  -76.3513667767943  168.73501281495925  11.526516807401208  18.248856370148246  60.82996447223246  
160.30711166417825  -462.30487980334124  -520.2704676584012  204.75637006745558  -628.9353384517658  110.09867032732859  285.8065830580748  93.1288053304703  -647.5763884351795  340.5424438488976  -637.8245066972756  322.82731468659375  11.643971417744638  45.6785377800727  -528.332045399211  76.3513667767943  0.0  245.08637959175354  87.8778835841955  94.60022314694254  137.18133124902675  
-84.77926792757529  -707.3912593950947  -765.3568472501547  -40.330009524297964  -874.0217180435193  -134.98770926442495  40.720203466321266  -151.95757426128324  -892.662768026933  95.45606425714408  -882.9108862890291  77.74093509484021  -233.4424081740089  -199.40784181168084  -773.4184249909645  -168.73501281495925  -245.08637959175354  0.0  -157.20849600755804  -150.486156444811  -107.90504834272679  
72.42922807998275  -550.1827633875367  -608.1483512425967  116.87848648326008  -716.8132220359613  22.22078674313309  197.9286994738793  5.250921746274798  -735.454272019375  252.66456026470212  -725.7023902814711  234.94943110239825  -76.23391216645086  -42.1993458041228  -616.2099289834065  -11.526516807401208  -87.8778835841955  157.20849600755804  0.0  6.722339562747038  49.30344766483125  
65.70688851723571  -556.9051029502838  -614.8706908053438  110.15614692051304  -723.5355615987083  15.498447180386052  191.20635991113227  -1.4714178164722398  -742.1766115821221  245.94222070195508  -732.4247298442182  228.2270915396512  -82.9562517291979  -48.92168536686984  -622.9322685461535  -18.248856370148246  -94.60022314694254  150.486156444811  -6.722339562747038  0.0  42.581108102084215  
23.125780415151496  -599.4862110523679  -657.4517989074279  67.57503881842882  -766.1166697007925  -27.082660921698164  148.62525180904805  -44.052525918556455  -784.7577196842062  203.36111259987086  -775.0058379463023  185.645983437567  -125.53735983128212  -91.50279346895405  -665.5133766482377  -60.82996447223246  -137.18133124902675  107.90504834272679  -49.30344766483125  -42.581108102084215  0.0  



slope_matrix
0.0  -0.008864065937749424  -0.007225582114052229  0.0004815215946623045  -0.008435682451004105  -0.0005426766249119072  0.0015145965652171923  -0.0006962925615019481  -0.014301354223745049  0.0018772558294419266  -0.010287852775991929  0.004134322132343309  -0.0030112039750138466  -0.002244538356845615  -0.011765575893787617  -0.0009722726680646666  -0.00497539142346922  0.0017065070033730936  -0.0017774043700609264  -0.0010958453722020632  -0.00024903920326460794  
0.008891916473400735  0.0  -0.0020798560407269463  0.00846309629371729  -0.005927800023067398  0.010875993732294696  0.00798326179555454  0.008363705543349066  -0.002630203132195319  0.014219754226925944  -0.013357658058899118  0.007735292556551084  0.016270128775183173  0.015741661530319615  -0.0010437427378417602  0.004528425780413077  0.006880560794810853  0.006710218738333283  0.007399902668292357  0.008348150246593971  0.004567166014416943  
0.0072087446173348104  0.002080602579147882  0.0  0.00751860747815388  -0.009659099626076851  0.01044331833444989  0.008044681144875011  0.007831862118574475  -0.0016082102169881038  0.02013597453818243  -0.0050279742959313265  0.007131600256682414  0.011865144748519872  0.009539002282799157  -0.00011371953365509596  0.004078350088421598  0.006200339264192602  0.005777150115112883  0.005996926843926602  0.006557221827933708  0.004145345516440277  
-0.00048079241106844053  -0.008417176654521095  -0.007505298417484698  0.0  -0.009498595289042058  -0.002330322494833259  0.0005183895937999311  -0.004558087576030432  -0.006533788873151668  0.0010139342426929662  -0.010838447089847327  0.0009303517817282971  -0.0019953750635432004  -0.0029071241280588978  -0.005838085653154946  -0.001743212100063281  -0.001783747452456273  0.0004756458252659272  -0.0019564527365795127  -0.002975584735832335  -0.0007665914783712856  
0.008453753750170781  0.005929909560442155  0.009271746654723939  0.009498595289042058  0.0  0.014133371749456768  0.008645136768829416  0.010278493149925069  -0.00021990149797586082  0.018949547160936327  -0.0005493923513912137  0.007808373559261298  0.013207820822051762  0.01256732258256033  0.0013150757261771871  0.005014837210100684  0.007181266709885429  0.006891285327158553  0.007485518191687148  0.008411248100426741  0.005008935401770464  
0.0005453290033327866  -0.010898772850926691  -0.010457004379180018  0.002299191152298445  -0.014160181042307953  0.0  0.0012564026652180638  -0.0008008430862132275  -0.006649188756143116  0.002315087136041481  -0.0167620613407576  0.0016383906682013645  -0.0012407649516015622  -0.0014528672202809177  -0.005853403463157051  -0.00031392840512124926  -0.000995557196196117  0.001280111040914414  -0.00029874679676167103  -0.000292920944630241  0.00022200722126156376  
-0.0015191801403449529  -0.007937522152375767  -0.00814630672780673  -0.0005172317357410289  -0.008747651539732625  -0.0012512135065922254  0.0  -0.0012937472485570706  -0.033781504578112714  0.0007513501824409445  -0.008843652716922161  0.00043523079741969136  -0.004132066490434516  -0.002366726249536784  -0.0251199823652356  -0.0012960535627825043  -0.005616163942976514  -0.0003295848115444862  -0.001637940247218465  -0.0014295802610178113  -0.0008840426588689511  
0.0007016011105348089  -0.008357413258107306  -0.00779097791227038  0.004424398126713645  -0.01031372866422277  0.0008027372278551699  0.0012723884152915836  0.0  -0.005900622908991076  0.002129938348126957  -0.01218661740626452  0.0017238162052992379  -0.0009079090129551605  -0.0009422213572358538  -0.0051509395004532225  -0.00018034245094297608  -0.0007886256696627175  0.001498891046175609  -7.07576033725212e-05  2.8976325649315475e-05  0.00040971090222892696  
0.014314023743787345  0.0026168292179638178  0.0016031472204606257  0.006507847281840384  0.00021922909541824913  0.006605711061573741  0.035102781929043037  0.006012217481864041  0.0  0.015017003530153148  0.00011846309205422603  0.016478242539001077  0.015688252257328037  0.009154297190218569  0.011783037849404005  0.00534500705265781  0.026196455842847067  0.009166797782161973  0.007768609612542252  0.006881563389727604  0.005528409437718959  
-0.0018766694313277735  -0.014280457553401616  -0.020202133572102765  -0.0009940269818995478  -0.018982941048749064  -0.002324662297201342  -0.0007458217848592835  -0.0020954471722205714  -0.01458047561286819  0.0  -0.01781440186719179  -0.00014781083990241024  -0.006537437337132836  -0.003408043297143145  -0.014602932592405186  -0.001584069295311808  -0.0039871495591722005  -0.0006654309115172121  -0.002070681529787757  -0.0019974191561922773  -0.0011064260750809078  
0.010311778015005863  0.01334750014402543  0.00502367688200318  0.010884651553607173  0.0005487140892290023  0.016833742449349633  0.008803193764347602  0.012156216730878862  -0.00011854949839416346  0.01774332518219393  0.0  0.008446775884848936  0.016099863116386223  0.018120441263980602  0.0014702895299860972  0.00574096361313561  0.008031031310718655  0.007963478725435458  0.00909401491580791  0.010155639626237079  0.005668976943503053  
-0.004175750334594437  -0.007736817052522025  -0.007125572873098335  -0.000927793058456217  -0.007803891875519511  -0.0016329826081159526  -0.00043739049655622573  -0.0017239455820783807  -0.01671092996593376  0.0001474540466314622  -0.008447518654448377  0.0  -0.004233786983249648  -0.0031203420052524325  -0.013596794889549598  -0.0025347176872665515  -0.009040249641181566  -0.0012834891050823875  -0.0033114789443607928  -0.0025146219869948347  -0.0017893588765066698  
0.002998449783106769  -0.016286902103817384  -0.011867792036504817  0.002009912558802154  -0.013218722861525185  0.001243585940502513  0.0041239863363467235  0.0009114634665852982  -0.015725676523209067  0.00656483976908489  -0.01611584312940497  0.004240132760169629  0.0  0.0008116996509021718  -0.01521916620115433  0.0005516872312989143  -0.0002979521857150624  0.002420095461061672  0.0010510673123735126  0.001064087374669034  0.000968652467833967  
0.0022502664680821662  -0.015544168224706669  -0.009478295184030714  0.002925838372032056  -0.012485912941548001  0.0014466681461319535  0.002371869273785086  0.0009425957002462773  -0.009195581989856112  0.0033982241105085273  -0.017963286320035438  0.0031242112152690907  -0.0008049802829311274  0.0  -0.00814083935866237  0.00035191405457459375  -0.000657623636338507  0.002708241773892175  0.0009915259822397275  0.0013495637342584783  0.0009199034228305424  
0.011765575893787617  0.001024630130289723  0.00011389626647089224  0.005821396136477937  -0.001316797029483702  0.005821910593895126  0.02503501317519329  0.005259485872796897  -0.011082188014495217  0.014617673103097386  -0.001460094163195955  0.013662269022244058  0.015210592023012835  0.008120110102974731  0.0  0.004375739287763263  0.0192330558936735  0.0077241428641862024  0.006749287283498428  0.006059063014747141  0.004599263142005789  
0.0009807914122357938  -0.004518170160880184  -0.004071670200199246  0.001752969328200154  -0.0050073603495105435  0.0003153658868379992  0.001293811948120826  0.00018108210978484858  -0.005341851794657422  0.0015850196608597513  -0.005732208632105867  0.002533154654776973  -0.0005487397842524564  -0.00035014644973426477  -0.004377323093788948  0.0  -0.0006863044204655667  0.004574004142449424  0.0002378072376191708  0.0003129090598447916  0.0038451304976126715  
0.004967682419094461  -0.0068990431249565925  -0.006204776000696496  0.0017853027296839792  -0.007188653999905884  0.0009933117135269632  0.005591989494386124  0.0007835167872326292  -0.02617527843311154  0.003994164248755544  -0.008048258759587075  0.009124570793855109  0.00029833388208415677  0.0006568670949104502  -0.019310381776286953  0.0006861810620723851  0.0  0.00334771724616519  0.0012176511512289802  0.0010813925828411356  0.001164725176167658  
-0.0017316026945991686  -0.006714040047409783  -0.005781077477529683  -0.00047419176395412067  -0.00689781168055812  -0.0012841296543419421  0.0003286803088733656  -0.0015008155482595876  -0.009153637900194144  0.0006666391805094215  -0.007973547243646972  0.0012815848185763305  -0.002417839546079844  -0.0027042018146417254  -0.00772337152976797  -0.004569049900215522  -0.003345889141184349  0.0  -0.00499391664572929  -0.0028217917953274143  -0.002484002033672348  
0.0017782771441193898  -0.007407873480376151  -0.006003438807922969  0.0019444100230121457  -0.00749647795477893  0.0003001592157656773  0.001635368912450461  0.0  -0.007769430298112984  0.0020751031559190385  -0.009112285161746248  0.0033138142609647142  -0.0010443001666637106  -0.0009894336648094443  -0.006741165397477371  -0.00023736649109145817  -0.0012234147791200822  0.0049970914179134785  0.0  0.00028472425085756197  0.000816012043443086  
0.0010956626399405655  -0.008361938482736994  -0.00656702649583834  0.002946139259708827  -0.008408315649026244  0.0002933089928157845  0.001430007926939887  -2.8970620525147466e-05  -0.006895629578947525  0.001995474407318094  -0.010176806028125861  0.0025151762347327663  -0.0010598728980349803  -0.0013510545530756653  -0.006062601153733855  -0.0003142561799577793  -0.001084118990911558  0.0028207339539795878  -0.0002852074485679694  0.0  0.0005868399683308189  
0.00025093077707412647  -0.004556751376196168  -0.004138300490384767  0.0007698227252042472  -0.005001087993346775  -0.00022282919961904034  0.0008823107854499736  -0.0004110105888035795  -0.005523351067597172  0.0011174301478096096  -0.005659868823094299  0.0017874637342342287  -0.0009637445096828045  -0.0009155772810581754  -0.004599263142005789  -0.003837852648090376  -0.001164428582030615  0.0024834303416047592  -0.0008123817377629141  -0.0005845038860958712  0.0  
