Height_Data

node	height
0	22.465877657478426
1	12.303836783655742
2	8.82778721546438
3	39.619788329100494
4	13.864851208185932
5	16.23707924254821
6	39.41163775805225
7	25.207565016379508
8	46.225963865553126
9	32.10533961170349
10	42.93321167367635
11	8.106509637570767
12	31.599438879655594
13	7.762883161951748
14	51.85187366758592
15	30.889383293805114
16	33.51313919068386
17	31.75390340335352
18	29.078851694479532
19	13.731883094197643
20	24.579403906175997



height_matrix
0.0  355.671430583794  477.3331654704917  -600.3868735067723  301.0359257252373  218.00794452255764  -593.1016035200838  -95.95905756153786  -831.6030172826144  -337.38116839787733  -716.3566905669271  502.5778806967681  -319.6746427762008  514.6048073434338  -1028.5098603537622  -294.8226972714341  -386.6541536621902  -325.0809011056282  -231.45409129503867  305.68980971482745  -73.97341870441494  
-355.671430583794  0.0  121.66173488669767  -956.0583040905663  -54.635504858556715  -137.66348606123637  -948.7730341038778  -451.63048814533187  -1187.2744478664083  -693.0525989816713  -1072.028121150721  146.90645011297408  -675.3460733599948  158.93337675963977  -1384.1812909375562  -650.494127855228  -742.3255842459841  -680.7523316894221  -587.1255218788326  -49.98162086896656  -429.64484928820895  
-477.3331654704917  -121.66173488669767  0.0  -1077.720038977264  -176.2972397452544  -259.32522094793404  -1070.4347689905755  -573.2922230320296  -1308.936182753106  -814.7143338683691  -1193.6898560374188  25.244715226276412  -797.0078082466925  37.2716418729421  -1505.843025824254  -772.1558627419258  -863.9873191326819  -802.4140665761199  -708.7872567655304  -171.64335575566423  -551.3065841749067  
600.3868735067723  956.0583040905663  1077.720038977264  0.0  901.4227992320095  818.3948180293299  7.2852699866884905  504.42781594523444  -231.21614377584206  263.005705108895  -115.96981706015481  1102.9647542035405  280.7122307305715  1114.9916808502062  -428.12298684699  305.5641762353382  213.7327198445821  275.3059724011441  368.93278221173364  906.0766832215998  526.4134548023574  
-301.0359257252373  54.635504858556715  176.2972397452544  -901.4227992320095  0.0  -83.02798120267965  -894.137529245321  -396.99498328677515  -1132.6389430078516  -638.4170941231146  -1017.3926162921643  201.5419549715308  -620.710568501438  213.56888161819649  -1329.5457860789995  -595.8586229966713  -687.6900793874274  -626.1168268308654  -532.4900170202759  4.653883989590156  -375.00934442965223  
-218.00794452255764  137.66348606123637  259.32522094793404  -818.3948180293299  83.02798120267965  0.0  -811.1095480426414  -313.9670020840955  -1049.6109618051719  -555.389112920435  -934.3646350894848  284.56993617421045  -537.6825872987584  296.59686282087614  -1246.51780487632  -512.8306417939917  -604.6620981847478  -543.0888456281858  -449.4620358175963  87.68186519226981  -291.9813632269726  
593.1016035200838  948.7730341038778  1070.4347689905755  -7.2852699866884905  894.137529245321  811.1095480426414  0.0  497.14254595854595  -238.50141376253055  255.72043512220648  -123.2550870468433  1095.679484216852  273.426960743883  1107.7064108635177  -435.4082568336785  298.2789062486497  206.44744985789362  268.0207024144556  361.64751222504515  898.7914132349113  519.1281848156689  
95.95905756153786  451.63048814533187  573.2922230320296  -504.42781594523444  396.99498328677515  313.9670020840955  -497.14254595854595  0.0  -735.6439597210765  -241.42211083633947  -620.3976330053893  598.536938258306  -223.71558521466295  610.5638649049716  -932.5508027922244  -198.86363970989623  -290.69509610065234  -229.12184354409032  -135.4950337335008  401.6488672763653  21.98563885712292  
831.6030172826144  1187.2744478664083  1308.936182753106  231.21614377584206  1132.6389430078516  1049.6109618051719  238.50141376253055  735.6439597210765  0.0  494.221848884737  115.24632671568725  1334.1808979793825  511.92837450641355  1346.207824626048  -196.90684307114793  536.7803200111803  444.94886362042416  506.5221161769862  600.1489259875757  1137.2928269974418  757.6295985781994  
337.38116839787733  693.0525989816713  814.7143338683691  -263.005705108895  638.4170941231146  555.389112920435  -255.72043512220648  241.42211083633947  -494.221848884737  0.0  -378.9755221690498  839.9590490946455  17.70652562167652  851.9859757413111  -691.128691955885  42.55847112644324  -49.272985264312865  12.300267292249146  105.92707710283867  643.0709781127048  263.4077496934624  
716.3566905669271  1072.028121150721  1193.6898560374188  115.96981706015481  1017.3926162921643  934.3646350894848  123.2550870468433  620.3976330053893  -115.24632671568725  378.9755221690498  0.0  1218.9345712636953  396.6820477907263  1230.9614979103608  -312.1531697868352  421.533993295493  329.7025369047369  391.2757894612989  484.90259927188845  1022.0465002817546  642.3832718625122  
-502.5778806967681  -146.90645011297408  -25.244715226276412  -1102.9647542035405  -201.5419549715308  -284.56993617421045  -1095.679484216852  -598.536938258306  -1334.1808979793825  -839.9590490946455  -1218.9345712636953  0.0  -822.252523472969  12.026926646665686  -1531.0877410505304  -797.4005779682022  -889.2320343589583  -827.6587818023963  -734.0319719918068  -196.88807098194064  -576.5512994011831  
319.6746427762008  675.3460733599948  797.0078082466925  -280.7122307305715  620.710568501438  537.6825872987584  -273.426960743883  223.71558521466295  -511.92837450641355  -17.70652562167652  -396.6820477907263  822.252523472969  0.0  834.2794501196346  -708.8352175775615  24.851945504766718  -66.97951088598938  -5.406258329427374  88.22055148116215  625.3644524910283  245.70122407178587  
-514.6048073434338  -158.93337675963977  -37.2716418729421  -1114.9916808502062  -213.56888161819649  -296.59686282087614  -1107.7064108635177  -610.5638649049716  -1346.207824626048  -851.9859757413111  -1230.9614979103608  -12.026926646665686  -834.2794501196346  0.0  -1543.1146676971962  -809.4275046148679  -901.258961005624  -839.685708449062  -746.0588986384724  -208.91499762860633  -588.5782260478487  
1028.5098603537622  1384.1812909375562  1505.843025824254  428.12298684699  1329.5457860789995  1246.51780487632  435.4082568336785  932.5508027922244  196.90684307114793  691.128691955885  312.1531697868352  1531.0877410505304  708.8352175775615  1543.1146676971962  0.0  733.6871630823282  641.8557066915721  703.4289592481341  797.0557690587236  1334.1996700685897  954.5364416493474  
294.8226972714341  650.494127855228  772.1558627419258  -305.5641762353382  595.8586229966713  512.8306417939917  -298.2789062486497  198.86363970989623  -536.7803200111803  -42.55847112644324  -421.533993295493  797.4005779682022  -24.851945504766718  809.4275046148679  -733.6871630823282  0.0  -91.8314563907561  -30.25820383419409  63.36860597639543  600.5125069862615  220.84927856701916  
386.6541536621902  742.3255842459841  863.9873191326819  -213.7327198445821  687.6900793874274  604.6620981847478  -206.44744985789362  290.69509610065234  -444.94886362042416  49.272985264312865  -329.7025369047369  889.2320343589583  66.97951088598938  901.258961005624  -641.8557066915721  91.8314563907561  0.0  61.57325255656201  155.20006236715153  692.3439633770176  312.68073495777526  
325.0809011056282  680.7523316894221  802.4140665761199  -275.3059724011441  626.1168268308654  543.0888456281858  -268.0207024144556  229.12184354409032  -506.5221161769862  -12.300267292249146  -391.2757894612989  827.6587818023963  5.406258329427374  839.685708449062  -703.4289592481341  30.25820383419409  -61.57325255656201  0.0  93.62680981058952  630.7707108204556  251.10748240121325  
231.45409129503867  587.1255218788326  708.7872567655304  -368.93278221173364  532.4900170202759  449.4620358175963  -361.64751222504515  135.4950337335008  -600.1489259875757  -105.92707710283867  -484.90259927188845  734.0319719918068  -88.22055148116215  746.0588986384724  -797.0557690587236  -63.36860597639543  -155.20006236715153  -93.62680981058952  0.0  537.1439010098661  157.48067259062373  
-305.68980971482745  49.98162086896656  171.64335575566423  -906.0766832215998  -4.653883989590156  -87.68186519226981  -898.7914132349113  -401.6488672763653  -1137.2928269974418  -643.0709781127048  -1022.0465002817546  196.88807098194064  -625.3644524910283  208.91499762860633  -1334.1996700685897  -600.5125069862615  -692.3439633770176  -630.7707108204556  -537.1439010098661  0.0  -379.6632284192424  
73.97341870441494  429.64484928820895  551.3065841749067  -526.4134548023574  375.00934442965223  291.9813632269726  -519.1281848156689  -21.98563885712292  -757.6295985781994  -263.4077496934624  -642.3832718625122  576.5512994011831  -245.70122407178587  588.5782260478487  -954.5364416493474  -220.84927856701916  -312.68073495777526  -251.10748240121325  -157.48067259062373  379.6632284192424  0.0  



slope_matrix
0.0  0.0042362009359670555  0.008721599953782052  -0.016117768416289188  0.003021842257832135  0.002366564747313913  -0.006705425642673161  -0.003668159692719337  -0.012742920890018609  -0.009885179267444399  -0.008645281743726568  0.009486181213604531  -0.016047923834146625  0.008277381491771494  -0.01693020346261337  -0.006274158273492958  -0.005074867484738026  -0.0042881005290282045  -0.005437023521142557  0.004082395963071948  -0.0010844952163086782  
-0.00423569644615689  0.0  0.0010427850765980773  -0.014049350537701195  -0.001435887118490321  -0.0012993250218144064  -0.01166428613356132  -0.0058744860580818405  -0.016588996057935006  -0.012462733303033111  -0.012750096588376796  0.0011351139708930156  -0.009116442674945933  0.0012251938911944848  -0.02151688622629498  -0.008588515023174387  -0.016878708145656757  -0.01999859963834965  -0.00861127765622142  -0.0011214184623954803  -0.004823134814640873  
-0.008743967127138517  -0.001043142715310792  0.0  -0.0211028008415364  -0.001265675741758293  -0.0037173913553316235  -0.012675367305986686  -0.007236710717394971  -0.0110626790293535  -0.012522507437263589  -0.01567550697357083  0.0002641489507824256  -0.017758641003714184  0.00035295115409983045  -0.013231201351588208  -0.016056474583945223  -0.00727507004995522  -0.006922076815901518  -0.007411766775755834  -0.0018079140062741124  -0.009245456719351109  
0.016018860018857318  0.014036974072684866  0.02125261366549525  0.0  0.00935959712627982  0.012963643561370662  0.00012953663673633987  0.009696805381492396  -0.0027205099867730564  0.01783089526162  -0.0022895859323637207  0.01255652042581444  0.015949558564237017  0.011458140795912097  -0.005319619617880095  0.01883872849786302  0.0027560634409359397  0.0037354948765419825  0.006080975477364985  0.0183527786757464  0.0140677032282832  
-0.0030270078001532158  0.0014400502071311733  0.001265040002190386  -0.009395693133541896  0.0  -0.0005824481319023476  -0.007581291582544693  -0.0049905089036678205  -0.020153717847114797  -0.007816076078882402  -0.008430498974910211  0.0015248691455816811  -0.006533726681839539  0.0017795923807865717  -0.025460470817292215  -0.005706911435654357  -0.022756124400642865  -0.02653037401825701  -0.007803194856686341  5.733502512738889e-05  -0.00313291014561113  
-0.0023755905472655292  0.0012996930330554793  0.003717924314665721  -0.013013115249313562  0.0005820806309778439  0.0  -0.02812446421784471  -0.002822682748216268  -0.007429296162267638  -0.007677482899093655  -0.041601274937198784  0.0020021806527419296  -0.00747924032965306  0.0019564436861535368  -0.009113970935704614  -0.010844378130555969  -0.0047194981125877914  -0.004446445436615243  -0.003842869663283142  0.0014071876936650588  -0.010609787907956853  
0.006688034680710455  0.011659985671671104  0.012714512044073827  -0.0001289633744612149  0.007571661692313668  0.028222322478867135  0.0  0.004948661616151164  -0.0018411410665626876  0.003975753033616395  -0.013098308931651785  0.007875164299953654  0.003973593767622662  0.007454232547987683  -0.0035054203110351703  0.006711946585253144  0.0018814130124659948  0.0026013850569198836  0.003437060560967926  0.023802738697958455  0.018330797486428987  
0.0036569762790220222  0.00585848343683139  0.007223034182084284  -0.0095662396348423  0.004965540754055974  0.002805781966792632  -0.004932459033222997  0.0  -0.01844181398147597  -0.005928833763171402  -0.006416357772317605  0.011152169522234134  -0.005140523557322219  0.010172504038669327  -0.02635813461820872  -0.003029149119724238  -0.005373291979679341  -0.004050235876685351  -0.008128076408728303  0.0052661448443210345  0.0002550834070904156  
0.01265758017172929  0.01675757865725347  0.011015199720214643  0.0027099876204388427  0.020135803431250696  0.007429296162267638  0.001840146699811207  0.018254192548910086  0.0  0.006797164748792973  0.0009182242587497988  0.017043700791765235  0.006544724808315182  0.02104765204230844  -0.023003135872797655  0.005528688021538575  0.015042219865463967  0.012333141372704802  0.024327074421871736  0.011457715363665542  0.006555590538878596  
0.01001428223205335  0.01248293586062088  0.012598025883228222  -0.01783089526162  0.007783675861047483  0.007674300302893947  -0.0039701977196430135  0.006019000519479917  -0.006802778374187708  0.0  -0.0063767313719952515  0.01039926519536276  0.0007915299786176361  0.009660690725145549  -0.01014277505071742  0.0015380726825602905  -0.0007788963841971683  0.00020704035166216371  0.0021917458535658735  0.014749334360383138  0.005645258244609138  
0.008633820136757748  0.012762239537508584  0.015683745316481656  0.0022837245635208996  0.00842770556902058  0.04180602394136397  0.012812379110898471  0.00644435060772192  -0.0009193963040740905  0.006353213226417827  0.0  0.009136002362924093  0.006286462144668489  0.008614688804125947  -0.0025831940564948292  0.010883914105228324  0.0030220214198417683  0.0037943734431855987  0.004799590213519632  0.025304444176324697  0.02944011328425812  
-0.009487972072810423  -0.0011363432094134752  -0.0002634322782664762  -0.012557950064938409  -0.0015129641541290503  -0.001994183154689632  -0.007873466590616997  -0.011246466333301503  -0.0170545941196393  -0.01032398044609938  -0.009125742648207286  0.0  -0.011589182853741635  0.0003446110787010225  -0.019208226584500443  -0.008172599958677895  -0.008740240164723396  -0.007708473333355652  -0.011389169464574194  -0.0016324357099903875  -0.004853533962464711  
0.016080213419325997  0.009110293718602384  0.017774482788730877  -0.016207403621857477  0.006530976825806105  0.007448158848853836  -0.003989246739088764  0.005141705015276096  -0.006547235893418769  -0.0007769427653214796  -0.006301441562337791  0.011603902391659173  0.0  0.010421979389377072  -0.009620456264624884  0.0009184015338051263  -0.0008989331752246595  -7.543160175562464e-05  0.0016376564225201809  0.010033121329873709  0.005089089148131439  
-0.008349907631728602  -0.001227844166528687  -0.0003542258303834071  -0.011555515399007215  -0.0017758929121752577  -0.001959545869588241  -0.007493565940316449  -0.01018608072779853  -0.020972235934351893  -0.00958892950829266  -0.008654663877146057  -0.00034609860853714204  -0.010479581084281304  0.0  -0.02186024461959479  -0.007619575492938604  -0.009714982871678603  -0.008053766626213908  -0.011927400457849279  -0.0016308615672680645  -0.004618110835997244  
0.01681945805975081  0.02179126717470964  0.013176785315227984  0.005300519832202427  0.025436116052783616  0.009116637203805456  0.003513056776131019  0.02608533714104124  0.023247561165424785  0.010139798884329298  0.0025814850296628777  0.0191961853190889  0.009621762149824372  0.021897469386933394  0.0  0.007928324649690168  0.0273479210350052  0.020120965653550746  0.03961509786574173  0.014511634436247442  0.008597878234996824  
0.006290221832119354  0.008568152369009853  0.016099997138071847  -0.018850350168743875  0.00568133698509412  0.010805533961103913  -0.0067089272660515  0.003062738945170125  -0.005525273494711068  -0.0015386287464368487  -0.0108447129739  0.008201178421970608  -0.0009207834570124756  0.007586012226943466  -0.00791976644087142  0.0  -0.0010663197444351613  -0.00036779146510506976  0.0008700893309954061  0.012886534484683724  0.010135350094860907  
0.005082873059842122  0.016967441925622495  0.007253692545820518  -0.00276569254457275  0.02255461067193924  0.004722815732131124  -0.0018802135688332751  0.005382245808195748  -0.015175609263998096  0.0007818626668408896  -0.0030228526350484725  0.008766952916878224  0.0008960469683744399  0.009763394659361109  -0.027785961328639485  0.0010709207742362228  0.0  0.005063589848401481  0.004043774423323385  0.009480267881377758  0.002999911109639981  
0.004297737983945375  0.020140601529272845  0.0069262593035547375  -0.0037558795689105608  0.026285341176778564  0.0044504535411635324  -0.0026138160953233435  0.00405597173914127  -0.01230318475047331  -0.00020833786064107632  -0.0037962141210953616  0.00773296068207415  7.562152340053117e-05  0.008061498737030165  -0.020138246757747898  0.0003700404039891658  -0.00503872770511964  0.0  0.0020626734332927126  0.009590553608338994  0.0025356708310735458  
0.005465267799174466  0.008603706303817831  0.007423410732776816  -0.006045105394260751  0.007752074785562322  0.003841884227862179  -0.0034337971156954534  0.008094088036648794  -0.02433693941555457  -0.0021876719765146356  -0.004790580905669714  0.011431739168226238  -0.0016358344424469153  0.011849728377358202  -0.03955611757115254  -0.0008704478842911461  -0.003992798105663791  -0.002059950491971343  0.0  0.006925527346697604  0.0017252483850857113  
-0.004075864129531033  0.0011219219050273078  0.001835954174303821  -0.018487587904950004  -5.726447630847983e-05  -0.0014078655297410053  -0.023859607465752886  -0.0052827682135520885  -0.011456561166489793  -0.01474595226124065  -0.025291920323725677  0.0016295983362186778  -0.009862237068144271  0.001629462352127402  -0.014497442899799954  -0.012889300428981789  -0.009495871120244378  -0.009526819375025761  -0.006903275941522505  0.0  -0.008067641912861079  
0.0010867257044867775  0.004818266785782314  0.009225344447371263  -0.014078990500196774  0.0031326484373039197  0.010594389086610036  -0.018356725064203282  -0.00025645210378074095  -0.006543700108638793  -0.00562356425477076  -0.029643898101638772  0.004868287590992004  -0.005098593568619752  0.004601862596152062  -0.008578560633138738  -0.010135350094860907  -0.002985018949477568  -0.002528267039883339  -0.0017218529695016808  0.00805736902417747  0.0  
