Height_Data

node	height
0	23.06543330933098
1	72.22428612568477
2	71.88771213547659
3	95.55994481054475
4	131.89925015936254
5	4.983135545715142
6	20.635517768558692
7	62.847195530662745
8	21.111572308773905
9	12.159205294529709
10	139.743079689858
11	18.43745624285268
12	13.444610401685017
13	28.774784773137103
14	29.921026045375886
15	24.58544709642662
16	379.51623222098783
17	471.6113762878368
18	22.786964250129294
19	16.82022782141472
20	8.453537854953716



height_matrix
0.0  -49.158852816353786  -48.822278826145606  -72.49451150121376  -108.83381685003155  18.082297763615838  2.4299155407722886  -39.78176222133176  1.953861000557076  10.906228014801272  -116.67764638052702  4.6279770664783015  9.620822907645964  -5.709351463806122  -6.855592736044905  -1.520013787095639  -356.4507989116569  -448.5459429785058  0.2784690592016865  6.245205487916262  14.611895454377265  
49.158852816353786  0.0  0.3365739902081799  -23.33565868485998  -59.67496403367777  67.24115057996963  51.58876835712608  9.377090595022025  51.11271381691087  60.06508083115506  -67.51879356417324  53.786829882832095  58.77967572399975  43.44950135254767  42.30326008030889  47.63883902925815  -307.29194609530305  -399.387090162152  49.437321875555476  55.40405830427005  63.770748270731055  
48.822278826145606  -0.3365739902081799  0.0  -23.67223267506816  -60.01153802388595  66.90457658976145  51.2521943669179  9.040516604813845  50.77613982670269  59.72850684094688  -67.85536755438142  53.450255892623915  58.44310173379157  43.11292736233949  41.96668609010071  47.30226503904997  -307.62852008551124  -399.7236641523602  49.100747885347296  55.06748431406187  63.434174280522875  
72.49451150121376  23.33565868485998  23.67223267506816  0.0  -36.33930534881779  90.5768092648296  74.92442704198606  32.712749279882004  74.44837250177085  83.40073951601504  -44.18313487931326  77.12248856769207  82.11533440885974  66.78516003740765  65.63891876516887  70.97449771411813  -283.9562874104431  -376.051431477292  72.77298056041545  78.73971698913003  87.10640695559104  
108.83381685003155  59.67496403367777  60.01153802388595  36.33930534881779  0.0  126.9161146136474  111.26373239080385  69.05205462869979  110.78767785058864  119.74004486483283  -7.843829530495469  113.46179391650986  118.45463975767753  103.12446538622544  101.97822411398666  107.31380306293592  -247.6169820616253  -339.7121261284742  109.11228590923324  115.07902233794782  123.44571230440883  
-18.082297763615838  -67.24115057996963  -66.90457658976145  -90.5768092648296  -126.9161146136474  0.0  -15.65238222284355  -57.8640599849476  -16.12843676305876  -7.176069748814567  -134.75994414414288  -13.454320697137536  -8.461474855969875  -23.79164922742196  -24.937890499660742  -19.602311550711477  -374.5330966752727  -466.62824074212165  -17.80382870441415  -11.837092275699575  -3.4704023092385734  
-2.4299155407722886  -51.58876835712608  -51.2521943669179  -74.92442704198606  -111.26373239080385  15.65238222284355  0.0  -42.21167776210405  -0.47605454021521254  8.476312474028983  -119.10756192129932  2.198061525706013  7.190907366873676  -8.13926700457841  -9.285508276817193  -3.9499293278679275  -358.8807144524291  -450.97585851927806  -2.151446481570602  3.815289947143974  12.181979913604977  
39.78176222133176  -9.377090595022025  -9.040516604813845  -32.712749279882004  -69.05205462869979  57.8640599849476  42.21167776210405  0.0  41.735623221888844  50.68799023613303  -76.89588415919526  44.40973928781007  49.40258512897773  34.072410757525645  32.92616948528686  38.261748434236125  -316.6690366903251  -408.764180757174  40.06023128053345  46.02696770924803  54.39365767570903  
-1.953861000557076  -51.11271381691087  -50.77613982670269  -74.44837250177085  -110.78767785058864  16.12843676305876  0.47605454021521254  -41.735623221888844  0.0  8.952367014244196  -118.6315073810841  2.6741160659212255  7.666961907088888  -7.663212464363198  -8.80945373660198  -3.473874787652715  -358.4046599122139  -450.49980397906285  -1.6753919413553895  4.291344487359186  12.65803445382019  
-10.906228014801272  -60.06508083115506  -59.72850684094688  -83.40073951601504  -119.74004486483283  7.176069748814567  -8.476312474028983  -50.68799023613303  -8.952367014244196  0.0  -127.5838743953283  -6.27825094832297  -1.2854051071553076  -16.615579478607394  -17.761820750846177  -12.42624180189691  -367.3570269264581  -459.45217099330705  -10.627758955599585  -4.661022526885009  3.7056674395759934  
116.67764638052702  67.51879356417324  67.85536755438142  44.18313487931326  7.843829530495469  134.75994414414288  119.10756192129932  76.89588415919526  118.6315073810841  127.5838743953283  0.0  121.30562344700533  126.298469288173  110.96829491672091  109.82205364448212  115.15763259343139  -239.77315253112982  -331.86829659797877  116.9561154397287  122.92285186844329  131.2895418349043  
-4.6279770664783015  -53.786829882832095  -53.450255892623915  -77.12248856769207  -113.46179391650986  13.454320697137536  -2.198061525706013  -44.40973928781007  -2.6741160659212255  6.27825094832297  -121.30562344700533  0.0  4.992845841167663  -10.337328530284424  -11.483569802523206  -6.1479908535739405  -361.0787759781351  -453.1739200449841  -4.349508007276615  1.6172284214379609  9.983918387898964  
-9.620822907645964  -58.77967572399975  -58.44310173379157  -82.11533440885974  -118.45463975767753  8.461474855969875  -7.190907366873676  -49.40258512897773  -7.666961907088888  1.2854051071553076  -126.298469288173  -4.992845841167663  0.0  -15.330174371452086  -16.47641564369087  -11.140836694741603  -366.07162181930283  -458.1667658861518  -9.342353848444278  -3.3756174197297018  4.991072546731301  
5.709351463806122  -43.44950135254767  -43.11292736233949  -66.78516003740765  -103.12446538622544  23.79164922742196  8.13926700457841  -34.072410757525645  7.663212464363198  16.615579478607394  -110.96829491672091  10.337328530284424  15.330174371452086  0.0  -1.1462412722387825  4.189337676710483  -350.7414474478507  -442.83659151469965  5.987820523007809  11.954556951722385  20.321246918183387  
6.855592736044905  -42.30326008030889  -41.96668609010071  -65.63891876516887  -101.97822411398666  24.937890499660742  9.285508276817193  -32.92616948528686  8.80945373660198  17.761820750846177  -109.82205364448212  11.483569802523206  16.47641564369087  1.1462412722387825  0.0  5.335578948949266  -349.59520617561196  -441.6903502424609  7.134061795246591  13.100798223961167  21.46748819042217  
1.520013787095639  -47.63883902925815  -47.30226503904997  -70.97449771411813  -107.31380306293592  19.602311550711477  3.9499293278679275  -38.261748434236125  3.473874787652715  12.42624180189691  -115.15763259343139  6.1479908535739405  11.140836694741603  -4.189337676710483  -5.335578948949266  0.0  -354.9307851245612  -447.02592919141017  1.7984828462973255  7.765219275011901  16.131909241472904  
356.4507989116569  307.29194609530305  307.62852008551124  283.9562874104431  247.6169820616253  374.5330966752727  358.8807144524291  316.6690366903251  358.4046599122139  367.3570269264581  239.77315253112982  361.0787759781351  366.07162181930283  350.7414474478507  349.59520617561196  354.9307851245612  0.0  -92.09514406684895  356.72926797085853  362.6960043995731  371.0626943660341  
448.5459429785058  399.387090162152  399.7236641523602  376.051431477292  339.7121261284742  466.62824074212165  450.97585851927806  408.764180757174  450.49980397906285  459.45217099330705  331.86829659797877  453.1739200449841  458.1667658861518  442.83659151469965  441.6903502424609  447.02592919141017  92.09514406684895  0.0  448.8244120377075  454.79114846642204  463.15783843288307  
-0.2784690592016865  -49.437321875555476  -49.100747885347296  -72.77298056041545  -109.11228590923324  17.80382870441415  2.151446481570602  -40.06023128053345  1.6753919413553895  10.627758955599585  -116.9561154397287  4.349508007276615  9.342353848444278  -5.987820523007809  -7.134061795246591  -1.7984828462973255  -356.72926797085853  -448.8244120377075  0.0  5.966736428714576  14.333426395175579  
-6.245205487916262  -55.40405830427005  -55.06748431406187  -78.73971698913003  -115.07902233794782  11.837092275699575  -3.815289947143974  -46.02696770924803  -4.291344487359186  4.661022526885009  -122.92285186844329  -1.6172284214379609  3.3756174197297018  -11.954556951722385  -13.100798223961167  -7.765219275011901  -362.6960043995731  -454.79114846642204  -5.966736428714576  0.0  8.366689966461003  
-14.611895454377265  -63.770748270731055  -63.434174280522875  -87.10640695559104  -123.44571230440883  3.4704023092385734  -12.181979913604977  -54.39365767570903  -12.65803445382019  -3.7056674395759934  -131.2895418349043  -9.983918387898964  -4.991072546731301  -20.321246918183387  -21.46748819042217  -16.131909241472904  -371.0626943660341  -463.15783843288307  -14.333426395175579  -8.366689966461003  0.0  



slope_matrix
0.0  -0.0009159465775359379  -0.0007753260096259426  -0.001210258956614587  -0.0011129340101240573  0.0002344361899056908  4.019046544446392e-05  -0.0006357656212956349  0.00011439467216376324  0.0001925194706937559  -0.001211731710255759  0.00014861840290553312  0.00016417786531819053  -6.326151206433377e-05  -7.67445733353286e-05  -1.942013270851717e-05  -0.011244504697528608  -0.013357532548496302  3.8104687903897993e-06  6.35385643291918e-05  0.00021812054716192366  
0.0009152644352328018  0.0  2.8426857281096275e-05  -0.0027166075302514528  -0.0007664393017425863  0.0005583839245644002  0.00147945994715016  0.0005591586520585584  0.0010355087888353094  0.0009245048611844707  -0.0008842167831871823  0.001002737320709025  0.0011884285427416043  0.0011241785602211557  0.001069344289188799  0.0013225663250765727  -0.004469701034113499  -0.0056546381164116095  0.0013109870558354673  0.0009365121417219414  0.00070031570690458  
0.0007725044118061014  -2.8355011811978088e-05  0.0  -0.002458175771035115  -0.0007879666232127882  0.0005203301933393071  0.0013192328022372688  0.0006039089248372642  0.0008628061143025095  0.0008162977564705054  -0.0009088583921026174  0.0009076287297100342  0.0011174589241642748  0.0015803859003790137  0.0015139497146500977  0.0015493699652489345  -0.004024970824094089  -0.005104375739399313  0.001648727305508455  0.0011556659877032921  0.0006390644289350589  
0.0012098549983513645  0.002691540794101497  0.0023935523432829283  0.0  -0.00043719087282023325  0.0007033398503259767  0.002359081455981929  0.0033482854943584447  0.0013562947022603131  0.0012552790414812618  -0.0005413273080043281  0.0012409089069620608  0.0014165143075532127  0.002006765626124028  0.001775464397218525  0.0024457097765030367  -0.0036753337744038716  -0.004751723925667071  0.0018574012394184647  0.0013760873294150651  0.0009364266497053434  
0.001115900921255322  0.0007667347299714476  0.0007871397956963005  0.00043914568397362887  0.0  0.0008256801049609162  0.0010273659500535904  0.0007660534127878832  0.0010697921770045254  0.0009277858737396004  -0.001941541962993928  0.001501214526548159  0.0029576689078071794  0.0011824844098867727  0.0014120496277206683  0.0010167105927326946  -0.002419788742906531  -0.003259880300628291  0.002153390288321161  0.002245882559288599  0.0008150383751776629  
-0.0002354404542019197  -0.0005534661051433409  -0.0005145674667150803  -0.0006971146936822591  -0.0008168058811157567  0.0  -0.0001181989837404364  -0.00043371479957236896  -0.00017750475185510732  -5.900839355662372e-05  -0.0008684608860169933  -0.0001729769570606901  -7.331601715581595e-05  -0.00015360252840656953  -0.00016349391598862356  -0.00013073873045460683  -0.007404620246244098  -0.009470646845854998  -0.00013270494931026268  -7.403689166129544e-05  -2.905050442603505e-05  
-4.029710681214409e-05  -0.0014828619820961794  -0.0013124761681669115  -0.0023487281204384344  -0.001027081439959419  0.0001181829194881046  0.0  -0.001695248102895745  -9.685748529302392e-06  0.0002110110150368181  -0.0011149261623261194  2.762772153979403e-05  9.163893675128935e-05  -0.00015725013532802185  -0.00015217155484787272  -0.00013700760762635892  -0.004092560404744263  -0.005034842287339408  -3.162450179433791e-05  4.477514314216611e-05  0.0001846314021461803  
0.0006286525532360703  -0.000553874222978265  -0.0005963401454362695  -0.0032943352749125886  -0.0007644420970740595  0.000431876133426984  0.0017027703816903611  0.0  0.0007268355344192689  0.0008215233425629341  -0.0008656521913677278  0.0006341530670828226  0.0007502290832039139  0.0010765374646927535  0.0008578991528214399  0.0019461723516905455  -0.003781122826153135  -0.0047736094915003385  0.000907551511758534  0.0007440505610935666  0.0006215707653492061  
-0.00011439467216376324  -0.0010280111387150216  -0.0008588656939564055  -0.0013715364953072135  -0.0010629154547691514  0.0001774090788029915  9.660197650471033e-06  -0.0007351574434462815  0.0  0.00022572786218467462  -0.0011547893252320072  6.198692781458566e-05  0.00011576267412183132  -8.989000087228535e-05  -0.00010169056604642711  -4.803477305935723e-05  -0.007590102920631383  -0.009175148757211055  -2.2503585511825244e-05  4.3059848358009096e-05  0.00023414788112874934  
-0.00019255346071329928  -0.0009263584335465  -0.0008168559469494924  -0.0012530159182093604  -0.000923706278367915  5.898414240236861e-05  -0.00020944681181193434  -0.0008138726755962273  -0.00022572786218467462  0.0  -0.0009957377225889978  -7.591597277295006e-05  -1.3857321120691113e-05  -0.00018252861121176967  -0.0001778494117437286  -0.00018140498980871402  -0.004466889918852846  -0.005461866036534796  -0.00011271353224731769  -3.997789284574157e-05  0.0001309423123525086  
0.0012093454226837377  0.000879379963065554  0.0009024520222686716  0.0005407972445448379  0.0020112383411526845  0.0008793413690229942  0.0011105600179142129  0.0008631258744998906  0.0011572676556539274  0.0009966711537796134  0.0  0.0015959166352717449  0.0031394101239913745  0.001315257732804562  0.0015829065097215642  0.0011029368125029344  -0.002353717017091684  -0.0031987305696190723  0.002361318704617983  0.002539728344389324  0.0008728777463925557  
-0.000147013248617481  -0.0009929265254353349  -0.0009083999981751175  -0.0012317918634034831  -0.0015006188852864683  0.00017434425752079844  -2.723744145856274e-05  -0.0006333391227582725  -6.051405444492477e-05  7.509869555410252e-05  -0.0015994939800501758  0.0  0.0001369403686551745  -0.00012366704785601656  -0.00014295493343113665  -6.880795583182922e-05  -0.013447999105330918  -0.015773544032195757  -7.042597162041152e-05  1.859524458362609e-05  0.00010398831775751447  
-0.00016317542244989762  -0.001159133814316698  -0.001125637552653921  -0.0014300824522615768  -0.0029673005951322026  7.492605977074386e-05  -9.098959087528377e-05  -0.0007538926465584881  -0.00011465473167472541  1.3759420971476211e-05  0.0  -0.0001369403686551745  0.0  -0.00020483931549241164  -0.0002537175183814424  -0.00013512233711026808  -0.005846855483457959  -0.007104462178417612  -0.0002377189274413302  -5.7320723717604034e-05  4.3093356473245564e-05  
6.29545866557076e-05  -0.0011038999327374916  -0.0015688838195902289  -0.002003154170288172  -0.0011796438502199203  0.00015402016706968918  0.0001573413300711079  -0.0010684355834909265  8.919943271947944e-05  0.000182709253118621  -0.001310597554230789  0.00012313673055728915  0.00020571892607960395  0.0  -7.481992638634351e-05  0.00014044041826049224  -0.003438304552963932  -0.004262552618295309  0.00014459841881206976  0.00029121941417106903  0.00017405778944910825  
7.670164171005712e-05  -0.001064768690669743  -0.0015068828039533468  -0.0017630652367759568  -0.0014091228978027727  0.00016445348223541616  0.00015297377721280384  -0.0008599156303287246  0.00010231653584903578  0.00017869034960609834  -0.001577449779438123  0.00014221139074332143  0.00025258566699408057  7.419037360768818e-05  0.0  0.00012454666080647213  -0.003524855879971889  -0.004370575403151207  0.0002548789494550408  0.0005038768547677372  0.00017145186638784578  
1.9532431085783076e-05  -0.0013203669354007249  -0.0015377849492539002  -0.002443184086544514  -0.0010134364871701648  0.00013059327357870966  0.000136439700444488  -0.00192851554608045  4.8281789960426894e-05  0.00018180309878415378  -0.0011044070987468364  6.929656056778563e-05  0.00013411384007152525  -0.00014025234940443534  -0.0001238240647238168  0.0  -0.0034190423381616534  -0.004229595318302679  3.122366052599524e-05  0.00011283375871856875  0.00017264457664247542  
0.010988002432541827  0.004431030224878198  0.003952569961268293  0.003650292934958775  0.0023993893610622604  0.007442878652556044  0.004048653171774431  0.0037577908708950405  0.007482351981465843  0.004433466412339586  0.0023272168546164206  0.01296978361990428  0.005757653693288815  0.0034152039673597924  0.0034841061010126764  0.00340559187415622  0.0  -0.04898677875896221  0.004351949102974973  0.0033679636400740375  0.004151982705225849  
0.01347389435201279  0.005689274788634644  0.005080371938896291  0.004781935802101882  0.003264893091095379  0.009505372486649726  0.005039286847084411  0.004802210770173567  0.009241021620083341  0.005488617500815997  0.003194727537523862  0.015795535728301988  0.0071110781605797264  0.004276548445337515  0.004364960472798309  0.004254553432867709  0.06180882152137513  0.0  0.005419275682657661  0.004190078758673503  0.005146770068150718  
-3.7954076489258078e-06  -0.001297908161605552  -0.0016437597631598305  -0.0018683212384897807  -0.0021348520037024698  0.00013405387132401798  3.165241767181007e-05  -0.0009085806917632499  2.249452123194669e-05  0.00011171826926941643  -0.0023632272265049245  6.987161457472474e-05  0.00023844092413272447  -0.0001471932281958655  -0.00025588456941343584  -3.121824069254167e-05  -0.004422629159073376  -0.005437659462535831  0.0  0.0002327120292010365  0.00012040848786269808  
-6.354502938457736e-05  -0.000932885305678903  -0.0011503548007951092  -0.0013729680381714042  -0.0022401989943147326  7.437181392237782e-05  -4.4822485281296686e-05  -0.0007438100793349713  -4.323772783233437e-05  3.982418426935244e-05  -0.002528236360930549  -1.8501640789817652e-05  5.7030198001853385e-05  -0.0002932913874318544  -0.0005083740094668672  -0.00011394305612636686  -0.003399212787249982  -0.0041885351673091  -0.0002327120292010365  0.0  5.935927610117774e-05  
-0.00021976079793017394  -0.0007134709644189599  -0.0006495343512817079  -0.0009446422547807859  -0.0008161699987068353  2.9016499103172827e-05  -0.00018415691479372603  -0.000618390833057174  -0.00023633372766654573  -0.00013243986560314486  -0.0008767248202664728  -0.00010482904649200928  -4.3635885178626515e-05  -0.00017435647291448638  -0.00017121803295891858  -0.00017273700868907703  -0.004180046123307808  -0.005146770068150718  -0.00012198660761851557  -5.984756771431332e-05  0.0  
