Height_Data

node	height
0	107.28243082925097
1	20.640338835083227
2	6.556889361260132
3	55.87939594205555
4	23.37080032728867
5	15.288484741120158
6	129.91044315560464
7	17.916720615537848
8	8.658065471189783
9	19.473626132399044
10	57.07137357000601
11	14.329616322385155
12	25.43405508938773
13	42.15038481708245
14	39.07002392910659
15	12.983392960094008
16	14.604827482064294
17	30.333376229091066
18	20.226715493108745
19	8.799820249443048
20	23.2299606659457



height_matrix
0.0  519.8525519650065  604.353248807945  308.4182093231725  503.46978301177376  551.9636765287848  -135.76807395812205  536.1942612822787  591.7461921483671  526.8528281811116  301.26634355546975  557.7168870411949  491.0902544391794  390.7922760730111  409.27444140086624  565.7942272149418  556.06562008312  461.6943276009594  522.3342920168533  590.8956634788475  504.31482097983155  
-519.8525519650065  0.0  84.50069684293857  -211.43434264183392  -16.38276895323267  32.11112456377842  -655.6206259231285  16.341709317272276  71.89364018336067  7.000276216105107  -218.58620840953668  37.86433507618844  -28.762297525827023  -129.0602758919953  -110.57811056414019  45.941675249935315  36.2130681181136  -58.158224364047015  2.4817400518468844  71.04311151384107  -15.537730985174846  
-604.353248807945  -84.50069684293857  0.0  -295.9350394847725  -100.88346579617124  -52.389572279160156  -740.121322766067  -68.1589875256663  -12.607056659577907  -77.50042062683346  -303.0869052524753  -46.636361766750134  -113.26299436876559  -213.56097273493387  -195.07880740707876  -38.55902159300326  -48.28762872482498  -142.65892120698558  -82.01895679109168  -13.457585329097498  -100.03842782811341  
-308.4182093231725  211.43434264183392  295.9350394847725  0.0  195.05157368860125  243.54546720561234  -444.18628328129455  227.7760519591062  283.32798282519457  218.43461885793903  -7.151865767702759  249.29867771802236  182.6720451160069  82.37406674983862  100.85623207769373  257.37601789176927  247.64741075994752  153.2761182777869  213.9160826936808  282.477454155675  195.89661165665908  
-503.46978301177376  16.38276895323267  100.88346579617124  -195.05157368860125  0.0  48.49389351701109  -639.2378569698958  32.724478270504946  88.27640913659334  23.383045169337777  -202.203439456304  54.24710402942111  -12.379528572594353  -112.67750693876263  -94.19534161090752  62.324444203167985  52.59583707134627  -41.775455410814345  18.864509005079555  87.42588046707374  0.8450379680578237  
-551.9636765287848  -32.11112456377842  52.389572279160156  -243.54546720561234  -48.49389351701109  0.0  -687.7317504869069  -15.769415246506142  39.78251561958225  -25.11084834767331  -250.6973329733151  5.753210512410021  -60.87342208960544  -161.17140045577372  -142.6892351279186  13.830550686156897  4.101943554335179  -90.26934892782543  -29.629384511931534  38.93198695006266  -47.648855548953264  
135.76807395812205  655.6206259231285  740.121322766067  444.18628328129455  639.2378569698958  687.7317504869069  0.0  671.9623352404008  727.5142661064891  662.6209021392335  437.0344175135918  693.4849609993169  626.8583283973014  526.5603500311331  545.0425153589883  701.5623011730638  691.8336940412421  597.4624015590814  658.1023659749753  726.6637374369695  640.0828949379536  
-536.1942612822787  -16.341709317272276  68.1589875256663  -227.7760519591062  -32.724478270504946  15.769415246506142  -671.9623352404008  0.0  55.55193086608839  -9.34143310116717  -234.92791772680897  21.522625758916163  -45.1040068430993  -145.4019852092676  -126.91981988141247  29.59996593266304  19.87135880084132  -74.49993368131929  -13.859969265425391  54.7014021965688  -31.879440302447122  
-591.7461921483671  -71.89364018336067  12.607056659577907  -283.32798282519457  -88.27640913659334  -39.78251561958225  -727.5142661064891  -55.55193086608839  0.0  -64.89336396725557  -290.4798485928973  -34.02930510717223  -100.6559377091877  -200.95391607535598  -182.47175074750086  -25.95196493342535  -35.68057206524707  -130.0518645474077  -69.41190013151379  -0.8505286695195906  -87.43137116853552  
-526.8528281811116  -7.000276216105107  77.50042062683346  -218.43461885793903  -23.383045169337777  25.11084834767331  -662.6209021392335  9.34143310116717  64.89336396725557  0.0  -225.5864846256418  30.864058860083333  -35.76257374193213  -136.0605521081004  -117.5783867802453  38.94139903383021  29.21279190200849  -65.15850058015212  -4.518536164258222  64.04283529773596  -22.538007201279953  
-301.26634355546975  218.58620840953668  303.0869052524753  7.151865767702759  202.203439456304  250.6973329733151  -437.0344175135918  234.92791772680897  290.4798485928973  225.5864846256418  0.0  256.4505434857251  189.82391088370966  89.52593251754138  108.00809784539649  264.52788365947197  254.79927652765028  160.42798404548967  221.06794846138357  289.62931992337775  203.04847742436183  
-557.7168870411949  -37.86433507618844  46.636361766750134  -249.29867771802236  -54.24710402942111  -5.753210512410021  -693.4849609993169  -21.522625758916163  34.02930510717223  -30.864058860083333  -256.4505434857251  0.0  -66.62663260201546  -166.92461096818374  -148.44244564032863  8.077340173746876  -1.6512669580748423  -96.02255944023545  -35.382595024341555  33.17877643765264  -53.402066061363286  
-491.0902544391794  28.762297525827023  113.26299436876559  -182.6720451160069  12.379528572594353  60.87342208960544  -626.8583283973014  45.1040068430993  100.6559377091877  35.76257374193213  -189.82391088370966  66.62663260201546  0.0  -100.29797836616828  -81.81581303831317  74.70397277576234  64.97536564394062  -29.395926838219992  31.244037577673907  99.80540903966809  13.224566540652177  
-390.7922760730111  129.0602758919953  213.56097273493387  -82.37406674983862  112.67750693876263  161.17140045577372  -526.5603500311331  145.4019852092676  200.95391607535598  136.0605521081004  -89.52593251754138  166.92461096818374  100.29797836616828  0.0  18.482165327855114  175.00195114193062  165.2733440101089  70.90205152794829  131.5420159438422  200.10338740583637  113.52254490682046  
-409.27444140086624  110.57811056414019  195.07880740707876  -100.85623207769373  94.19534161090752  142.6892351279186  -545.0425153589883  126.91981988141247  182.47175074750086  117.5783867802453  -108.00809784539649  148.44244564032863  81.81581303831317  -18.482165327855114  0.0  156.5197858140755  146.7911786822538  52.419886200093174  113.05985061598707  181.62122207798126  95.04037957896534  
-565.7942272149418  -45.941675249935315  38.55902159300326  -257.37601789176927  -62.324444203167985  -13.830550686156897  -701.5623011730638  -29.59996593266304  25.95196493342535  -38.94139903383021  -264.52788365947197  -8.077340173746876  -74.70397277576234  -175.00195114193062  -156.5197858140755  0.0  -9.728607131821718  -104.09989961398233  -43.45993519808843  25.10143626390576  -61.47940623511016  
-556.06562008312  -36.2130681181136  48.28762872482498  -247.64741075994752  -52.59583707134627  -4.101943554335179  -691.8336940412421  -19.87135880084132  35.68057206524707  -29.21279190200849  -254.79927652765028  1.6512669580748423  -64.97536564394062  -165.2733440101089  -146.7911786822538  9.728607131821718  0.0  -94.37129248216061  -33.73132806626671  34.83004339572748  -51.75079910328844  
-461.6943276009594  58.158224364047015  142.65892120698558  -153.2761182777869  41.775455410814345  90.26934892782543  -597.4624015590814  74.49993368131929  130.0518645474077  65.15850058015212  -160.42798404548967  96.02255944023545  29.395926838219992  -70.90205152794829  -52.419886200093174  104.09989961398233  94.37129248216061  0.0  60.6399644158939  129.20133587788808  42.62049337887217  
-522.3342920168533  -2.4817400518468844  82.01895679109168  -213.9160826936808  -18.864509005079555  29.629384511931534  -658.1023659749753  13.859969265425391  69.41190013151379  4.518536164258222  -221.06794846138357  35.382595024341555  -31.244037577673907  -131.5420159438422  -113.05985061598707  43.45993519808843  33.73132806626671  -60.6399644158939  0.0  68.56137146199418  -18.01947103702173  
-590.8956634788475  -71.04311151384107  13.457585329097498  -282.477454155675  -87.42588046707374  -38.93198695006266  -726.6637374369695  -54.7014021965688  0.8505286695195906  -64.04283529773596  -289.62931992337775  -33.17877643765264  -99.80540903966809  -200.10338740583637  -181.62122207798126  -25.10143626390576  -34.83004339572748  -129.20133587788808  -68.56137146199418  0.0  -86.58084249901592  
-504.31482097983155  15.537730985174846  100.03842782811341  -195.89661165665908  -0.8450379680578237  47.648855548953264  -640.0828949379536  31.879440302447122  87.43137116853552  22.538007201279953  -203.04847742436183  53.402066061363286  -13.224566540652177  -113.52254490682046  -95.04037957896534  61.47940623511016  51.75079910328844  -42.62049337887217  18.01947103702173  86.58084249901592  0.0  



slope_matrix
0.0  0.008598288983873742  0.00616372512807695  0.004925234898166281  0.00910762993870792  0.007022438632681741  -0.026884767120420205  0.011442472498554818  0.005973613892069121  0.009674124645264627  0.005123577271351526  0.007800236182394334  0.009201616159624872  0.017207938180229462  0.013013081981522566  0.011653846080637317  0.0077381800735196226  0.012736395244164398  0.01876200761554789  0.005931496320807543  0.016513255434834038  
-0.00857700960179849  0.0  0.0016334950095290657  -0.0018094509425916467  -0.000525257100135706  0.0009843998946590564  -0.01109153486589627  0.0001553246774762121  0.0006797167456118056  0.00014611304980390537  -0.0019083831710279089  0.0006408993750201158  -0.0011841209356042413  -0.002279008933286161  -0.0020692011707361562  0.0005055201942114361  0.0004568319429558925  -0.0022004625185034813  3.830436875824795e-05  0.0011004199429033622  -0.0001741312449307951  
-0.006199766606564885  -0.0016290861161160318  0.0  -0.002089051528199721  -0.002069404426588128  -0.0006862663384747204  -0.007711203612899219  -0.00047244047636838085  -8.210391833004173e-05  -0.0012406022190945007  -0.002131562734738556  -0.00042648707605624265  -0.0015142111546626415  -0.002211921001915421  -0.002058010416785302  -0.0002943212090146039  -0.000383022358410605  -0.0021523675498941698  -0.0009129447550210562  -0.0001312807075319237  -0.0007824671711232961  
-0.004977698665641906  0.001823967759160058  0.002093484999184865  0.0  0.002048000563719039  0.0017899857945436744  -0.007452789987941183  0.005248296128090005  0.0018609391318567788  0.0024576352256743816  -0.0010471252954176806  0.0019040607784161182  0.0016350881231293134  0.000995685616635102  0.001109761469148598  0.00284361968723643  0.001956758934576071  0.0016673133718893387  0.00399395225342944  0.0017703525580074894  0.004453207812154105  
-0.009034089054580545  0.0005250887485010471  0.0020809295750035322  -0.0020315756034642355  0.0  0.0007681592510218769  -0.012245466782305195  0.00032717934683568233  0.0007658229299609035  0.0013901929351568239  -0.002094504241312451  0.0006821818917180723  -0.0002728571428828378  -0.001913030678077464  -0.0016459084677775209  0.0006690761589175307  0.0005991096602272043  -0.0014545771382595523  0.0004268954289450001  0.0009457581184235584  1.0142078349229762e-05  
-0.0069194393447258975  -0.0009568273111972115  0.0006831343366691897  -0.0017813448449796104  -0.0007623627341143074  0.0  -0.008707669669370813  -0.00013034729084564507  0.0004379887220035478  -0.0003172564541714885  -0.0018651687595663648  0.0001323794411507138  -0.002233887049159833  -0.0023341260022559556  -0.00231525612733926  0.00014505034804569372  5.740998676466311e-05  -0.0020185453695846472  -0.00033358910731740076  0.0011884000900507527  -0.00044998447019504453  
0.03071675881405476  0.011110330891766286  0.007675218529151374  0.007373610280233973  0.012516895574111921  0.00868896715713085  0.0  0.013450006710176156  0.0072663503771085896  0.013186485614711115  0.007746090349407866  0.00957455420404966  0.011544352272510156  0.02173085510425212  0.016832170574070854  0.013659702125643765  0.00948744112177894  0.01706060541288068  0.027838509559009107  0.007226889482217499  0.01924482546415976  
-0.011430276301050495  -0.00015510354325429267  0.0004689623470872871  -0.00521584730842927  -0.00032981735809821557  0.00013098608893185598  -0.013439246704808016  0.0  0.00048259865229856997  -9.523328678934824e-05  -0.006306789737632455  0.00020429640017955542  -0.0004739807360561086  -0.002646077983790129  -0.001933574343105004  0.0005780114417626057  0.00021889577881517209  -0.0009191848696029523  -0.0002405409452520894  0.00038991661698316917  -0.0017869641425138521  
-0.0059435541240884186  -0.0006815144437284761  8.170483901217049e-05  -0.0018575229976083038  -0.0007643640933119175  -0.0004396343863364156  -0.007192358613424377  -0.0004817616066784181  0.0  -0.0005233335803810933  -0.001990405979120853  -0.0006805861021434446  -0.0012239292036623018  -0.002634424699467173  -0.002694901059629314  -0.0003960318164722318  -0.0012590180686396285  -0.0015196525420356122  -0.0005759845666875263  -1.0434654269655142e-05  -0.0008012405715591599  
-0.00961059518754308  -0.00014675631480304206  0.0012327090922034907  -0.0024626225350387713  -0.0013960026966768821  0.00031721637629703525  -0.012982384446301598  9.518476769071906e-05  0.0005220705065748638  0.0  -0.0025040124833571073  0.0003443880702977386  -0.0006164898076526828  -0.002127941071443547  -0.0018385986986746723  0.0004023703144640443  0.0003017227009089908  -0.0016841173579775683  -0.00010817658999899981  0.0006028128322452557  -0.0002767437033555986  
-0.005111407254079907  0.0019029007435321379  0.002126179622956684  0.0010471252954176806  0.0020968934922358604  0.0018568797346368055  -0.007672654801853788  0.00635111970064366  0.0019945059639721045  0.00249791257474966  0.0  0.0019989909072080842  0.0017231654945870521  0.0011593619854641463  0.0012486485300045836  0.0031453969519556714  0.002120676458823556  0.001765272711768152  0.004037770748153124  0.001846654679440052  0.005403099452484349  
-0.007765481579520954  -0.0006415400463595744  0.00041249214370024884  -0.0018866253800364943  -0.0006812395332088548  -0.00013189386777647918  -0.009448023991816306  -0.00020408330892201937  0.0006755867601185672  -0.00034721632197191285  -0.001998523562077035  0.0  -0.0018154395804363887  -0.002972304326356548  -0.003234744947490273  0.00011901193714081149  -5.270561628071632e-05  -0.001878743092158784  -0.00039122727802235244  0.0006939714795576791  -0.000560357461294473  
-0.009025735240565694  0.0011706266799278399  0.0015059365567372538  -0.0016238958584408117  0.0002715404380915629  0.0022790498723176877  -0.011569921159049491  0.00047165122705321863  0.0012169742196734095  0.0006142661240455536  -0.0017318119777731016  0.0018149450450017832  0.0  -0.0022951482463654067  -0.0022439882895862085  0.0010121118110792892  0.0011371257550567137  -0.0013905358012403024  0.00047993913329760226  0.0019728288009422433  0.00016419874026138784  
-0.016580071110437467  0.0023120794677892386  0.002205069413886772  -0.000984982264137733  0.001927429129982255  0.0023580307308818395  -0.02052866861719817  0.002641271302620665  0.0026199989058064664  0.002134618012364299  -0.001159512142436749  0.0029823943356831113  0.002326019906451027  0.0  0.0016620652273251003  0.004954755128593732  0.0033388554345476548  0.00236261417953843  0.0029037331613836824  0.0022816805861554886  0.0027547329509056166  
-0.012713939964613284  0.0020730804380228755  0.002036313229718985  -0.001090207997726689  0.0016361879730920187  0.002312254660961248  -0.016134587944672697  0.0019315145317518256  0.002681436454775913  0.0018472645212921491  -0.0012413297074519768  0.003246772651800714  0.002242758032848497  -0.0016635612356305234  0.0  0.00402157723057748  0.0035934193067871183  0.0018207671483186237  0.002127945090737744  0.002263192798479517  0.00183228030805794  
-0.01138877268951171  -0.0005065234316420652  0.0002900046750376298  -0.0028354744727527737  -0.0006677142083047781  -0.00014509447746201675  -0.013554140285414679  -0.000578124334622325  0.0003977922276735952  -0.00040075536723093764  -0.0031360744950737636  -0.0001195226424052512  -0.0010204066763524428  -0.004913025018021634  -0.004035055060945488  0.0  -0.000213206380272227  -0.0016042518048078646  -0.0005828853969700702  0.00023196965404219353  -0.0012440187421106873  
-0.007616189616401913  -0.00045879979878517166  0.000381298394858062  -0.0019510549969270269  -0.0005988368105584227  -5.809295502528224e-05  -0.009273785794308952  -0.00021822269713201538  0.001252389331879504  -0.0003032259902637377  -0.0021143413536440984  5.438955724884197e-05  -0.0011526586064208022  -0.0033234133120874504  -0.003566355167207332  0.0002121833616536907  0.0  -0.0015987005333247604  -0.00036344497431598655  0.0004536343239870732  -0.0006180675875228526  
-0.012799953634625988  0.0022368547832325777  0.0021270153750855164  -0.001660449770098439  0.0014475209775056945  0.0020271580715882647  -0.017282684453545888  0.000924890548495584  0.0015061015002594985  0.0016915498592978224  -0.0017825331560609964  0.0018677797984873654  0.0014173542352082927  -0.0023246574271458455  -0.00183350423924775  0.0016077204573588006  0.001595457184820974  0.0  0.0013517602411032969  0.0018515525347934665  0.0006588420679992606  
-0.019049390664363723  -3.8572273109214866e-05  0.0009188769526225822  -0.003957012258484662  -0.00043728579056744445  0.0003327648754709292  -0.027838509559009107  0.00024024907723046266  0.0005754115902471507  0.00010822841111995742  -0.004049605210869822  0.00038907625933958163  -0.00048171504128390237  -0.0029361401741890177  -0.0021351787617983997  0.0005844531360689676  0.00036317106014499047  -0.001349053713368051  0.0  0.0006067914989113566  -0.00043949929358589587  
-0.005847557283313681  -0.0010963443134852017  0.00013139606843485158  -0.0017587787445095262  -0.0009505912848436853  -0.001190216660044716  -0.007114389440346285  -0.0003880632959461464  1.0401475718718242e-05  -0.000608309605791565  -0.0018349551439646335  -0.0006941166618755782  -0.00199690694357079  -0.0022633569438506545  -0.0022657338083580496  -0.00023105151200207807  -0.00045181013614901386  -0.00185447589892189  -0.0006064158098531239  0.0  -0.0006878592396839272  
-0.016605690516293434  0.00017448322274199715  0.0007806963307953286  -0.004434056397841989  -1.0252826596188106e-05  0.0004531512653252807  -0.01927960526921547  0.0017879663658130747  0.0008051512217380561  0.00027725436340607644  -0.005377343152128226  0.000558774364982351  -0.00016547255431246467  -0.0027865131297697705  -0.0018479560485896432  0.0012564767266525683  0.0006221543532494403  -0.0006573179114570044  0.000440789408929103  0.0006923697920752972  0.0  
