Height_Data

node	height
0	25.567109340848912
1	102.42650367642798
2	291.3866140788119
3	3.4953845234100656
4	24.56318424874272
5	26.66062719889324
6	51.40774600359771
7	62.69972307974123
8	100.91355939330982
9	26.639222927918592
10	4.7262789867566175
11	52.53278258354823
12	26.412182859860433
13	39.43099707284345
14	21.49576356439061
15	23.388574608442475
16	36.03175229695889
17	141.09563541225592
18	13.622787214388289
19	154.50731547955746
20	291.73919721470935



height_matrix
0.0  -269.00788017452675  -930.3682665828704  77.25103686103597  3.513737822371681  -3.8273125031551416  -90.44222831962078  -129.9641480861231  -263.7125751836132  -3.7523975547438795  72.94290623932304  -94.37985634944762  -2.9577573165403237  -48.523607061980854  14.249710217604061  7.624871563422531  -36.62625034638492  -404.3498412499245  41.80512744261219  -451.2907214854799  -931.6023075585116  
269.00788017452675  0.0  -661.3603864083436  346.2589170355627  272.52161799689844  265.1805676713716  178.56565185490598  139.04373208840366  5.295304990913564  265.25548261978287  341.9507864138498  174.62802382507914  266.0501228579864  220.4842731125459  283.25759039213085  276.6327517379493  232.38162982814185  -135.34196107539776  310.81300761713896  -182.28284131095313  -662.5944273839848  
930.3682665828704  661.3603864083436  0.0  1007.6193034439063  933.882004405242  926.5409540797152  839.9260382632497  800.4041184967473  666.6556913992572  926.6158690281266  1003.3111728221934  835.9884102334228  927.4105092663301  881.8446595208895  944.6179768004745  937.993138146293  893.7420162364855  526.0184253329459  972.1733940254826  479.0775450973905  -1.2340409756411646  
-77.25103686103597  -346.2589170355627  -1007.6193034439063  0.0  -73.73729903866429  -81.07834936419111  -167.69326518065674  -207.21518494715906  -340.96361204464915  -81.00343441577985  -4.308130621712932  -171.63089321048358  -80.2087941775763  -125.77464392301682  -63.00132664343191  -69.62616529761344  -113.87728720742089  -481.6008781109605  -35.44590941842378  -528.5417583465158  -1008.8533444195475  
-3.513737822371681  -272.52161799689844  -933.882004405242  73.73729903866429  0.0  -7.3410503255268225  -93.95596614199246  -133.47788590849478  -267.2263130059849  -7.26613537711556  69.42916841695136  -97.8935941718193  -6.471495138912005  -52.037344884352535  10.73597239523238  4.11113374105085  -40.1399881687566  -407.8635790722962  38.29138962024051  -454.8044593078516  -935.1160453808832  
3.8273125031551416  -265.1805676713716  -926.5409540797152  81.07834936419111  7.3410503255268225  0.0  -86.61491581646564  -126.13683558296796  -259.885262680458  0.07491494841126212  76.77021874247818  -90.55254384629248  0.8695551866148179  -44.69629455882571  18.077022720759203  11.452184066577672  -32.79893784322978  -400.52252874676935  45.63243994576733  -447.4634089823247  -927.7749950553564  
90.44222831962078  -178.56565185490598  -839.9260382632497  167.69326518065674  93.95596614199246  86.61491581646564  0.0  -39.52191976650232  -173.27034686399242  86.6898307648769  163.38513455894383  -3.93762802982684  87.48447100308046  41.91862125763993  104.69193853722484  98.06709988304331  53.81597797323586  -313.90761293030374  132.24735576223298  -360.8484931658591  -841.1600792388908  
129.9641480861231  -139.04373208840366  -800.4041184967473  207.21518494715906  133.47788590849478  126.13683558296796  39.52191976650232  0.0  -133.7484270974901  126.21175053137922  202.90705432544615  35.58429173667548  127.00639076958278  81.44054102414225  144.21385830372716  137.58901964954563  93.33789773973818  -274.3856931638014  171.7692755287353  -321.3265733993568  -801.6381594723885  
263.7125751836132  -5.295304990913564  -666.6556913992572  340.96361204464915  267.2263130059849  259.885262680458  173.27034686399242  133.7484270974901  0.0  259.9601776288693  336.65548142293625  169.33271883416558  260.75481786707286  215.18896812163234  277.9622854012173  271.33744674703576  227.0863248372283  -140.63726606631133  305.5177026262254  -187.5781463018667  -667.8897323748984  
3.7523975547438795  -265.25548261978287  -926.6158690281266  81.00343441577985  7.26613537711556  -0.07491494841126212  -86.6898307648769  -126.21175053137922  -259.9601776288693  0.0  76.69530379406692  -90.62745879470374  0.7946402382035558  -44.771209507236975  18.00210777234794  11.37726911816641  -32.87385279164104  -400.59744369518063  45.55752499735607  -447.538323930736  -927.8499100037677  
-72.94290623932304  -341.9507864138498  -1003.3111728221934  4.308130621712932  -69.42916841695136  -76.77021874247818  -163.38513455894383  -202.90705432544615  -336.65548142293625  -76.69530379406692  0.0  -167.32276258877067  -75.90066355586336  -121.46651330130389  -58.693196021718975  -65.3180346759005  -109.56915658570796  -477.2927474892476  -31.137778796710847  -524.2336277248029  -1004.5452137978345  
94.37985634944762  -174.62802382507914  -835.9884102334228  171.63089321048358  97.8935941718193  90.55254384629248  3.93762802982684  -35.58429173667548  -169.33271883416558  90.62745879470374  167.32276258877067  0.0  91.4220990329073  45.85624928746677  108.62956656705168  102.00472791287015  57.7536060030627  -309.9699849004769  136.18498379205982  -356.91086513603227  -837.2224512090639  
2.9577573165403237  -266.0501228579864  -927.4105092663301  80.2087941775763  6.471495138912005  -0.8695551866148179  -87.48447100308046  -127.00639076958278  -260.75481786707286  -0.7946402382035558  75.90066355586336  -91.4220990329073  0.0  -45.56584974544053  17.207467534144385  10.582628879962854  -33.6684930298446  -401.3920839333842  44.76288475915251  -448.33296416893955  -928.6445502419713  
48.523607061980854  -220.4842731125459  -881.8446595208895  125.77464392301682  52.037344884352535  44.69629455882571  -41.91862125763993  -81.44054102414225  -215.18896812163234  44.771209507236975  121.46651330130389  -45.85624928746677  45.56584974544053  0.0  62.773317279584916  56.148478625403385  11.897356715595933  -355.82623418794367  90.32873450459304  -402.76711442349904  -883.0787004965307  
-14.249710217604061  -283.25759039213085  -944.6179768004745  63.00132664343191  -10.73597239523238  -18.077022720759203  -104.69193853722484  -144.21385830372716  -277.9622854012173  -18.00210777234794  58.693196021718975  -108.62956656705168  -17.207467534144385  -62.773317279584916  0.0  -6.624838654181531  -50.87596056398898  -418.5995514675286  27.555417225008128  -465.540431703084  -945.8520177761156  
-7.624871563422531  -276.6327517379493  -937.993138146293  69.62616529761344  -4.11113374105085  -11.452184066577672  -98.06709988304331  -137.58901964954563  -271.33744674703576  -11.37726911816641  65.3180346759005  -102.00472791287015  -10.582628879962854  -56.148478625403385  6.624838654181531  0.0  -44.25112190980745  -411.9747128133471  34.18025587918966  -458.91559304890245  -939.2271791219341  
36.62625034638492  -232.38162982814185  -893.7420162364855  113.87728720742089  40.1399881687566  32.79893784322978  -53.81597797323586  -93.33789773973818  -227.0863248372283  32.87385279164104  109.56915658570796  -57.7536060030627  33.6684930298446  -11.897356715595933  50.87596056398898  44.25112190980745  0.0  -367.7235909035396  78.43137778899711  -414.664471139095  -894.9760572121266  
404.3498412499245  135.34196107539776  -526.0184253329459  481.6008781109605  407.8635790722962  400.52252874676935  313.90761293030374  274.3856931638014  140.63726606631133  400.59744369518063  477.2927474892476  309.9699849004769  401.3920839333842  355.82623418794367  418.5995514675286  411.9747128133471  367.7235909035396  0.0  446.1549686925367  -46.94088023555537  -527.252466308587  
-41.80512744261219  -310.81300761713896  -972.1733940254826  35.44590941842378  -38.29138962024051  -45.63243994576733  -132.24735576223298  -171.7692755287353  -305.5177026262254  -45.55752499735607  31.137778796710847  -136.18498379205982  -44.76288475915251  -90.32873450459304  -27.555417225008128  -34.18025587918966  -78.43137778899711  -446.1549686925367  0.0  -493.0958489280921  -973.4074350011238  
451.2907214854799  182.28284131095313  -479.0775450973905  528.5417583465158  454.8044593078516  447.4634089823247  360.8484931658591  321.3265733993568  187.5781463018667  447.538323930736  524.2336277248029  356.91086513603227  448.33296416893955  402.76711442349904  465.540431703084  458.91559304890245  414.664471139095  46.94088023555537  493.0958489280921  0.0  -480.31158607303166  
931.6023075585116  662.5944273839848  1.2340409756411646  1008.8533444195475  935.1160453808832  927.7749950553564  841.1600792388908  801.6381594723885  667.8897323748984  927.8499100037677  1004.5452137978345  837.2224512090639  928.6445502419713  883.0787004965307  945.8520177761156  939.2271791219341  894.9760572121266  527.252466308587  973.4074350011238  480.31158607303166  0.0  



slope_matrix
0.0  -0.009628055840176333  -0.0107420421034854  0.0008412121662260405  3.9946542471910064e-05  -4.013961723288035e-05  -0.001112313716881328  -0.0031506460142090445  -0.007862628955981311  -4.7504716479856684e-05  0.0010118170956058736  -0.0018534928583944937  -3.6985836145308535e-05  -0.0007315484254783786  0.0009992784163817714  0.00010327606072629731  -0.0007009808678733956  -0.005449458776953161  0.0006708139833538541  -0.005859320464360108  -0.01093045063426624  
0.009697472248540978  0.0  -0.010605352486463392  0.0029726133172700113  0.0026746650112562413  0.003902583777356462  0.0033122918170080872  0.01003925863454178  0.0009372221222855866  0.002792162974945083  0.003955428929842915  0.007582632384936133  0.005108489302188679  0.00573580315069058  0.007399623573462143  0.004677591338145913  0.00816233332729687  -0.002830237579995771  0.004052849232196362  -0.0036405600421600386  -0.010778975897317187  
0.010717293705596941  0.010579904119408482  0.0  0.005479616626934803  0.008066701255983778  0.032647672800553744  0.033146252496576545  0.016007762214690652  0.010462103410167092  0.00801362854819793  0.006747126284933581  0.01603968553786306  0.01608691256316271  0.016513944934848118  0.010092072401714471  0.03477913007587293  0.024083589766545014  0.03140408509450423  0.010131027449202612  0.03308546582164299  -0.00048584290379573406  
-0.0008429838155940198  -0.0029762671225336316  -0.0054737524768521985  0.0  -0.0005914598463035557  -0.0004164890988600825  -0.0009703292145089818  -0.0015712404075459438  -0.0028695809800088298  -0.000707206516638553  -8.094946677401225e-05  -0.0012322635047887622  -0.00048552538848411803  -0.0008168245481427252  -0.0007862389447576677  -0.0004325143825171664  -0.0008109762655420944  -0.0029658879055977365  -0.0003058846170040023  -0.0030963014765380157  -0.0055821022764319566  
-3.988306401030273e-05  -0.0026804526211950275  -0.008072279405352597  0.0005966283602125115  0.0  -5.1494460757062446e-05  -0.0007332862416451453  -0.0012164210872914862  -0.0024911560828375584  -0.0006318378588796139  0.0005086758620921046  -0.0008054434274462671  -4.3108813874980046e-05  -0.00038352995934811713  0.0001331510901058214  4.507327859939535e-05  -0.0003929129617145321  -0.003596046368121109  0.0014234717330944427  -0.003920390132814857  -0.008222246068591253  
4.0118579697642995e-05  -0.0038825851782045622  -0.03260172252215747  0.0004145448981726067  5.150529941434661e-05  0.0  -0.004544329266341325  -0.0023068185000542788  -0.003798936744342319  5.261250678507066e-07  0.0005025840665035135  -0.0018009654702922132  2.4107435170912612e-05  -0.0011618480519580377  0.0001706345357821333  0.00020875289950013986  -0.000609759022926748  -0.012698875356587487  0.00037184191611609627  -0.01656658307968622  -0.03038896151507882  
0.0011153314628144133  -0.003307383809129579  -0.03322492239965386  0.0009473981671637745  0.00073477724362237  0.004549102721453028  0.0  -0.0009789923152465276  -0.0032027790547872904  0.0006786959270717678  0.0011801788094491072  -0.00010062938997768566  0.002268199922299208  0.0012307287509583068  0.0011425508953096675  0.0024358445077755416  0.0013791895943935381  -0.018841993573247524  0.0012238326463282713  -0.030020673308307745  -0.03230261441009565  
0.003157535181878598  -0.009889312381821029  -0.01610114699959259  0.001567282982362998  0.0012065252274111433  0.002321252035019653  0.0009806927981762363  0.0  -0.009438844537578693  0.0012190838455653358  0.0020499596319035586  0.002911971500546275  0.003084925692727296  0.003030909602684862  0.002789436330826444  0.002628754674236638  0.004801332188258137  -0.007713746961395559  0.0020155981639138148  -0.008587027616230807  -0.016419945504442524  
0.008099280564607285  -0.0009372221222855866  -0.01047031916255842  0.002855330760006441  0.002488835922566684  0.0038139897663700914  0.0032027790547872904  0.009519461003380077  0.0  0.002587183296465658  0.003920479340207244  0.008078851089416297  0.005261396647842471  0.005916661207633554  0.006351971787047927  0.004213968733452955  0.006883489688912649  -0.0028393786934709842  0.0037181173497167507  -0.003650800823313871  -0.010638405447108175  
4.7360817300818874e-05  -0.002803969160885654  -0.008016401669937941  0.0007131839621040663  0.0006379398926352556  -5.258665478819466e-07  -0.000677105606224142  -0.0012267860665958323  -0.002594412950387917  0.0  0.0006081137313199089  -0.0007901949498186742  5.528316670401808e-06  -0.00034569693079481876  0.0002562212891025895  0.0001248739887846165  -0.0003356529792897799  -0.0035350992207481523  0.00200959527998924  -0.0038610846685422826  -0.008165536478075929  
-0.0010086131946809049  -0.0039481219061533734  -0.0067662371213107015  8.148535316271859e-05  -0.0005064495471365625  -0.0005036061082154944  -0.0011805198991260456  -0.0020601583324917623  -0.0039305493388627835  -0.0006050434190128346  0.0  -0.0015918672887592228  -0.0005937160791290939  -0.001025986259830255  -0.0008681141254506578  -0.0004595298659493074  -0.0009578477029286216  -0.003564253477976026  -0.0002578057525808151  -0.0038637217276170054  -0.0068154663333005495  
0.0018692782006228485  -0.007589223112780493  -0.016095271664101324  0.0012319716124042349  0.0008033942894691777  0.0018041949361684096  0.0001012503993269951  -0.002926339780976602  -0.008125370385516582  0.0007897817759887037  0.0015917158568580082  0.0  0.0031180797760200305  0.002924505694353748  0.001779937187728194  0.0017213082671763442  0.002174458057344228  -0.008074237689514896  0.0014121213582751952  -0.009429613345734009  -0.01608496544109633  
3.7525467096426334e-05  -0.005124231950269384  -0.016106469421089443  0.00048403110360012246  4.336881878375556e-05  -2.3836490861151808e-05  -0.002261749508869712  -0.0030924370774186214  -0.005270968624763955  -5.531395226253347e-06  0.0005967033298416931  -0.003090672719165223  0.0  -0.0031381439218622956  0.00019132163146702675  0.00013491367771497774  -0.0006426511362825844  -0.007671867047656425  0.000357103189143618  -0.008853336575216026  -0.015557791091338102  
0.0007355405041985881  -0.00572835212035713  -0.01652322764700936  0.0008125291931406697  0.0003856903712151833  0.0011507799834919081  -0.0012318137307563892  -0.003023034187978554  -0.005924806391014106  0.0003454035604631768  0.0010102845654271304  -0.0028393962407100167  0.0031555297607645796  0.0  0.0008204589894077234  0.0008467573311024489  0.0003123485617116286  -0.008853601248766949  0.0008115060147748903  -0.010253745275547328  -0.01651231676321112  
-0.000979361526983097  -0.007403491646422657  -0.010110435371941288  0.0007825862894195556  -0.0001325101505212587  -0.00017081189379910424  -0.0011405593042512784  -0.0027964680687168346  -0.006337489407232496  -0.0002546627213516472  0.0008688723486213228  -0.001773833549429322  -0.00019057999262536699  -0.0008189604341759285  0.0  -8.217363748674685e-05  -0.000861720199254556  -0.005167895697129983  0.0004515060990497809  -0.005438556445129486  -0.010278765678940618  
-0.00010329005098106923  -0.004677591338145913  -0.03498668922589679  0.0004302426329952014  -4.507327859939535e-05  -0.0002089433327235481  -0.002408919181602636  -0.00260733408469861  -0.004215278029315454  -0.00012492883625965092  0.0004595621973805891  -0.0017189876628390655  -0.00013463904427433657  -0.000844719100728199  8.221442857013565e-05  0.0  -0.0012878673431259444  -0.015057555292885492  0.0004787150683359896  -0.016051612208775882  -0.03779586233891083  
0.0007012492886537416  -0.008094100655804314  -0.02418133160813002  0.000810151229039085  0.00039279761394223116  0.0006110085291212701  -0.001380604873607898  -0.004725969505809528  -0.006860614043420794  0.00033929046126164765  0.0009563428492874109  -0.0021835011721384762  0.0006438801497388525  -0.0003122665804618355  0.0008624505944056448  0.0012871181474638585  0.0  -0.016460321884670528  0.0009981086509162269  -0.015392148149186897  -0.02515390829713678  
0.005452398075106857  0.0028254516831673192  -0.029938441965449394  0.0029629136789093378  0.0035982671290012897  0.012666746639682775  0.018774378763774146  0.007752979377915329  0.0028636612177783253  0.0035385340844022667  0.0035639607195923568  0.00810802994769754  0.007668935497389839  0.008849197567469377  0.005169810441738034  0.015168435670594517  0.016386969291601588  0.0  0.004769670394403856  -0.010030102614434908  -0.031609860090442865  
-0.0006726488727693031  -0.0041020589628763225  -0.010146888571396333  0.00030451812215140703  -0.0014277177337897282  -0.00037196315573661013  -0.0012216845797896811  -0.0020492636068806407  -0.0037546725159914637  -0.002017605181459525  0.00025767774575232414  -0.0014240822314342762  -0.0003590221748408126  -0.0008178246673118428  -0.0004482013211614855  -0.00047918485741188364  -0.0009943125987448924  -0.004769670394403856  0.0  -0.00512946893714857  -0.01037194922750265  
0.005835907429011766  0.003628963593688097  -0.03297161356485826  0.0030814449193495713  0.0039258045689067895  0.01654820299490846  0.029772977983981774  0.008518732062549226  0.003646542501980301  0.003867758395391375  0.0038557647246254653  0.009367739242415546  0.008862086660781568  0.010227707324111199  0.005442371191291606  0.01625055216178833  0.01535225735427971  0.010094812953882875  0.005134275811412871  0.0  -0.032808168447611454  
0.010901033320366389  0.010679944349446089  0.00048584290379573406  0.005578891936359022  0.008217910584241877  0.03037901097103328  0.03221601222669057  0.01618457449824127  0.010559354514156271  0.008164099516091225  0.006776844499148865  0.016020330103502945  0.015526576663467167  0.0164938121123745  0.010256473842725175  0.03758412081320264  0.02502729466476864  0.03238651512952009  0.010357601989797018  0.03285304966299806  0.0  
