Height_Data

node	height
0	17.132817536532457
1	90.895097033762
2	33.77460655784728
3	62.77428935215693
4	91.67557648519929
5	56.94028811581091
6	29.186997940058326
7	77.41386001785352
8	24.491183994299625
9	90.95403456603846
10	69.72369098419499
11	12.60098129475166
12	18.653510619889772
13	26.995156015588524
14	35.32940417739469
15	11.384887972775187
16	10.30863659854799
17	3.1700430720546775
18	41.205208383251644
19	34.64394611480125
20	55.27907823141418



height_matrix
0.0  -737.6227949722954  -166.4178902131482  -456.4147181562447  -745.4275894866682  -398.07470579278447  -120.54180403525868  -602.8104248132106  -73.5836645776717  -738.21217029506  -525.9087344766253  45.31836241780796  -15.206930833573153  -98.62338479056069  -181.96586640862233  57.47929563757269  68.24180937984467  139.6277446447778  -240.7239084671919  -175.11128578268796  -381.4626069488172  
737.6227949722954  0.0  571.2049047591472  281.2080768160507  -7.804794514372816  339.54808917951095  617.0809909370367  134.81237015908482  664.0391303946237  -0.5893753227645675  211.71406049567008  782.9411573901034  722.4158641387223  638.9994101817347  555.6569285636731  795.1020906098681  805.8646043521401  877.2505396170732  496.8988865051035  562.5115091896075  356.1601880234782  
166.4178902131482  -571.2049047591472  0.0  -289.9968279430965  -579.00969927352  -231.65681557963626  45.87608617788953  -436.3925346000624  92.83422563547651  -571.7942800819118  -359.49084426347713  211.7362526309562  151.21095937957506  67.79450542258752  -15.54797619547412  223.89718585072092  234.65969959299287  306.045634857926  -74.30601825404369  -8.693395569539746  -215.044716735669  
456.4147181562447  -281.2080768160507  289.9968279430965  0.0  -289.01287133042354  58.34001236346023  335.872914120986  -146.3957066569659  382.831053578573  -281.7974521388153  -69.49401632038064  501.7330805740527  441.20778732267155  357.791333365684  274.44885174762237  513.8940137938174  524.6565275360894  596.0424628010225  215.6908096890528  281.30343237355675  74.95211120742749  
745.4275894866682  7.804794514372816  579.00969927352  289.01287133042354  0.0  347.35288369388377  624.8857854514096  142.61716467345764  671.8439249089965  7.215419191608248  219.5188550100429  790.7459519044762  730.2206586530951  646.8042046961075  563.4617230780459  802.906885124241  813.6693988665129  885.055334131446  504.70368101947633  570.3163037039803  363.96498253785103  
398.07470579278447  -339.54808917951095  231.65681557963626  -58.34001236346023  -347.35288369388377  0.0  277.5329017575258  -204.73571902042613  324.4910412151128  -340.1374645022755  -127.83402868384087  443.39306821059245  382.8677749592113  299.4513210022238  216.10883938416214  455.5540014303572  466.3165151726291  537.7024504375622  157.35079732559257  222.9634200100965  16.61209884396726  
120.54180403525868  -617.0809909370367  -45.87608617788953  -335.872914120986  -624.8857854514096  -277.5329017575258  0.0  -482.2686207779519  46.95813945758698  -617.6703662598013  -405.36693044136666  165.86016645306665  105.33487320168553  21.918419244697986  -61.424062373363654  178.02109967283138  188.78361341510333  260.1695486800365  -120.18210443193323  -54.56948174742928  -260.92080291355853  
602.8104248132106  -134.81237015908482  436.3925346000624  146.3957066569659  -142.61716467345764  204.73571902042613  482.2686207779519  0.0  529.2267602355389  -135.4017454818494  76.90169033658526  648.1287872310186  587.6034939796375  504.1870400226499  420.84455840458827  660.2897204507833  671.0522341930553  742.4381694579884  362.0865163460187  427.69913903052264  221.3478178643934  
73.5836645776717  -664.0391303946237  -92.83422563547651  -382.831053578573  -671.8439249089965  -324.4910412151128  -46.95813945758698  -529.2267602355389  0.0  -664.6285057173883  -452.32506989895364  118.90202699547966  58.376733744098544  -25.039720212888994  -108.38220183095063  131.0629602152444  141.82547395751635  213.2114092224495  -167.1402438895202  -101.52762120501626  -307.8789423711455  
738.21217029506  0.5893753227645675  571.7942800819118  281.7974521388153  -7.215419191608248  340.1374645022755  617.6703662598013  135.4017454818494  664.6285057173883  0.0  212.30343581843465  783.530532712868  723.0052394614868  639.5887855044994  556.2463038864377  795.6914659326327  806.4539796749046  877.8399149398377  497.4882618278681  563.100884512372  356.7495633462428  
525.9087344766253  -211.71406049567008  359.49084426347713  69.49401632038064  -219.5188550100429  127.83402868384087  405.36693044136666  -76.90169033658526  452.32506989895364  -212.30343581843465  0.0  571.2270968944333  510.7018036430522  427.28534968606465  343.942868068003  583.388030114198  594.15054385647  665.5364791214031  285.18482600943344  350.7974486939374  144.44612752780813  
-45.31836241780796  -782.9411573901034  -211.7362526309562  -501.7330805740527  -790.7459519044762  -443.39306821059245  -165.86016645306665  -648.1287872310186  -118.90202699547966  -783.530532712868  -571.2270968944333  0.0  -60.525293251381115  -143.94174720836867  -227.2842288264303  12.160933219764729  22.923446962036707  94.30938222696983  -286.0422708849999  -220.42964820049593  -426.7809693666252  
15.206930833573153  -722.4158641387223  -151.21095937957506  -441.20778732267155  -730.2206586530951  -382.8677749592113  -105.33487320168553  -587.6034939796375  -58.376733744098544  -723.0052394614868  -510.7018036430522  60.525293251381115  0.0  -83.41645395698754  -166.75893557504918  72.68622647114584  83.44874021341782  154.83467547835096  -225.51697763361875  -159.9043549491148  -366.25567611524406  
98.62338479056069  -638.9994101817347  -67.79450542258752  -357.791333365684  -646.8042046961075  -299.4513210022238  -21.918419244697986  -504.1870400226499  25.039720212888994  -639.5887855044994  -427.28534968606465  143.94174720836867  83.41645395698754  0.0  -83.34248161806164  156.1026804281334  166.86519417040535  238.2511294353385  -142.1005236766312  -76.48790099212727  -282.8392221582565  
181.96586640862233  -555.6569285636731  15.54797619547412  -274.44885174762237  -563.4617230780459  -216.10883938416214  61.424062373363654  -420.84455840458827  108.38220183095063  -556.2463038864377  -343.942868068003  227.2842288264303  166.75893557504918  83.34248161806164  0.0  239.44516204619504  250.207675788467  321.59361105340014  -58.75804205856957  6.854580625934375  -199.49674054019488  
-57.47929563757269  -795.1020906098681  -223.89718585072092  -513.8940137938174  -802.906885124241  -455.5540014303572  -178.02109967283138  -660.2897204507833  -131.0629602152444  -795.6914659326327  -583.388030114198  -12.160933219764729  -72.68622647114584  -156.1026804281334  -239.44516204619504  0.0  10.762513742271977  82.1484490072051  -298.2032041047646  -232.59058142026066  -438.9419025863899  
-68.24180937984467  -805.8646043521401  -234.65969959299287  -524.6565275360894  -813.6693988665129  -466.3165151726291  -188.78361341510333  -671.0522341930553  -141.82547395751635  -806.4539796749046  -594.15054385647  -22.923446962036707  -83.44874021341782  -166.86519417040535  -250.207675788467  -10.762513742271977  0.0  71.38593526493312  -308.96571784703656  -243.3530951625326  -449.70441632866186  
-139.6277446447778  -877.2505396170732  -306.045634857926  -596.0424628010225  -885.055334131446  -537.7024504375622  -260.1695486800365  -742.4381694579884  -213.2114092224495  -877.8399149398377  -665.5364791214031  -94.30938222696983  -154.83467547835096  -238.2511294353385  -321.59361105340014  -82.1484490072051  -71.38593526493312  0.0  -380.3516531119697  -314.73903042746576  -521.090351593595  
240.7239084671919  -496.8988865051035  74.30601825404369  -215.6908096890528  -504.70368101947633  -157.35079732559257  120.18210443193323  -362.0865163460187  167.1402438895202  -497.4882618278681  -285.18482600943344  286.0422708849999  225.51697763361875  142.1005236766312  58.75804205856957  298.2032041047646  308.96571784703656  380.3516531119697  0.0  65.61262268450395  -140.7386984816253  
175.11128578268796  -562.5115091896075  8.693395569539746  -281.30343237355675  -570.3163037039803  -222.9634200100965  54.56948174742928  -427.69913903052264  101.52762120501626  -563.100884512372  -350.7974486939374  220.42964820049593  159.9043549491148  76.48790099212727  -6.854580625934375  232.59058142026066  243.3530951625326  314.73903042746576  -65.61262268450395  0.0  -206.35132116612925  
381.4626069488172  -356.1601880234782  215.044716735669  -74.95211120742749  -363.96498253785103  -16.61209884396726  260.92080291355853  -221.3478178643934  307.8789423711455  -356.7495633462428  -144.44612752780813  426.7809693666252  366.25567611524406  282.8392221582565  199.49674054019488  438.9419025863899  449.70441632866186  521.090351593595  140.7386984816253  206.35132116612925  0.0  



slope_matrix
0.0  -0.01331208798000894  -0.002475351631907604  -0.006118979999413389  -0.01491750229110803  -0.005867846488690809  -0.001632472969058216  -0.008953073292933472  -0.0009078798837467206  -0.014626751937686942  -0.009639089708149291  0.0008539356023706041  -0.0006702040913870936  -0.0027131605169342693  -0.003306666661977509  0.001037532412230554  0.0006994855409988178  0.0015020196282785909  -0.0029569329132439737  -0.0023782600269277193  -0.006148655818001567  
0.013353055665682394  0.0  0.006533282680534681  0.003388865712413241  -0.00011078487600245303  0.005085339062146337  0.012423615682243542  0.0018025453958963073  0.01430502219721292  -8.757434216412593e-06  0.02880463408104355  0.008057437042195158  0.01063784220495836  0.02919138465882753  0.017462505611680487  0.019195627594936582  0.016479848759757467  0.005976228214572336  0.006320260576254178  0.012409254559664847  0.04136587549633893  
0.002489794886492343  -0.006534777539859824  0.0  -0.013127968671031982  -0.03356577966803015  -0.006971315545580387  0.0006943557768713415  -0.019386607490007216  0.0010774631573291147  -0.026971428305750555  -0.004031974475812888  0.005807357450108508  0.003011570591108844  0.0007890421953280671  -0.0002450043522766171  0.0019652171144625727  0.0020302794565927743  0.0028628616383035493  -0.0019762238897352044  -0.0001210610718498781  -0.0023602497693546226  
0.006055655010697157  -0.0034102361971386215  0.013205684332563592  0.0  -0.010951605582812564  0.0032756885100202263  0.006631252006337335  -0.01605216081764977  0.005411804545922717  -0.010981973972674017  -0.0008035755405277534  0.008694040557512609  0.007287872271600125  0.00414873822619965  0.005158813002774857  0.004428593707289016  0.005138150303947599  0.004651058608535352  0.013080097616073547  0.004988534002013775  0.0008801328230087775  
0.014896634482147647  0.00011053384101930061  0.03280508211181417  0.010914383358399681  0.0  0.011794664981116596  0.011448988373972326  0.006566167802645379  0.009156929602139792  0.0011965869306149665  0.0030509917305078928  0.021359966285912378  0.02110464331367327  0.009357699720719148  0.011546346784386187  0.00842946861022825  0.008129377548871145  0.008160200388451467  0.013229454286224806  0.009454845883686676  0.004869031618812471  
0.005781767694884306  -0.005083055227238188  0.006946231351713231  -0.003297909121733196  -0.011790661360960073  0.0  0.008324322188288116  -0.01784967035923506  0.006073199348963368  -0.012748780528571046  -0.0017742405091442175  0.006794254799426792  0.006595482772768498  0.004170050424762899  0.005935425415659493  0.00441513860661327  0.005499015509111193  0.003933448796178217  0.011410500168643405  0.005705307574465111  0.00024400850240844976  
0.0016291634549974142  -0.012416116517847822  -0.0006943557768713415  -0.006647000081555235  -0.011394707976867424  -0.008324322188288116  0.0  -0.010883967970615029  0.0013897052221836929  -0.012328749825544936  -0.007323702446998494  0.0018996697566494864  0.0014175060315123876  0.0003757013926070961  -0.0031809457469375276  0.0020042906966092253  0.0028660029363155206  0.0016552331637615248  -0.002902248356240841  -0.0029966766473052873  -0.005118101273314212  
0.008855742982418254  -0.0018105341144115609  0.019429765565452468  0.015982064045520293  -0.006566167802645379  0.01786524598782078  0.010886424848260766  0.0  0.008219083091093942  -0.00714898339397304  0.000977646711627069  0.01158614206705432  0.010907805717089986  0.006429317011255418  0.009310720318685581  0.006113793707877623  0.007007646555900744  0.005828530141764707  0.01998269957759485  0.008547145064558805  0.0028686860791134446  
0.0009051994658343178  -0.01440431953133674  -0.0010777133229101059  -0.005422536169668173  -0.009175688676713966  -0.006075473529584587  -0.0013897052221836929  -0.008220359742707966  0.0  -0.00956300008226458  -0.008643704756333912  0.0011327238924976628  0.0006734740856494986  -0.00043600418270745245  -0.004143050528706064  0.0015250341538409421  0.0037480304957060347  0.0012309416847898476  -0.0028415546394002077  -0.005965195135429862  -0.006698845569433105  
0.014378889175984807  8.728899922461012e-06  0.02674435360532796  0.010986255444008393  -0.0011847978968158044  0.012772717405267574  0.012355878500896205  0.007164113517558169  0.009565752816888144  0.0  0.0030831169883594927  0.018427340844611194  0.02013381340744881  0.009662921672526052  0.012385800576406984  0.008618841702043249  0.008383097501818135  0.007703052956650033  0.014081184880494426  0.010104089081506765  0.005018915931771398  
0.009706694988494377  -0.02880463408104355  0.00402295036105055  0.000799241130769185  -0.003050143879533735  0.001771781409339444  0.007343603812343599  -0.0009764054131105289  0.008633805495303563  -0.003084908977309425  0.0  0.005788095013622791  0.007545830432078194  0.022347560130024303  0.009208644392717617  0.016521892668201588  0.010701558787040166  0.004655729129915377  0.003389005656677759  0.006897315153242969  0.009212125480089805  
-0.0008550634418454333  -0.008037585026076413  -0.005769380180680005  -0.008649079134184669  -0.021452684533490946  -0.0068414298443232905  -0.0018951115910999388  -0.011684312010654743  -0.0011318612755400253  -0.018571475058375635  -0.005784578196399325  0.0  -0.0014308579964865513  -0.0016358875691370458  -0.002824108211063995  0.00011488836296423929  0.00017652431050390195  0.0012433669377319688  -0.004035015811609534  -0.002363603347635599  -0.004113155063286673  
0.0006684365201570616  -0.010630015658309629  -0.0029924987013571157  -0.007298722701781167  -0.021239693387233714  -0.006649318773171436  -0.0014220990036679564  -0.010942336945617085  -0.0006740962326108377  -0.020263599760691895  -0.00755476040892089  0.0014284940583285607  0.0  -0.001659368489297544  -0.00274364816674974  0.001007152923252679  0.0007751856963624507  0.0016584691032385493  -0.003215699096444015  -0.002044028568951998  -0.004910251724296073  
0.002712414323172736  -0.029258214751910927  -0.0007893177951168648  -0.004126298389639995  -0.009413538126853551  -0.004164251439330049  -0.00037641111531337777  -0.0064211288846491325  0.00043570071712004517  -0.009726106835530707  -0.022359254300683654  0.001641484173889482  0.0016730135169873153  0.0  -0.0021212135815235848  0.004837393257766762  0.0024016291619229323  0.0018808804723718204  -0.0016588900732737708  -0.0013673203609604445  -0.009689593085243458  
0.0032792551163925454  -0.017478984855730517  0.00024431137956433253  -0.0051145891119571815  -0.011510964720695524  -0.005919168430133173  0.0031645575668914814  -0.009255433437532181  0.004165342114948141  -0.01229817165346977  -0.009186508228312046  0.002816409279137922  0.0027212620035092882  0.0021040767891457117  0.0  0.0033767474551712738  0.004738781738417935  0.0021911399540328414  -0.0012150132766453592  0.00036852584010399866  -0.006032559435748258  
-0.0010380945572976827  -0.019012484232660644  -0.0019564591563327586  -0.004410728811207771  -0.008410924838929823  -0.004411290804980703  -0.0020063236748882156  -0.006071071353905695  -0.001525406892635526  -0.008601140048996137  -0.01641958992722201  -0.00011492093384771054  -0.0010109349995986905  -0.0048269227095897775  -0.003381993814211794  0.0  0.00012564223374120917  0.0006265612768454359  -0.0025370359375937093  -0.002756139132838733  -0.008752580310795411  
-0.0006940080278637717  -0.016476479336580252  -0.0020073541453634975  -0.005123098599122052  -0.008036240976459387  -0.0054719140480242795  -0.002862960470353402  -0.006976320139235422  -0.003750012531927984  -0.008268778628882444  -0.010715068419413346  -0.00017516196960370374  -0.0007700354361300897  -0.002430311595840451  -0.004642933304666302  -0.0001264393061827065  0.0  0.00037419895824780165  -0.003261540355188816  -0.004672678478543253  -0.010656502756603362  
-0.0015029897163054663  -0.005984381878825794  -0.002853838445150373  -0.004636658598218766  -0.008135447505574465  -0.0039322981602863995  -0.0016504031253491277  -0.005827615144882169  -0.0012323646565080024  -0.007692253022606359  -0.004653125072512082  -0.0012425478554277975  -0.001657758838097976  -0.0018825152452223333  -0.0022007364063053457  -0.0006265612768454359  -0.0003754980551519285  0.0  -0.0026631539918216614  -0.00192642324903578  -0.003400929066659672  
0.002919989185676758  -0.006326698325758894  0.001988386894676042  -0.013224451850953575  -0.013348417905831165  -0.011385730631374281  0.0028512954788121763  -0.020049087283832707  0.002806721140042321  -0.014181535399882214  -0.0033873954865118595  0.004002830546949341  0.003221210936060831  0.0016594712562960552  0.0012203123999702922  0.002536820111482472  0.003242372944139328  0.0026616630728619295  0.0  0.0012910787619933874  -0.0017632009331198359  
0.0023670084588089746  -0.012392851050663307  0.00012109479829418785  -0.005000949908863231  -0.009417376217040627  -0.005708228878906721  0.0029803103084341497  -0.008548853468529335  0.0059757281462634645  -0.010087798002729702  -0.006872990765947049  0.0023694469332526703  0.0020442898868462643  0.0013692785712876346  -0.0003663591996758084  0.0027522255522454226  0.004678067957757259  0.001932099634299974  -0.0013083274712762502  0.0  -0.004467445792728496  
0.006168541509521623  -0.04127001019970779  0.0023607679873496722  -0.0008799261705497475  -0.004873595459860621  -0.0002443315023380977  0.005127152739507929  -0.002872036043394231  0.006674158733387069  -0.005027403268643942  -0.009194533897377984  0.004131871133378112  0.004915523770168354  0.00969291371344265  0.006038036941289192  0.008817458520045599  0.01063131007869177  0.0033971598643561833  0.001762759249519355  0.0044684131911244965  0.0  
