Height_Data

node	height
0	19.350303601277165
1	9.763165072242261
2	5.696477256500155
3	14.841033546719773
4	21.301898388344476
5	14.832288198839757
6	24.19928480616636
7	13.12848415680141
8	7.572373875873315
9	27.279468736621904
10	12.851102056576753
11	8.787324294288299
12	11.31355746339822
13	18.34286380217136
14	26.219974119791402
15	24.692847328226122
16	35.87762351461338
17	17.899361794363244
18	33.892708708468085
19	32.20210629931161
20	32.614925101092346



height_matrix
0.0  1246.3280087745375  1774.9974248210112  586.2051070924608  -253.70732231875036  587.342002316863  -630.3675566355955  808.8365277818482  1531.1308643025004  -1030.7914675948164  844.8962008110534  1373.1873099085526  1044.7769979242628  130.96717388375419  -893.057167406851  -694.5306845033647  -2148.5515887337083  188.6224348988094  -1890.5126639348196  -1670.734350744478  -1724.400794975974  
-1246.3280087745375  0.0  528.6694160464738  -660.1229016820766  -1500.0353310932878  -658.9860064576744  -1876.695565410133  -437.4914809926893  284.80285552796295  -2277.119476369354  -401.43180796348406  126.85930113401514  -201.55101085027468  -1115.3608348907833  -2139.3851761813885  -1940.8586932779021  -3394.8795975082458  -1057.705573875728  -3136.840672709357  -2917.0623595190154  -2970.7288037505114  
-1774.9974248210112  -528.6694160464738  0.0  -1188.7923177285504  -2028.7047471397616  -1187.6554225041482  -2405.364981456607  -966.160897039163  -243.86656051851082  -2805.788892415828  -930.1012240099578  -401.81011491245863  -730.2204268967484  -1644.030250937257  -2668.0545922278625  -2469.5281093243757  -3923.5490135547197  -1586.3749899222018  -3665.510088755831  -3445.7317755654894  -3499.3982197969854  
-586.2051070924608  660.1229016820766  1188.7923177285504  0.0  -839.9124294112112  1.136895224402224  -1216.5726637280563  222.63142068938737  944.9257572100396  -1616.9965746872772  258.6910937185926  786.9822028160918  458.57189083180197  -455.23793320870664  -1479.2622744993118  -1280.7357915958255  -2734.756695826169  -397.58267219365143  -2476.7177710272804  -2256.939457836939  -2310.6059020684347  
253.70732231875036  1500.0353310932878  2028.7047471397616  839.9124294112112  0.0  841.0493246356134  -376.66023431684516  1062.5438501005985  1784.8381866212508  -777.084145276066  1098.6035231298038  1626.894632227303  1298.4843202430131  384.67449620250454  -639.3498450881007  -440.8233621846143  -1894.844266414958  442.32975721755975  -1636.8053416160692  -1417.0270284257276  -1470.6934726572235  
-587.342002316863  658.9860064576744  1187.6554225041482  -1.136895224402224  -841.0493246356134  0.0  -1217.7095589524586  221.49452546498514  943.7888619856374  -1618.1334699116794  257.55419849419036  785.8453075916896  457.43499560739974  -456.37482843310886  -1480.399169723714  -1281.8726868202277  -2735.8935910505716  -398.71956741805366  -2477.854666251683  -2258.0763530613413  -2311.742797292837  
630.3675566355955  1876.695565410133  2405.364981456607  1216.5726637280563  376.66023431684516  1217.7095589524586  0.0  1439.2040844174437  2161.498420938096  -400.42391095922085  1475.263757446649  2003.5548665441481  1675.1445545598583  761.3347305193497  -262.6896107712555  -64.16312786776916  -1518.1840320981128  818.9899915344049  -1260.145107299224  -1040.3667941088825  -1094.0332383403784  
-808.8365277818482  437.4914809926893  966.160897039163  -222.63142068938737  -1062.5438501005985  -221.49452546498514  -1439.2040844174437  0.0  722.2943365206522  -1839.6279953766646  36.059673029205214  564.3507821267044  235.9404701424146  -677.869353898094  -1701.8936951886992  -1503.3672122852129  -2957.3881165155562  -620.2140928830388  -2699.3491917166675  -2479.570878526326  -2533.237322757822  
-1531.1308643025004  -284.80285552796295  243.86656051851082  -944.9257572100396  -1784.8381866212508  -943.7888619856374  -2161.498420938096  -722.2943365206522  0.0  -2561.922331897317  -686.234663491447  -157.9435543939478  -486.3538663782376  -1400.1636904187462  -2424.1880317093514  -2225.661548805865  -3679.6824530362087  -1342.508429403691  -3421.64352823732  -3201.8652150469784  -3255.5316592784743  
1030.7914675948164  2277.119476369354  2805.788892415828  1616.9965746872772  777.084145276066  1618.1334699116794  400.42391095922085  1839.6279953766646  2561.922331897317  0.0  1875.6876684058698  2403.978777503369  2075.568465519079  1161.7586414785706  137.73430018796535  336.2607830914517  -1117.760121138892  1219.4139024936258  -859.7211963400032  -639.9428831496616  -693.6093273811575  
-844.8962008110534  401.43180796348406  930.1012240099578  -258.6910937185926  -1098.6035231298038  -257.55419849419036  -1475.263757446649  -36.059673029205214  686.234663491447  -1875.6876684058698  0.0  528.2911090974992  199.88079711320938  -713.9290269272992  -1737.9533682179044  -1539.426885314418  -2993.4477895447617  -656.273765912244  -2735.408864745873  -2515.6305515555314  -2569.2969957870273  
-1373.1873099085526  -126.85930113401514  401.81011491245863  -786.9822028160918  -1626.894632227303  -785.8453075916896  -2003.5548665441481  -564.3507821267044  157.9435543939478  -2403.978777503369  -528.2911090974992  0.0  -328.4103119842898  -1242.2201360247984  -2266.244477315404  -2067.717994411917  -3521.738898642261  -1184.5648750097432  -3263.6999738433724  -3043.921660653031  -3097.5881048845267  
-1044.7769979242628  201.55101085027468  730.2204268967484  -458.57189083180197  -1298.4843202430131  -457.43499560739974  -1675.1445545598583  -235.9404701424146  486.3538663782376  -2075.568465519079  -199.88079711320938  328.4103119842898  0.0  -913.8098240405086  -1937.8341653311138  -1739.3076824276275  -3193.328586657971  -856.1545630254534  -2935.289661859082  -2715.5113486687405  -2769.1777929002365  
-130.96717388375419  1115.3608348907833  1644.030250937257  455.23793320870664  -384.67449620250454  456.37482843310886  -761.3347305193497  677.869353898094  1400.1636904187462  -1161.7586414785706  713.9290269272992  1242.2201360247984  913.8098240405086  0.0  -1024.0243412906052  -825.4978583871189  -2279.5187626174625  57.6552610150552  -2021.4798378185737  -1801.7015246282322  -1855.367968859728  
893.057167406851  2139.3851761813885  2668.0545922278625  1479.2622744993118  639.3498450881007  1480.399169723714  262.6896107712555  1701.8936951886992  2424.1880317093514  -137.73430018796535  1737.9533682179044  2266.244477315404  1937.8341653311138  1024.0243412906052  0.0  198.52648290348634  -1255.4944213268573  1081.6796023056604  -997.4554965279685  -777.677183337627  -831.3436275691229  
694.5306845033647  1940.8586932779021  2469.5281093243757  1280.7357915958255  440.8233621846143  1281.8726868202277  64.16312786776916  1503.3672122852129  2225.661548805865  -336.2607830914517  1539.426885314418  2067.717994411917  1739.3076824276275  825.4978583871189  -198.52648290348634  0.0  -1454.0209042303436  883.1531194021741  -1195.9819794314549  -976.2036662411133  -1029.8701104726092  
2148.5515887337083  3394.8795975082458  3923.5490135547197  2734.756695826169  1894.844266414958  2735.8935910505716  1518.1840320981128  2957.3881165155562  3679.6824530362087  1117.760121138892  2993.4477895447617  3521.738898642261  3193.328586657971  2279.5187626174625  1255.4944213268573  1454.0209042303436  0.0  2337.1740236325177  258.03892479888873  477.8172379892303  424.1507937577344  
-188.6224348988094  1057.705573875728  1586.3749899222018  397.58267219365143  -442.32975721755975  398.71956741805366  -818.9899915344049  620.2140928830388  1342.508429403691  -1219.4139024936258  656.273765912244  1184.5648750097432  856.1545630254534  -57.6552610150552  -1081.6796023056604  -883.1531194021741  -2337.1740236325177  0.0  -2079.135098833629  -1859.3567856432874  -1913.0232298747833  
1890.5126639348196  3136.840672709357  3665.510088755831  2476.7177710272804  1636.8053416160692  2477.854666251683  1260.145107299224  2699.3491917166675  3421.64352823732  859.7211963400032  2735.408864745873  3263.6999738433724  2935.289661859082  2021.4798378185737  997.4554965279685  1195.9819794314549  -258.03892479888873  2079.135098833629  0.0  219.77831319034158  166.11186895884566  
1670.734350744478  2917.0623595190154  3445.7317755654894  2256.939457836939  1417.0270284257276  2258.0763530613413  1040.3667941088825  2479.570878526326  3201.8652150469784  639.9428831496616  2515.6305515555314  3043.921660653031  2715.5113486687405  1801.7015246282322  777.677183337627  976.2036662411133  -477.8172379892303  1859.3567856432874  -219.77831319034158  0.0  -53.666444231495916  
1724.400794975974  2970.7288037505114  3499.3982197969854  2310.6059020684347  1470.6934726572235  2311.742797292837  1094.0332383403784  2533.237322757822  3255.5316592784743  693.6093273811575  2569.2969957870273  3097.5881048845267  2769.1777929002365  1855.367968859728  831.3436275691229  1029.8701104726092  -424.1507937577344  1913.0232298747833  -166.11186895884566  53.666444231495916  0.0  



slope_matrix
0.0  0.01717888364954566  0.023606828365753573  0.006971163123944117  -0.00503287685615454  0.0059309502405014945  -0.02690429178982482  0.010441989772551617  0.016631879907696073  -0.0153620188911299  0.02141688721954508  0.0201406176284622  0.01853427351293707  0.002658152504236943  -0.015993144115452204  -0.025127738223710734  -0.041533956867073424  0.002253284373417864  -0.040560237372555666  -0.02671465223448158  -0.030078506802302004  
-0.017226371925010885  0.0  0.00896201756308652  -0.005399778336867703  -0.012569320946642712  -0.003940361196231012  -0.0204055188149411  -0.0029502227444193462  0.002429022221986891  -0.020464810608154523  -0.005686002945658414  0.001286997069433044  -0.00919904202876653  -0.013955966402537328  -0.022243555585167274  -0.02137745008566915  -0.029921378437407418  -0.006962253645838126  -0.02871250043669892  -0.023415173860322807  -0.02510121507182519  
-0.02312700227779819  -0.008969620224745059  0.0  -0.008136839957074267  -0.015978960051825062  -0.007766006816871432  -0.02450178750808902  -0.006377678522414949  -0.0017161615800035948  -0.02076516350218937  -0.016274737078039506  -0.006361781426733037  -0.012981696478164417  -0.01591818600830032  -0.02222823121076283  -0.02886311488223908  -0.030026394838560646  -0.01096168456275706  -0.035323408391209704  -0.024354903700632525  -0.0335995988458664  
-0.006958750084193504  0.0053646720981883516  0.008119611486432282  0.0  -0.011045665826028553  8.274346611369898e-06  -0.01752733991828348  0.002564878118541329  0.02248752396977724  -0.07107677251372647  0.00210335062784448  0.005252851440502549  0.004405955907300173  -0.01033457283107166  -0.045515762292286516  -0.013367454248990976  -0.05918105812218501  -0.003259408691536739  -0.02242388203736786  -0.04639135576232146  -0.019151312905664606  
0.005015961295348959  0.012638155640219459  0.01596387144529679  0.011073334600015968  0.0  0.013039524412955247  -0.013356745897760466  0.03762549044265576  0.017258153032500976  -0.013948737125759577  0.014531792633992114  0.017476577851834815  0.012924099932746224  0.006057866081929205  -0.011117194315564261  -0.010881840587129458  -0.061341672593556426  0.009012423741189074  -0.03824311545831938  -0.046277825879351  -0.029662440706262953  
-0.005939947434434294  0.003954786091686218  0.0077695631460431  -8.306387260920756e-06  -0.013029424084207798  0.0  -0.014136236623123235  0.003853419023399185  0.005634863138829175  -0.013811313331441442  0.0026147634364892423  0.008286011256766023  0.0029848939354479593  -0.0036384532406909683  -0.012283431544338816  -0.01710532008033397  -0.029415047748097747  -0.024327002282980698  -0.04183445325429146  -0.024918079376090724  -0.045659545670409585  
0.026846999856711906  0.020394431269399403  0.024429621692412296  0.01753997496724418  0.013314253599040126  0.01411640767606198  0.0  0.026006579046213295  0.025239355685872208  -0.008019705807314658  0.025400546787993267  0.024628824419719093  0.022606539197838844  0.017643910324898024  -0.0062619692674911916  -0.0022592650657665197  -0.047443251003066025  0.011560797147658237  -0.02911610691541645  -0.02517828640147344  -0.02045686683508561  
-0.010380345582415917  0.0029596030401139845  0.00636843008772708  -0.0025719896105520722  -0.037572271927178165  -0.0038400576536925302  -0.025912929139673094  0.0  0.006083503213346688  -0.02751874338633754  0.00036938816870728556  0.00499819133766156  0.0018185638210452798  -0.007676889625119978  -0.02273739071728389  -0.023686264570430327  -0.068221179158375  -0.01272756193070057  -0.047133738287352324  -0.061512549702960204  -0.040101269930155004  
-0.0167117535942207  -0.0024335884433731776  0.0016945768919360074  -0.022217864030332463  -0.01725648444959152  -0.005654748666796308  -0.025334018060690293  -0.006050379766465507  0.0  -0.047610524658935456  -0.005546226973987287  -0.0010225266365881229  -0.004940110374588498  -0.032055029542553716  -0.04731046119651349  -0.02054520030283269  -0.04820123726796186  -0.008862494747915204  -0.027054981641791095  -0.039359129871505576  -0.02373009446226747  
0.015447197176604472  0.020457456440296055  0.02083455032609956  0.07048808084948897  0.014034389475818422  0.0137713486800994  0.008055198369728844  0.027367271576564482  0.04782382549742985  0.0  0.017973243277173916  0.018625387599778175  0.022477457932846858  0.03448378276873169  0.00802647436992805  0.0043961404509275945  -0.044853937445380895  0.011945669107500253  -0.009680454862515519  -0.021619691998299377  -0.00700544720110249  
-0.021303484639713904  0.005715145329776254  0.016153199444424414  -0.002105919030597465  -0.014541409968627449  -0.002600769448593258  -0.025431197335746406  -0.0003691612717977602  0.005530582394354022  -0.01788924814883996  0.0  0.015902802802453316  0.0030836284651837302  -0.008403119431818493  -0.018373542321787763  -0.0415275663694205  -0.033570122121170366  -0.007375519958555226  -0.05842393987069357  -0.026344439748199094  -0.05013262430803956  
-0.02009052391965695  -0.0012847812551551058  0.006292046898096753  -0.005265503832571202  -0.0175311921576218  -0.008232194716024403  -0.02463791031165947  -0.005022254891222786  0.0010247956449692308  -0.018632605623185312  -0.01590759136096053  0.0  -0.0035191846547823597  -0.010801726370191809  -0.018768070205510592  -0.03806550063350363  -0.03210921680016649  -0.01352397391265833  -0.05769312310135005  -0.026837609422086323  -0.061350526933739886  
-0.01860689221592632  0.009070702558518213  0.01301408709493403  -0.004410193218232371  -0.012934399046150145  -0.002967659242295314  -0.022664653694491384  -0.0018175831611001818  0.004903749408935648  -0.022317940489452463  -0.0030694225600922816  0.0035278796002179594  0.0  -0.014772224766254585  -0.024872727061110433  -0.021643948263161118  -0.0337489810469031  -0.006204468171791096  -0.029703396699646653  -0.025681022779163426  -0.025659542187733843  
-0.0026651846537190512  0.013761392163982521  0.01574289237706844  0.010322855628315343  -0.0060483411352595055  0.0036518166343909747  -0.017623489132392353  0.007648305922352409  0.03201105830861331  -0.03388039199412571  0.008482996992957452  0.010811879959134492  0.014632663315300378  0.0  -0.04909033275602134  -0.012536034295931949  -0.05057729670773158  0.0005262821401257412  -0.024068101414675244  -0.0319734077130121  -0.01958999016851154  
0.015938910715810297  0.022023730452762905  0.02213418443859186  0.045797593637749594  0.011124932053038118  0.012293632035573111  0.006247077545095256  0.02266170033540212  0.04700771828018909  -0.007808066904079668  0.01833670994110471  0.018749437224418002  0.024789998277230572  0.04944588803914076  0.0  0.0029003138481152133  -0.039806417924123566  0.010301710498149147  -0.011819593512595906  -0.018866501293974453  -0.00878891666739743  
0.025292450273247075  0.021384516232678518  0.028930741674371787  0.013406634477083906  0.010933119101800951  0.017057520782704293  0.002252128040286738  0.02367507420921595  0.020550891494052308  -0.004393268658106241  0.04175283117207535  0.03803749069926264  0.021622422705465286  0.012579973459114886  -0.00291436410604061  0.0  -0.02541994587815286  0.014761041607925357  -0.05985895792950224  -0.016199861703304237  -0.03354625767011756  
0.041159992121335406  0.03001661889927715  0.029809445404264667  0.05890063958273033  0.06124254254734835  0.029399243402649596  0.047207214928423905  0.06776783035095225  0.04822018677809211  0.04421519466530427  0.033498744287654  0.032001262141229087  0.033550415913616  0.0506334687387264  0.03976859110949817  0.02530052034505557  0.0  0.03010270509573052  0.0037986003945074155  0.040254190226556893  0.005428782718005048  
-0.0022530152281272026  0.006982937703015304  0.010977613936213423  0.003269863246925335  -0.00906413436921229  0.024371611700370027  -0.011634867973667157  0.0127197311912026  0.00884736774769964  -0.011969119576890713  0.00738464910444744  0.013507011117556936  0.006204468171791096  -0.0005256631596635261  -0.010324325687750886  -0.014773387745101608  -0.030250763961073228  0.0  -0.04717801449588448  -0.024679543212679685  -0.049203272373322615  
0.040717481454551355  0.028791561934000523  0.03516751500293419  0.022442169001696995  0.03835064061893321  0.041961975719757544  0.02906909128717933  0.047166681665501795  0.027014397033296386  0.009653280893105807  0.05815069865531192  0.05745950658174952  0.02976061707248385  0.024070967347208545  0.011822395360056519  0.060433652320942645  -0.0038008384857694615  0.04727455886388424  0.0  0.003209379573457091  0.013958980584776947  
0.02654909185991543  0.023534186038878704  0.023916900525195836  0.046220345235243473  0.04633835933373864  0.024822209003642313  0.025123564214172483  0.06142112654263874  0.03952920018576517  0.021976060547721894  0.02633892316569502  0.02680924485338234  0.025610783256330667  0.03190546351386988  0.018789011436038342  0.01615696236744643  -0.04018647922533476  0.024610943555834378  -0.003211724582644185  0.0  -0.0006862628896241214  
0.030289843579412855  0.025137322759777554  0.033560930467027766  0.019186298281727434  0.029753054271843486  0.0455336379218601  0.02047984347323808  0.040274043287087787  0.02373528477164242  0.006996966885717316  0.050083762101111644  0.06088026935700721  0.025673815992028892  0.019637679602664354  0.008802876191964452  0.034000333789125425  -0.005440620751125377  0.048689825143160684  -0.015380728607300524  0.0006871503742829182  0.0  
