Height_Data

node	height
0	13.977987502191445
1	40.89432005492446
2	57.72985813307913
3	9.952751856227708
4	49.06284927330278
5	25.740478091075143
6	47.18236968904935
7	13.216687943670719
8	6.971984924247866
9	20.334245071757035
10	15.252608218738509
11	61.37067449084576
12	23.395691658932346
13	9.10594414032636
14	40.77644107783538
15	8.411123195399101
16	32.40377341507179
17	6.7198731891666945
18	34.18639338028727
19	25.3657136399471
20	20.676272684647625



height_matrix
0.0  -942.0716393456555  -1531.315472081069  140.88324760873076  -1227.9701619888967  -411.68717061092946  -1162.1533765400268  26.645484548225397  245.21009022802528  -222.4690149347956  -44.61172507914728  -1658.7440446029009  -329.6196454859315  170.521517665278  -937.9458751475377  194.84025073773205  -644.902506950812  254.03400095586628  -707.2942057333539  -398.5704148214479  -234.43998138596635  
942.0716393456555  0.0  -589.2438327354134  1082.9548869543862  -285.8985226432412  530.384468734726  -220.08173719437127  968.7171238938809  1187.2817295736809  719.6026244108599  897.4599142665082  -716.6724052572454  612.451993859724  1112.5931570109335  4.1257641981178494  1136.9118900833876  297.1691323948435  1196.1056403015218  234.7774336123016  543.5012245242076  707.6316579596892  
1531.315472081069  589.2438327354134  0.0  1672.1987196897996  303.3453100921722  1119.6283014701394  369.16209554104216  1557.9609566292943  1776.5255623090943  1308.8464571462732  1486.7037470019218  -127.42857252183194  1201.6958265951375  1701.836989746347  593.3695969335313  1726.155722818801  886.4129651302569  1785.3494730369353  824.021266347715  1132.745057259621  1296.8754906951026  
-140.88324760873076  -1082.9548869543862  -1672.1987196897996  0.0  -1368.8534095976274  -552.5704182196603  -1303.0366241487575  -114.23776306050536  104.32684261929452  -363.35226254352636  -185.49497268787803  -1799.6272922116316  -470.5028930946623  29.638270056547242  -1078.8291227562684  53.95700312900129  -785.7857545595427  113.15075334713552  -848.1774533420846  -539.4536624301786  -375.3232289946971  
1227.9701619888967  285.8985226432412  -303.3453100921722  1368.8534095976274  0.0  816.2829913779673  65.81678544886995  1254.615646537122  1473.180252216922  1005.5011470541011  1183.3584369097493  -430.77388261400415  898.3505165029652  1398.4916796541747  290.02428684135907  1422.8104127266288  583.0676550380847  1482.004162944763  520.6759562555428  829.3997471674488  993.5301806029304  
411.68717061092946  -530.384468734726  -1119.6283014701394  552.5704182196603  -816.2829913779673  0.0  -750.4662059290973  438.33265515915485  656.8972608389547  189.21815567613385  367.0754455317822  -1247.0568739919713  82.06752512499793  582.2086882762075  -526.2587045366082  606.5274213486615  -233.21533633988258  665.7211715667958  -295.60703512242446  13.116755789481545  177.2471892249631  
1162.1533765400268  220.08173719437127  -369.16209554104216  1303.0366241487575  -65.81678544886995  750.4662059290973  0.0  1188.7988610882521  1407.3634667680521  939.6843616052312  1117.5416514608796  -496.5906680628741  832.5337310540953  1332.6748942053048  224.20750139248912  1356.9936272777588  517.2508695892147  1416.187377495893  454.85917080667286  763.5829617185789  927.7133951540604  
-26.645484548225397  -968.7171238938809  -1557.9609566292943  114.23776306050536  -1254.615646537122  -438.33265515915485  -1188.7988610882521  0.0  218.56460567979988  -249.114499483021  -71.25720962737267  -1685.3895291511262  -356.2651300341569  143.8760331170526  -964.591359695763  168.19476618950665  -671.5479914990374  227.38851640764088  -733.9396902815793  -425.2158993696733  -261.08546593419175  
-245.21009022802528  -1187.2817295736809  -1776.5255623090943  -104.32684261929452  -1473.180252216922  -656.8972608389547  -1407.3634667680521  -218.56460567979988  0.0  -467.67910516282086  -289.8218153071725  -1903.9541348309263  -574.8297357139568  -74.68857256274728  -1183.155965375563  -50.36983949029323  -890.1125971788373  8.823910727840996  -952.5042959613792  -643.7805050494732  -479.6500716139916  
222.4690149347956  -719.6026244108599  -1308.8464571462732  363.35226254352636  -1005.5011470541011  -189.21815567613385  -939.6843616052312  249.114499483021  467.67910516282086  0.0  177.85728985564833  -1436.2750296681052  -107.15063055113592  392.9905326000736  -715.476860212742  417.30926567252766  -422.43349201601643  476.5030158906619  -484.8251907985583  -176.1013998866523  -11.970966451170739  
44.61172507914728  -897.4599142665082  -1486.7037470019218  185.49497268787803  -1183.3584369097493  -367.0754455317822  -1117.5416514608796  71.25720962737267  289.8218153071725  -177.85728985564833  0.0  -1614.1323195237537  -285.00792040678425  215.13324274442527  -893.3341500683904  239.45197581687933  -600.2907818716648  298.6457260350136  -662.6824806542066  -353.95868974230063  -189.82825630681907  
1658.7440446029009  716.6724052572454  127.42857252183194  1799.6272922116316  430.77388261400415  1247.0568739919713  496.5906680628741  1685.3895291511262  1903.9541348309263  1436.2750296681052  1614.1323195237537  0.0  1329.1243991169695  1829.2655622681789  720.7981694553632  1853.584295340633  1013.8415376520888  1912.7780455587672  951.449838869547  1260.173629781453  1424.3040632169345  
329.6196454859315  -612.451993859724  -1201.6958265951375  470.5028930946623  -898.3505165029652  -82.06752512499793  -832.5337310540953  356.2651300341569  574.8297357139568  107.15063055113592  285.00792040678425  -1329.1243991169695  0.0  500.1411631512095  -608.3262296616061  524.4598962236636  -315.2828614648805  583.6536464417978  -377.6745602474224  -68.95076933551638  95.17966409996518  
-170.521517665278  -1112.5931570109335  -1701.836989746347  -29.638270056547242  -1398.4916796541747  -582.2086882762075  -1332.6748942053048  -143.8760331170526  74.68857256274728  -392.9905326000736  -215.13324274442527  -1829.2655622681789  -500.1411631512095  0.0  -1108.4673928128157  24.31873307245405  -815.42402461609  83.51248329058828  -877.8157233986319  -569.0919324867259  -404.96149905124435  
937.9458751475377  -4.1257641981178494  -593.3695969335313  1078.8291227562684  -290.02428684135907  526.2587045366082  -224.20750139248912  964.591359695763  1183.155965375563  715.476860212742  893.3341500683904  -720.7981694553632  608.3262296616061  1108.4673928128157  0.0  1132.7861258852697  293.0433681967256  1191.979876103404  230.65166941418374  539.3754603260898  703.5058937615713  
-194.84025073773205  -1136.9118900833876  -1726.155722818801  -53.95700312900129  -1422.8104127266288  -606.5274213486615  -1356.9936272777588  -168.19476618950665  50.36983949029323  -417.30926567252766  -239.45197581687933  -1853.584295340633  -524.4598962236636  -24.31873307245405  -1132.7861258852697  0.0  -839.7427576885441  59.19375021813423  -902.134456471086  -593.41066555918  -429.2802321236984  
644.902506950812  -297.1691323948435  -886.4129651302569  785.7857545595427  -583.0676550380847  233.21533633988258  -517.2508695892147  671.5479914990374  890.1125971788373  422.43349201601643  600.2907818716648  -1013.8415376520888  315.2828614648805  815.42402461609  -293.0433681967256  839.7427576885441  0.0  898.9365079066783  -62.39169878254188  246.33209212936413  410.4625255648457  
-254.03400095586628  -1196.1056403015218  -1785.3494730369353  -113.15075334713552  -1482.004162944763  -665.7211715667958  -1416.187377495893  -227.38851640764088  -8.823910727840996  -476.5030158906619  -298.6457260350136  -1912.7780455587672  -583.6536464417978  -83.51248329058828  -1191.979876103404  -59.19375021813423  -898.9365079066783  0.0  -961.3282066892202  -652.6044157773142  -488.47398234183265  
707.2942057333539  -234.7774336123016  -824.021266347715  848.1774533420846  -520.6759562555428  295.60703512242446  -454.85917080667286  733.9396902815793  952.5042959613792  484.8251907985583  662.6824806542066  -951.449838869547  377.6745602474224  877.8157233986319  -230.65166941418374  902.134456471086  62.39169878254188  961.3282066892202  0.0  308.723790911906  472.85422434738757  
398.5704148214479  -543.5012245242076  -1132.745057259621  539.4536624301786  -829.3997471674488  -13.116755789481545  -763.5829617185789  425.2158993696733  643.7805050494732  176.1013998866523  353.95868974230063  -1260.173629781453  68.95076933551638  569.0919324867259  -539.3754603260898  593.41066555918  -246.33209212936413  652.6044157773142  -308.723790911906  0.0  164.13043343548156  
234.43998138596635  -707.6316579596892  -1296.8754906951026  375.3232289946971  -993.5301806029304  -177.2471892249631  -927.7133951540604  261.08546593419175  479.6500716139916  11.970966451170739  189.82825630681907  -1424.3040632169345  -95.17966409996518  404.96149905124435  -703.5058937615713  429.2802321236984  -410.4625255648457  488.47398234183265  -472.85422434738757  -164.13043343548156  0.0  



slope_matrix
0.0  -0.013882576471347708  -0.01718011816141125  0.001603095601018761  -0.013493881035459624  -0.006428493786963499  -0.013477054649550362  0.0002758274626635618  0.005479555088894419  -0.0024492630812695624  -0.0005035126587639787  -0.02003967531203292  -0.003737947035516676  0.0017619499655432734  -0.015921675015235743  0.00326147055135139  -0.01587647727599242  0.0027477988205069363  -0.013560088300102644  -0.004580163579152709  -0.010053172443652073  
0.013901012827883363  0.0  -0.008674279887169343  0.010632841305394072  -0.0027673847898871478  0.011651679893117883  -0.002196424522897917  0.026209878893232706  0.013265717648867944  0.015035575102608858  0.009976210696604138  -0.011068299695092593  0.005995614232596417  0.028447792304038187  0.00043612729366996293  0.01720508308237572  0.0073302696693350634  0.01872132791206013  0.007677483113548123  0.005785005050816473  0.013437745118869904  
0.017075138235312596  0.008662802598285996  0.0  0.016342833460611803  0.0036350546446036213  0.0354649446141951  0.00410271277551725  0.02794548801128779  0.013817359629694602  0.05417410832559078  0.04564641532090641  -0.017408274934676494  0.012609609932792629  0.017277532890825856  0.008401098639863108  0.013835810538784875  0.01595990214494521  0.01360680948888755  0.01647054300115361  0.01615668317300843  0.01784854790386874  
-0.001586308692617335  -0.010642245351359927  -0.016370031519234454  0.0  -0.027143632948594634  -0.006774186811568717  -0.030093224576183776  -0.0009532364535013213  0.0008169490350210608  -0.0033531954830521076  -0.00232703539808912  -0.01872076658911507  -0.015492357362353056  0.00021085849499535603  -0.011125390561578512  0.00039905779211011895  -0.01218083637512855  0.0007327467513737568  -0.011316577095958433  -0.009725142643414073  -0.0052279983423367425  
0.013366098071108681  0.0027767921779646584  -0.0036433498689907784  0.027181362382796413  0.0  0.0102291101676437  0.00703170784710149  0.010365126539028784  0.011266032839694119  0.009799251018946508  0.022933303040886616  -0.005577082892465098  0.04019465398223558  0.009865206543835882  0.002954306680669849  0.010359767094266992  0.008873347360189996  0.009523224283156169  0.0071150035017155345  0.05849081432774674  0.013273438973466358  
0.0063737544024853226  -0.01165680151065332  -0.03563425529822213  0.0067850002237188145  -0.010211195789066391  0.0  -0.009574715564290601  0.008883920858515502  0.006347937427175303  0.006005019221711642  0.007498987651313222  -0.04976284413375783  0.0010040069136897226  0.007141912270316578  -0.011156639909616456  0.006082914666018067  -0.008094943989582874  0.006141339221095902  -0.014029759616631441  0.000185842388629662  0.0037260287833710973  
0.013343973918844747  0.002199937396984919  -0.004097203089211464  0.03005158266025732  -0.007039228390253471  0.009605352693320073  0.0  0.010064161300081713  0.011171058529865555  0.008956198642825307  0.0187098886901202  -0.005906098501003486  0.05292649275614083  0.009598637958839706  0.002353884529055004  0.010165431581737785  0.008237790565204885  0.009274311574956732  0.006360777105393272  0.03422604041768619  0.013239619745030903  
-0.0002763165843787309  -0.026209878893232706  -0.028157617144935736  0.0009559565448030171  -0.010372067414597449  -0.008963857978714823  -0.010087303977804619  0.0  0.001729013572342377  -0.00794623602816654  -0.0008604903952103934  -0.02938778603576506  -0.0029738076479675205  0.0032093694650245953  -0.020802056495487664  0.0016585619385613515  -0.011125527931926863  0.0024085215168694087  -0.015251962558583139  -0.0038101441686873173  -0.003325040001199574  
-0.005547739597919124  -0.013270165749119043  -0.013852699247599064  -0.0008215164821627533  -0.011322314082504609  -0.006368245509916964  -0.011228097833688775  -0.0017256008659387327  0.0  -0.003647189465513693  -0.002269338944712889  -0.01562103421967548  -0.00451580004960176  -0.0007247096115151104  -0.014684820223104916  -0.0012385010939339374  -0.011417555120303197  0.00010909879732741093  -0.010783474425012783  -0.005104022017009745  -0.007682883048709641  
0.0024302663826569035  -0.01500735400231199  -0.054580753008601886  0.0033522673913047914  -0.009825104036096356  -0.005980346260307644  -0.008921336386644177  0.00786843017950161  0.0036350000401276297  0.0  0.0034562240547152804  -0.05524134729492712  -0.0009858370645978096  0.0052863940355135  -0.013456401358148242  0.0037772381034805185  -0.007766749255672301  0.004287412415787852  -0.011804850031618172  -0.0019786674144567674  -0.0001606409883409922  
0.0004938148247102343  -0.009979538688607898  -0.04597104969084483  0.0023294024096830175  -0.022951094587078148  -0.007465435133857681  -0.018766442509838447  0.0008556341213661464  0.002242647450377403  -0.003440845228393274  0.0  -0.06132721578737666  -0.004262756811348852  0.001717356452019041  -0.009866734593200688  0.0018460564013328142  -0.010335585087322052  0.0020240306745849786  -0.010109572550026036  -0.009261085550557317  -0.002589037865614008  
0.01982696889354539  0.01101556110140248  0.01760063156378894  0.01875588631799512  0.005588659608380957  0.04880848821886385  0.005939369310643154  0.02914890226826576  0.01553588790742645  0.05475695881311876  0.06160810379861655  0.0  0.014945737086663325  0.018219776516615327  0.010651664983823899  0.015299911641276375  0.020473375154525218  0.014914448698313975  0.021049775196228915  0.01977053074649283  0.02137311019233095  
0.0037022603725169775  -0.006005608882719396  -0.012590981094028118  0.015370888372906314  -0.04019465398223558  -0.0010033931424990577  -0.05312914684454979  0.002967342956423822  0.0044935604677341584  0.0009868357943556448  0.00425823490470461  -0.014863671834546354  0.0  0.0035526435797074126  -0.0062591442500422485  0.0038725247264190885  -0.004870737856710652  0.0037742734508652213  -0.005024272452406843  -0.0019099936104021158  0.0013217378469951144  
-0.0017747868199966487  -0.028571986569361416  -0.0173109245218833  -0.00021097857386494334  -0.00985269606632503  -0.0071157258405794115  -0.009599329353924258  -0.003210085522468822  0.0007257659368647098  -0.00528710524149164  -0.0017235478508606415  -0.018364276300252776  -0.0035526435797074126  0.0  -0.024329837419069703  0.00033529205945752175  -0.01029965927265492  0.0016843986141708003  -0.012683365458728968  -0.004292441789762603  -0.00466545505819406  
0.01604972407849996  -0.0004315652926901516  -0.008405859143413108  0.011138025219453524  -0.002949799500013823  0.011142466748604874  -0.0023548734522895612  0.02084250993292487  0.014758088628858215  0.013532756955035787  0.009866734593200688  -0.010699097067765522  0.006261076880008297  0.024324498415905546  0.0  0.01970748305297964  0.008353573779838244  0.01924099880715745  0.008112967619211528  0.00606312342992457  0.015661306628708176  
-0.0032413949548782575  -0.01723899757518404  -0.013856913565214747  -0.00040125382520395694  -0.010340868317888734  -0.006083524787850165  -0.010216709912421672  -0.0016603629436279038  0.0012375881938646986  -0.0037861483004221342  -0.0018496213179119367  -0.015352883206942922  -0.003891489238958408  -0.00033313332975964455  -0.019690355047545103  0.0  -0.011343276478299934  0.0014533206535264972  -0.011162267464378694  -0.0046403711726554575  -0.006300898754200769  
0.0156643795713095  -0.007328461957949284  -0.015931217921104544  0.012139436962143407  -0.008808999169634155  0.008106198690993485  -0.008199918668186664  0.011140108017302634  0.01132602872094207  0.007795414135744905  0.010277191951235486  -0.020573083150407647  0.0048482678988909815  0.010276295206251923  -0.00835833908148105  0.011289899942034741  0.0  0.009763620157561402  -0.0043661090820533155  0.00433454323648362  0.018129970210461383  
-0.002751966211199938  -0.01865999438847928  -0.01360680948888755  -0.0007309952409531334  -0.009484826642846483  -0.006137941836315653  -0.009247664734856295  -0.002414147111239419  -0.00010882968337248392  -0.004287412415787852  -0.0020181492501352453  -0.014940076900404336  -0.003763322241548764  -0.0016915633642006942  -0.019179080870529427  -0.0014526073673161773  -0.00971613173267054  0.0  -0.010745899918278786  -0.004457680435637392  -0.005335015097660907  
0.013503134893725734  -0.007682507644381597  -0.016533331989320124  0.0113332102263774  -0.007099481268823872  0.013937153942594269  -0.006336851083960335  0.015322011863668383  0.010762760406343268  0.011877148231223869  0.010108030516385091  -0.021223507447458108  0.005026278416920714  0.012655936035159052  -0.008115822287620821  0.011162267464378694  0.004341802281318154  0.010745899918278786  0.0  0.004825317144606221  0.013717848109874893  
0.004520886717876726  -0.00579975909470828  -0.016085558893206776  0.009676298877671366  -0.05704262360161271  -0.00018591877917366933  -0.03389183141227602  0.0038036003986803586  0.005067023250529095  0.0019616954426495744  0.009132061138862245  -0.01956791350592318  0.0019062971892595075  0.004294676913514545  -0.006065782664680894  0.004632727245155241  -0.0043628715773607295  0.00447200674138678  -0.0048290155153510195  0.0  0.002307114511118505  
0.009980416406384264  -0.013409733901074269  -0.017830878989923315  0.0052506712132552305  -0.013317920411293822  -0.0037205539299950273  -0.01328512258386763  0.003317393026024647  0.007684113865750174  0.00016142079896400673  0.00262920022585622  -0.021459411547293052  -0.0013259729468796085  0.004652056278589826  -0.015650854143750195  0.006316660272567663  -0.018497635221489214  0.005383819931024277  -0.013801932993210378  -0.0023241352794602316  0.0  
