Height_Data

node	height
0	65.03279886996626
1	61.316171270527775
2	23.008551946332183
3	136.05667875863503
4	15.182445226097677
5	23.61218456589118
6	70.78050534512197
7	29.233383681888782
8	41.5634306418517
9	57.01347886927409
10	80.74161424516845
11	10.45316709586646
12	19.31399034388834
13	39.037412577481334
14	22.614015592404606
15	21.031470746982396
16	41.07033988939282
17	94.48714800333588
18	44.397709148559244
19	138.71781605534142
20	41.3251259218754



height_matrix
0.0  22.29976559663089  252.14548154180443  -426.14327933201264  299.1021218632115  248.52368582445047  -34.48623885093423  214.79649112846485  140.81620936868734  48.115920004153  -94.25289225121315  327.47779064459877  274.3128511564675  155.97231775490954  254.5126996653699  264.0079687379032  143.7747538834406  -176.72609480021777  123.81053832844208  -442.11010311225095  142.24603768854516  
-22.29976559663089  0.0  229.84571594517354  -448.44304492864353  276.8023562665806  226.22392022781958  -56.78600444756512  192.49672553183396  118.51644377205645  25.816154407522106  -116.55265784784405  305.1780250479679  252.0130855598366  133.67255215827865  232.212934068739  241.70820314127226  121.47498828680972  -199.02586039684866  101.51077273181119  -464.40986870888185  119.94627209191427  
-252.14548154180443  -229.84571594517354  0.0  -678.2887608738171  46.95664032140705  -3.6217957173539617  -286.63172039273866  -37.34899041333958  -111.32927217311709  -204.02956153765143  -346.3983737930176  75.33230910279435  22.167369614663073  -96.17316378689489  2.367218123565465  11.862487196098726  -108.37072765836382  -428.8715763420222  -128.33494321336235  -694.2555846540554  -109.89944385325927  
426.14327933201264  448.44304492864353  678.2887608738171  0.0  725.2454011952241  674.6669651564631  391.6570404810784  640.9397704604775  566.9594887006999  474.25919933616564  331.8903870807995  753.6210699766115  700.4561304884801  582.1155970869222  680.6559789973826  690.1512480699158  569.9180332154533  249.41718453179487  549.9538176604547  -15.966823780238315  568.3893170205578  
-299.1021218632115  -276.8023562665806  -46.95664032140705  -725.2454011952241  0.0  -50.57843603876101  -333.5883607141457  -84.30563073474663  -158.28591249452415  -250.9862018590585  -393.35501411442465  28.375668781387304  -24.789270706743977  -143.12980410830193  -44.589422197841586  -35.094153125308324  -155.32736797977088  -475.82821666342926  -175.29158353476942  -741.2122249754624  -156.8560841746663  
-248.52368582445047  -226.22392022781958  3.6217957173539617  -674.6669651564631  50.57843603876101  0.0  -283.0099246753847  -33.72719469598562  -107.70747645576313  -200.40776582029747  -342.7765780756636  78.95410482014832  25.789165332017035  -92.55136806954093  5.9890138409194265  15.484282913452688  -104.74893194100986  -425.24978062466823  -124.71314749600839  -690.6337889367014  -106.27764813590531  
34.48623885093423  56.78600444756512  286.63172039273866  -391.6570404810784  333.5883607141457  283.0099246753847  0.0  249.28272997939908  175.30244821962157  82.60215885508723  -59.766653400278926  361.964029495533  308.79909000740173  190.45855660584377  288.9989385163041  298.4942075888374  178.26099273437484  -142.23985594928354  158.2967771793763  -407.6238642613167  176.7322765394794  
-214.79649112846485  -192.49672553183396  37.34899041333958  -640.9397704604775  84.30563073474663  33.72719469598562  -249.28272997939908  0.0  -73.98028175977751  -166.68057112431185  -309.04938337967803  112.68129951613393  59.51636002800265  -58.82417337355531  39.71620853690504  49.211477609438305  -71.02173724502424  -391.5225859286826  -90.98595280002277  -656.9065942407158  -72.55045343991969  
-140.81620936868734  -118.51644377205645  111.32927217311709  -566.9594887006999  158.28591249452415  107.70747645576313  -175.30244821962157  73.98028175977751  0.0  -92.70028936453434  -235.0691016199005  186.66158127591143  133.49664178778016  15.1561083862222  113.69649029668255  123.19175936921582  2.958544514753271  -317.5423041689051  -17.00567104024526  -582.9263124809383  1.429828319857819  
-48.115920004153  -25.816154407522106  204.02956153765143  -474.25919933616564  250.9862018590585  200.40776582029747  -82.60215885508723  166.68057112431185  92.70028936453434  0.0  -142.36881225536615  279.3618706404458  226.1969311523145  107.85639775075654  206.3967796612169  215.89204873375016  95.65883387928761  -224.84201480437076  75.69461832428908  -490.22602311640395  94.13011768439216  
94.25289225121315  116.55265784784405  346.3983737930176  -331.8903870807995  393.35501411442465  342.7765780756636  59.766653400278926  309.04938337967803  235.0691016199005  142.36881225536615  0.0  421.7306828958119  368.56574340768066  250.2252100061227  348.76559191658305  358.2608609891163  238.02764613465376  -82.47320254900461  218.06343057965523  -347.8572108610378  236.4989299397583  
-327.47779064459877  -305.1780250479679  -75.33230910279435  -753.6210699766115  -28.375668781387304  -78.95410482014832  -361.964029495533  -112.68129951613393  -186.66158127591143  -279.3618706404458  -421.7306828958119  0.0  -53.16493948813128  -171.50547288968926  -72.96509097922889  -63.46982190669563  -183.70303676115816  -504.20388544481654  -203.6672523161567  -769.5878937568498  -185.23175295605364  
-274.3128511564675  -252.0130855598366  -22.167369614663073  -700.4561304884801  24.789270706743977  -25.789165332017035  -308.79909000740173  -59.51636002800265  -133.49664178778016  -226.1969311523145  -368.56574340768066  53.16493948813128  0.0  -118.34053340155796  -19.80015149109761  -10.304882418564347  -130.5380972730269  -451.03894595668527  -150.50231282802542  -716.4229542687185  -132.06681346792234  
-155.97231775490954  -133.67255215827865  96.17316378689489  -582.1155970869222  143.12980410830193  92.55136806954093  -190.45855660584377  58.82417337355531  -15.1561083862222  -107.85639775075654  -250.2252100061227  171.50547288968926  118.34053340155796  0.0  98.54038191046035  108.03565098299362  -12.19756387146893  -332.69841255512733  -32.16177942646746  -598.0824208671605  -13.726280066364382  
-254.5126996653699  -232.212934068739  -2.367218123565465  -680.6559789973826  44.589422197841586  -5.9890138409194265  -288.9989385163041  -39.71620853690504  -113.69649029668255  -206.3967796612169  -348.76559191658305  72.96509097922889  19.80015149109761  -98.54038191046035  0.0  9.495269072533262  -110.73794578192928  -431.23879446558766  -130.70216133692782  -696.6228027776208  -112.26666197682474  
-264.0079687379032  -241.70820314127226  -11.862487196098726  -690.1512480699158  35.094153125308324  -15.484282913452688  -298.4942075888374  -49.211477609438305  -123.19175936921582  -215.89204873375016  -358.2608609891163  63.46982190669563  10.304882418564347  -108.03565098299362  -9.495269072533262  0.0  -120.23321485446255  -440.73406353812095  -140.19743040946108  -706.1180718501541  -121.761931049358  
-143.7747538834406  -121.47498828680972  108.37072765836382  -569.9180332154533  155.32736797977088  104.74893194100986  -178.26099273437484  71.02173724502424  -2.958544514753271  -95.65883387928761  -238.02764613465376  183.70303676115816  130.5380972730269  12.19756387146893  110.73794578192928  120.23321485446255  0.0  -320.5008486836584  -19.964215554998532  -585.8848569956915  -1.528716194895452  
176.72609480021777  199.02586039684866  428.8715763420222  -249.41718453179487  475.82821666342926  425.24978062466823  142.23985594928354  391.5225859286826  317.5423041689051  224.84201480437076  82.47320254900461  504.20388544481654  451.03894595668527  332.69841255512733  431.23879446558766  440.73406353812095  320.5008486836584  0.0  300.53663312865984  -265.3840083120332  318.9721324887629  
-123.81053832844208  -101.51077273181119  128.33494321336235  -549.9538176604547  175.29158353476942  124.71314749600839  -158.2967771793763  90.98595280002277  17.00567104024526  -75.69461832428908  -218.06343057965523  203.6672523161567  150.50231282802542  32.16177942646746  130.70216133692782  140.19743040946108  19.964215554998532  -300.53663312865984  0.0  -565.9206414406931  18.43549936010308  
442.11010311225095  464.40986870888185  694.2555846540554  15.966823780238315  741.2122249754624  690.6337889367014  407.6238642613167  656.9065942407158  582.9263124809383  490.22602311640395  347.8572108610378  769.5878937568498  716.4229542687185  598.0824208671605  696.6228027776208  706.1180718501541  585.8848569956915  265.3840083120332  565.9206414406931  0.0  584.3561408007961  
-142.24603768854516  -119.94627209191427  109.89944385325927  -568.3893170205578  156.8560841746663  106.27764813590531  -176.7322765394794  72.55045343991969  -1.429828319857819  -94.13011768439216  -236.4989299397583  185.23175295605364  132.06681346792234  13.726280066364382  112.26666197682474  121.761931049358  1.528716194895452  -318.9721324887629  -18.43549936010308  -584.3561408007961  0.0  



slope_matrix
0.0  0.003167580340430524  0.005044927601876839  -0.017837726217329954  0.003306822795613173  0.003976951654229417  -0.0005957201390729699  0.005168346754775382  0.0023859066311197447  0.000655530245288188  -0.0014715517915880273  0.004412079687490384  0.0036055842686181323  0.0022123733014880785  0.00286645680443034  0.0027313052838599545  0.0034761787689419877  -0.002730203843661637  0.0018784503091812  -0.0168679932511351  0.003681315675169388  
-0.003208599366421711  0.0  0.004143604037230459  -0.014765987649938871  0.002885161103466548  0.0033277521693976194  -0.0009138397883418912  0.004114056967981064  0.0018371794105108735  0.00033724564869395306  -0.0017344145513072031  0.003828459913037621  0.003089531513544644  0.0017549238828709287  0.002463013725803341  0.002366208547638495  0.002539192898971775  -0.0029320250500419662  0.0014216995942887521  -0.014206481147411498  0.0027069797357687714  
-0.005046947188586958  -0.004122793111124189  0.0  -0.01875279958180307  0.0005529449761708771  -5.379090934865012e-05  -0.0043128456273358205  -0.0004903372773183613  -0.0019717906550205822  -0.0024484526765588795  -0.004461596777344379  0.0019435580263878832  0.0003142034785426581  -0.0014023500114741163  2.745205463888236e-05  0.00012606122353746215  -0.005931621656177549  -0.005808119939626519  -0.002009912815983498  -0.02121808021558849  -0.003597363137586228  
0.017830262733557013  0.014650213816682245  0.018789162351075264  0.0  0.007542069479983611  0.009892332446099956  0.00781282745823017  0.015606032881920561  0.00875883653175807  0.007078495512480084  0.005413315724690906  0.011259671452340641  0.008564080333640789  0.011140968365299946  0.007202708772459075  0.006741733399139551  0.02865349588815753  0.004336935916045816  0.007678667118030391  -0.003580005331891999  0.03353329303956093  
-0.003316723462665907  -0.002884259208779625  -0.0005517170758008113  -0.0075334517627009875  0.0  -0.0008677034832520332  -0.002296791957602507  -0.0006539832189242704  -0.0036716750752615207  -0.0015707155087524235  -0.0026146796027308023  0.0005940060452457045  -0.0012897643447837657  -0.0009443148651336143  -0.0010825302791415776  -0.0006398204763046185  -0.0015817450914436954  -0.0031486571466800063  -0.003520618267418546  -0.007726594652094886  -0.0014096889024415055  
-0.004046233142157413  -0.003365876422428168  5.4586220306766566e-05  -0.009993437590266226  0.0008759687571659337  0.0  -0.0024733873265227377  -0.0003438322666067122  -0.0050949610433189746  -0.0015538858497991617  -0.0028654978020402904  0.0011622862479044357  0.000594631434909316  -0.0007932679763569433  0.0001244858416320812  0.0003081449336010485  -0.001422813218253078  -0.0035348521273517335  -0.0077365476114149125  -0.010281725580037537  -0.0012853938406151995  
0.0005969575705545132  0.0009194625072468446  0.004354781531339086  -0.007786422275965774  0.002336363806908102  0.0024647709034451995  0.0  0.015108044241175702  0.0015743230704674549  0.004358952973883231  -0.00450728909504366  0.0035009578246980658  0.0024047713202716412  0.011336818845585938  0.0020478804608548983  0.002003437842479327  0.0034439913588557736  -0.0150359255760342  0.0013387525344579448  -0.0077113860057002786  0.004826113504628055  
-0.005154703410810291  -0.004100910215846484  0.0004948196928105402  -0.015682402017628515  0.0006648132317760024  0.00034118879431863406  -0.014891441456355979  0.0  -0.0007756291269726414  -0.004890861828765019  -0.012451627049946738  0.0010594230922625204  0.000529311906048529  -0.0017923270375854756  0.0003173463139479912  0.0003699526962617805  -0.0011886483220924558  -0.015686001038809398  -0.000889646753754916  -0.014640218280381452  -0.0014836493545995848  
-0.002389145052064597  -0.0018309353278550356  0.0019589877208009343  -0.008718429781650007  0.003688788452447545  0.005082938954967585  -0.0015660253903361733  0.0007737632883222382  0.0  -0.0007328607518679933  -0.002006719266694842  0.0031957127422686427  0.0046401335345074785  0.00012614322418828298  0.003346967627220564  0.0030614254316405523  4.231327967324472e-05  -0.0026951248433547932  -0.001677087873791446  -0.009011073001714923  1.7828283289997742e-05  
-0.0006520655915998509  -0.0003347096383705705  0.002468895952778938  -0.0070658402761645655  0.0015870035716439258  0.001539324734394567  -0.004284344338956806  0.004890861828765019  0.000731530601593535  0.0  -0.014109892195774644  0.002322982460007033  0.0015732046038928267  0.004455035016553348  0.0013189051105892153  0.001313523577574669  0.0013948503044515547  -0.019135490621648574  0.0005665255989304036  -0.007035390687663662  0.0017614168728366797  
0.0014606057996468798  0.001717292733871284  0.00451274588057605  -0.005419503381463088  0.0026418992021977465  0.002834457199712761  0.004460198014946189  0.012451627049946738  0.0020012523443517466  0.01405417692550505  0.0  0.003688714098625137  0.002739837968850073  0.011797511079968067  0.0023688325958295675  0.002309855261984876  0.0037962941967249406  -0.009425508862743385  0.0017535980971729865  -0.0054523073802670505  0.004972643606807365  
-0.004434844541651076  -0.0038323541421535047  -0.0019710180299004278  -0.011271628327499424  -0.0005942548435892629  -0.0011358668511026947  -0.0034898190271455166  -0.0010572461954975975  -0.0032138702010315327  -0.0023166255132303325  -0.003670414994741618  0.0  -0.0010812474982332984  -0.0016204220794566256  -0.0008665687764754025  -0.0006630779555651445  -0.0033225363856241303  -0.004538288797883137  -0.0031108485155973225  -0.011653359990261201  -0.0027413312558243843  
-0.003626078666972472  -0.0030944632313339468  -0.000314074378218519  -0.008569318944072426  0.0012985474440410675  -0.0005893319317188537  -0.0023624567940525414  -0.0005203343215044689  -0.004633691141540443  -0.0015571759188792208  -0.0027118168758060836  0.0010861070375512009  0.0  -0.0008765316154474332  -0.0004978665197660953  -0.0001968458914720983  -0.0015601541445324117  -0.0033021132135842425  -0.004178298523820806  -0.008801264794456  -0.0013764128553196702  
-0.00221425777619122  -0.001746212307750211  0.0014128568207271174  -0.011077366262358177  0.0009455625560434824  0.0007865934172711513  -0.010877130588569033  0.0017814710288781136  -0.00012608026275869063  -0.004495889860390018  -0.01184778456468384  0.0016234898986150063  0.0008780860378090091  0.0  0.0006548839098189696  0.0006823016987684326  -0.00022583899039935068  -0.02466259544515399  -0.00025828397962164985  -0.010852520792363646  -0.0003531330091681086  
-0.0028735768281062425  -0.0024609255412117318  -2.7379344477972067e-05  -0.007190534322811986  0.0010736677630108738  -0.00012516225372872364  -0.0020120930614999834  -0.0003119866186196891  -0.0033489393312719456  -0.0013048139767811362  -0.0023433665830141777  0.0008647202059638408  0.0004957474083900253  -0.0006558864610653644  0.0  0.0006593936855925876  -0.001112385191179601  -0.0028843282063900828  -0.004049013672147702  -0.0073857379429349106  -0.001022185759599606  
-0.0027366846557261653  -0.0023636632421403505  -0.00012571520979333113  -0.006729243838435216  0.0006404042541114657  -0.0003088825636036842  -0.0019698557231776826  -0.00036398752678928637  -0.0030432746879746992  -0.0012999202120275658  -0.0022858328026307256  0.0006615574516019973  0.00019579863991191996  -0.0006831646072024385  -0.00069006315934108  0.0  -0.0011189689609535835  -0.0027998936766688537  -0.004056638611384869  -0.006907826959989769  -0.001034247269594479  
-0.0034896784923165195  -0.00253548295317908  0.006037366443362887  -0.028553007676124915  0.0015859441288520613  0.0014103611361232493  -0.0034215161753238933  0.0011856717403176  -4.2581239417865156e-05  -0.0013869629386586576  -0.0037614988327220886  0.0033177358996055294  0.0015620210275580579  0.0002249642912480437  0.0011157475645534438  0.00112241612074741  0.0  -0.005388380105643214  -0.000259714004878347  -0.03585586640120511  -9.442348331658135e-05  
0.002744194018636922  0.0029380847416127643  0.005887049778202089  -0.004350552669314406  0.0031986086182764924  0.0035202213591221027  0.014988393672211121  0.01583188782566448  0.0027063802760472944  0.01872123353908166  0.00934011353895862  0.004566236962912666  0.003356169281846889  0.02449914672718169  0.002931583024354611  0.002843977670261668  0.005451621852077876  0.0  0.002419351106314983  -0.004431190654734233  0.007307494444187008  
-0.0018974504349119872  -0.0014289040516294984  0.0020096295523545625  -0.007708804441491634  0.0035107467160979252  0.007760619010330329  -0.0013386393226277468  0.0008927017994154625  0.0016988682357887374  -0.0005699810117640479  -0.0017663823233293526  0.003112274638083079  0.004142645549904361  0.0002571893021764517  0.004047759719322633  0.0040719555739024416  0.00025944399681609526  -0.0024211052196746997  0.0  -0.007970600997742189  0.00021310006080270809  
0.016997697159256094  0.014193455645136976  0.021467395938591694  0.0035880502876940033  0.007725789295137194  0.010159217854057772  0.007699732985668998  0.014578486334680776  0.009036216284001525  0.0070222894014668955  0.00542509686308543  0.01163204748653814  0.008782922082490112  0.01086237596925464  0.007388871476215749  0.006912560664220795  0.036121137915887266  0.0043996022598148735  0.007925948396250656  0.0  0.03515981593265921  
-0.0037110889039536957  -0.002699061028170888  0.0036402598162722515  -0.03355308837193375  0.0014117061692781661  0.0012701849880592476  -0.004812970493994537  0.0014866896196704855  -1.7828283289997742e-05  -0.001756486614748874  -0.004937347180370737  0.0027397094062424736  0.0013784241046646733  0.0003534057689589182  0.0010208844410004977  0.0010332818317155296  9.477471760046199e-05  -0.007232928174348365  -0.00021168087816310618  -0.03515981593265921  0.0  
