Height_Data

node	height
0	26.129278189909922
1	49.24130638237966
2	8.026060360107234
3	18.31620896974072
4	9.372129047839918
5	70.88444208671969
6	46.314498675316784
7	64.82161195857614
8	20.301631331376147
9	177.591091434308
10	41.109732911883356
11	6.605556996795515
12	16.222515180473735
13	32.9958904220395
14	19.73409297515493
15	39.91872361999389
16	86.29804047435802
17	22.64304799506814
18	15.288430588339228
19	39.28505521084368
20	9.811906755849945



height_matrix
0.0  -46.22405638493948  36.206435659605376  15.626138440338401  33.51429828414001  -89.51032779361952  -40.370440970813725  -77.38466753733243  11.65529371706755  -302.9236264887962  -29.960909443946868  39.047442386228816  19.813526018872373  -13.733224464259159  12.790370429509984  -27.578890860167938  -120.33752456889619  6.972460389683562  21.681695203141388  -26.311554041867517  32.63474286811996  
46.22405638493948  0.0  82.43049204454485  61.85019482527788  79.73835466907948  -43.28627140868005  5.8536154141257555  -31.16061115239296  57.87935010200703  -256.6995701038567  16.263146940992613  85.2714987711683  66.03758240381185  32.49083192068032  59.014426814449465  18.645165524771542  -74.11346818395671  53.19651677462304  67.90575158808088  19.912502343071964  78.85879925305943  
-36.206435659605376  -82.43049204454485  0.0  -20.580297219266974  -2.692137375465368  -125.7167634532249  -76.5768766304191  -113.59110319693781  -24.551141942537825  -339.1300621484015  -66.16734510355224  2.841006726623439  -16.392909640733002  -49.939660123864535  -23.41606523009539  -63.785326519773314  -156.54396022850156  -29.233975269921814  -14.524740456463988  -62.51798970147289  -3.5716927914854217  
-15.626138440338401  -61.85019482527788  20.580297219266974  0.0  17.888159843801606  -105.13646623395793  -55.996579411152126  -93.01080597767084  -3.970844723270851  -318.54976492913454  -45.58704788428527  23.421303945890415  4.187387578533972  -29.35936290459756  -2.835768010828417  -43.20502930050634  -135.9636630092346  -8.65367805065484  6.055556762802986  -41.93769248220592  17.008604427781552  
-33.51429828414001  -79.73835466907948  2.692137375465368  -17.888159843801606  0.0  -123.02462607775954  -73.88473925495373  -110.89896582147244  -21.859004567072457  -336.4379247729362  -63.47520772808687  5.533144102088807  -13.700772265267634  -47.24752274839916  -20.723927854630023  -61.09318914430794  -153.8518228530362  -26.541837894456446  -11.83260308099862  -59.82585232600752  -0.8795554160200538  
89.51032779361952  43.28627140868005  125.7167634532249  105.13646623395793  123.02462607775954  0.0  49.139886822805806  12.125660256287091  101.16562151068709  -213.41329869517662  59.54941834967266  128.55777017984835  109.3238538124919  75.77710332936037  102.30069822312952  61.93143693345159  -30.82719677527666  96.48278818330309  111.19202299676093  63.198773751752015  122.14507066173948  
40.370440970813725  -5.8536154141257555  76.5768766304191  55.996579411152126  73.88473925495373  -49.139886822805806  0.0  -37.014226566518715  52.025734687881275  -262.55318551798246  10.409531526866857  79.41788335704254  60.1839669896861  26.637216506554566  53.16081140032371  12.791550110645787  -79.96708359808247  47.34290136049729  62.05213617395511  14.058886928946208  73.00518383893368  
77.38466753733243  31.16061115239296  113.59110319693781  93.01080597767084  110.89896582147244  -12.125660256287091  37.014226566518715  0.0  89.0399612544  -225.5389589514637  47.42375809338557  116.43210992356126  97.19819355620481  63.65144307307328  90.17503796684242  49.8057766771645  -42.95285703156375  84.357127927016  99.06636274047383  51.07311349546492  110.01941040545239  
-11.65529371706755  -57.87935010200703  24.551141942537825  3.970844723270851  21.859004567072457  -101.16562151068709  -52.025734687881275  -89.0399612544  0.0  -314.5789202058637  -41.61620316101442  27.392148669161266  8.158232301804823  -25.38851818132671  1.1350767124424337  -39.23418457723549  -131.99281828596375  -4.682833327383989  10.026401486073837  -37.96684775893507  20.979449151052403  
302.9236264887962  256.6995701038567  339.1300621484015  318.54976492913454  336.4379247729362  213.41329869517662  262.55318551798246  225.5389589514637  314.5789202058637  0.0  272.9627170448493  341.97106887502497  322.7371525076685  289.190402024537  315.7139969183061  275.3447356286282  182.58610191989996  309.8960868784797  324.60532169193755  276.61207244692866  335.5583693569161  
29.960909443946868  -16.263146940992613  66.16734510355224  45.58704788428527  63.47520772808687  -59.54941834967266  -10.409531526866857  -47.42375809338557  41.61620316101442  -272.9627170448493  0.0  69.00835183017568  49.77443546281924  16.22768497968771  42.75127987345685  2.3820185837789296  -90.37661512494932  36.93336983363043  51.642604647088255  3.649355402079351  62.59565231206682  
-39.047442386228816  -85.2714987711683  -2.841006726623439  -23.421303945890415  -5.533144102088807  -128.55777017984835  -79.41788335704254  -116.43210992356126  -27.392148669161266  -341.97106887502497  -69.00835183017568  0.0  -19.233916367356443  -52.780666850487975  -26.257071956718832  -66.62633324639675  -159.384966955125  -32.074981996545255  -17.36574718308743  -65.35899642809633  -6.412699518108861  
-19.813526018872373  -66.03758240381185  16.392909640733002  -4.187387578533972  13.700772265267634  -109.3238538124919  -60.1839669896861  -97.19819355620481  -8.158232301804823  -322.7371525076685  -49.77443546281924  19.233916367356443  0.0  -33.54675048313153  -7.023155589362389  -47.39241687904031  -140.15105058776857  -12.841065629188812  1.8681691842690142  -46.12508006073989  12.82121684924758  
13.733224464259159  -32.49083192068032  49.939660123864535  29.35936290459756  47.24752274839916  -75.77710332936037  -26.637216506554566  -63.65144307307328  25.38851818132671  -289.190402024537  -16.22768497968771  52.780666850487975  33.54675048313153  0.0  26.523594893769143  -13.84566639590878  -106.60430010463703  20.70568485394272  35.41491966740055  -12.578329577608358  46.36796733237911  
-12.790370429509984  -59.014426814449465  23.41606523009539  2.835768010828417  20.723927854630023  -102.30069822312952  -53.16081140032371  -90.17503796684242  -1.1350767124424337  -315.7139969183061  -42.75127987345685  26.257071956718832  7.023155589362389  -26.523594893769143  0.0  -40.36926128967792  -133.1278949984062  -5.8179100398264225  8.891324773631403  -39.1019244713775  19.84437243860997  
27.578890860167938  -18.645165524771542  63.785326519773314  43.20502930050634  61.09318914430794  -61.93143693345159  -12.791550110645787  -49.8057766771645  39.23418457723549  -275.3447356286282  -2.3820185837789296  66.62633324639675  47.39241687904031  13.84566639590878  40.36926128967792  0.0  -92.75863370872825  34.5513512498515  49.260586063309326  1.2673368183004214  60.21363372828789  
120.33752456889619  74.11346818395671  156.54396022850156  135.9636630092346  153.8518228530362  30.82719677527666  79.96708359808247  42.95285703156375  131.99281828596375  -182.58610191989996  90.37661512494932  159.384966955125  140.15105058776857  106.60430010463703  133.1278949984062  92.75863370872825  0.0  127.30998495857975  142.0192197720376  94.02597052702868  152.97226743701614  
-6.972460389683562  -53.19651677462304  29.233975269921814  8.65367805065484  26.541837894456446  -96.48278818330309  -47.34290136049729  -84.357127927016  4.682833327383989  -309.8960868784797  -36.93336983363043  32.074981996545255  12.841065629188812  -20.70568485394272  5.8179100398264225  -34.5513512498515  -127.30998495857975  0.0  14.709234813457826  -33.28401443155108  25.662282478436392  
-21.681695203141388  -67.90575158808088  14.524740456463988  -6.055556762802986  11.83260308099862  -111.19202299676093  -62.05213617395511  -99.06636274047383  -10.026401486073837  -324.60532169193755  -51.642604647088255  17.36574718308743  -1.8681691842690142  -35.41491966740055  -8.891324773631403  -49.260586063309326  -142.0192197720376  -14.709234813457826  0.0  -47.993249245008904  10.953047664978566  
26.311554041867517  -19.912502343071964  62.51798970147289  41.93769248220592  59.82585232600752  -63.198773751752015  -14.058886928946208  -51.07311349546492  37.96684775893507  -276.61207244692866  -3.649355402079351  65.35899642809633  46.12508006073989  12.578329577608358  39.1019244713775  -1.2673368183004214  -94.02597052702868  33.28401443155108  47.993249245008904  0.0  58.94629690998747  
-32.63474286811996  -78.85879925305943  3.5716927914854217  -17.008604427781552  0.8795554160200538  -122.14507066173948  -73.00518383893368  -110.01941040545239  -20.979449151052403  -335.5583693569161  -62.59565231206682  6.412699518108861  -12.82121684924758  -46.36796733237911  -19.84437243860997  -60.21363372828789  -152.97226743701614  -25.662282478436392  -10.953047664978566  -58.94629690998747  0.0  



slope_matrix
0.0  -0.0006465807299613859  0.000362100566652719  0.000736387296905674  0.0003984105835014267  -0.0014158545997092617  -0.0006388738878115798  -0.0011642044160874445  0.0006626090799924702  -0.005009486133434698  -0.000996703574316263  0.0004324190740446159  0.00020037951070866073  -0.00023600660705033784  0.0001440032698661336  -0.0007875182998334649  -0.0019028704074778018  8.545729120827996e-05  0.0005850430437976629  -0.00034425688920407586  0.00044160082905671044  
0.0006396022745944304  0.0  0.0009463891164700901  0.0011204745439361936  0.0012226058673578577  -0.00033570863509136073  0.0006870440626908163  -0.0002353342734868436  0.0009107686876791036  -0.0021255243032529325  0.00016707568256618669  0.0007584340508504621  0.0004302963602255285  0.0002673042527410968  0.0004005051022358294  0.00017999001375394865  -0.0005999147497487187  0.003874473180963077  0.0007921809564638459  0.00014008091694035852  0.0006231434156701654  
-0.0003606937204583122  -0.0009479127420025856  0.0  -0.00019499997365233062  -0.000108729296262737  -0.0008065488128134016  -0.0009517384617253181  -0.0007426682131215287  -0.00029392005198776276  -0.003219079849533949  -0.0005358981542362698  4.5859672746141065e-05  -0.00013813628859994778  -0.00032668057907937813  -0.00018970822177470504  -0.0005130324661768947  -0.0014693444737047265  -0.0003537937222548931  -0.00010631489135166145  -0.00038239641385695084  -2.0427065281213272e-05  
-0.0007148279249926076  -0.0011272133192141039  0.00019457594042986644  0.0  0.00021593626078949307  -0.0013686079957557658  -0.0011042512208864548  -0.0011584357451447358  -0.00014604062976354728  -0.004079786948375186  -0.0010081169368484138  0.0002187680174284552  3.552245994684401e-05  -0.0004228627812847121  -2.6644442458220586e-05  -0.0008394215912280229  -0.0016816779592978926  -0.00012941046882989144  0.00016844385988325415  -0.00046581908788410437  0.0002215238920002807  
-0.0003968067521210042  -0.0012254242303531503  0.00010816140520150132  -0.00021632797005443954  0.0  -0.0008570158556444412  -0.0012694972380576243  -0.000755442546467796  -0.0003151983355021263  -0.003255955915735374  -0.00057107699260537  8.31176821704793e-05  -0.00011612693794142814  -0.00033616167021272974  -0.0001688427489969124  -0.0005323561270852905  -0.0014719845278706105  -0.0004317852268497876  -0.00010259778965575843  -0.00038163978263592446  -5.705804153200782e-06  
0.001413395354391592  0.0003351368179674826  0.0008066005611011478  0.0013648768821752295  0.000856061694229765  0.0  0.0003954888638546636  0.0015176045377080214  0.0012946713784321357  -0.003614111747589782  0.0017412110628559259  0.0010835955005044533  0.001270468957727971  0.005144406200228131  0.001439030781025876  0.0018864281734222233  -0.0005192386184146313  0.0006834994912390414  0.002027201877789625  0.004784161525492204  0.0026352766054312726  
0.0006332618191500192  -0.0007052548691717777  0.0009533973684066122  0.0010977568988659503  0.0012802761957191775  -0.0003960945568938329  0.0  -0.00029076147529492083  0.0009454067724492327  -0.0023390038798929394  0.00011413960007529448  0.0007642875475843996  0.0004152050154514391  0.0002278028624278811  0.00038292020024723554  0.00013302360763982723  -0.0006952450321516473  0.0025729837695922437  0.0007610957460315849  0.0001024170212859687  0.0005966425616127303  
0.001155339915457337  0.00023499706751427572  0.0007437866893461092  0.0011558444883518187  0.0007525717007428912  -0.0015157075320358863  0.0002898734175980979  0.0  0.0010886411695121654  -0.00429925579396614  0.0012430867128017187  0.001039108522298628  0.001235674975288645  0.0030719808432950425  0.0014156206902173065  0.0013885078527227349  -0.0008138093412573655  0.0005833826274344122  0.001671159965257656  0.0038809356759471826  0.00208528071276445  
-0.0006485973131367585  -0.0009134998437816766  0.0002939552435648686  0.0001458796738894508  0.0003154712738789502  -0.0013001622093649543  -0.000944891657970964  -0.0010984451178682457  0.0  -0.005291487303715117  -0.0009320538221951717  0.00035226528638324675  8.362271732067263e-05  -0.0003436918665402289  1.2927980779526579e-05  -0.0007908523397951116  -0.0021213889149142356  -6.374671014680083e-05  0.00018495483279973873  -0.00041712643110234087  0.00023274036399698698  
0.004971666280794291  0.002119732205647041  0.003201726401265108  0.004054343450797181  0.0032440258873101552  0.00362762703884373  0.0023275991623934616  0.0043314568648254986  0.005244730246846677  0.0  0.005966398186772662  0.005599657260111757  0.007801236463806345  0.0045852291426119705  0.010073835255848951  0.007629391400072823  0.0535443114134604  0.0023623729751370615  0.0041446031880993045  0.004418017448441601  0.0034153523598668308  
0.0009933988542422702  -0.00016779970017532616  0.0005354644744157338  0.0010177952195643061  0.0005709742531985866  -0.001738161656441117  -0.00011393970585449712  -0.0012542649588306155  0.0009254214623307631  -0.005986024496597572  0.0  0.0006838603887640044  0.0005770280021193977  0.0005212876639796887  0.0005608196231596071  0.0002297028528234262  -0.0018754226006422355  0.00033908712664001495  0.0015701612844964505  7.687708873139565e-05  0.0010513209995308501  
-0.0004317496946730298  -0.0007584340508504621  -4.594124719636867e-05  -0.00021844155890589828  -8.346876002547605e-05  -0.001079047928318351  -0.000763112522768519  -0.0010360572159064001  -0.0003509564211295486  -0.005644949964922829  -0.0006880194599219909  0.0  -0.0003243493485220311  -0.00043135556432239276  -0.0003875582576637466  -0.0006985356809225912  -0.0026453936424087137  -0.0002751540434288567  -0.0001387262117198229  -0.0005321093904428587  -4.0725895580521154e-05  
-0.000200338989068477  -0.00043277791731969234  0.00013832278284674128  -3.551643408425761e-05  0.00011665990246477099  -0.001268552492602598  -0.0004171042136647453  -0.0012326974452277085  -8.354564569180566e-05  -0.007890883924392873  -0.0005764265832405239  0.00032293345143311693  0.0  -0.00035109105686165914  -0.0004295508005726232  -0.000617973880284787  -0.003622410198701695  -7.92364903689301e-05  1.5709461690792248e-05  -0.0005193096156354412  9.686624999431536e-05  
0.000234675742724866  -0.00026664613804415526  0.00032636034586240055  0.0004211038856081119  0.00033599433045369907  -0.005355272320096139  -0.0002268908825866438  -0.003083887745788434  0.00034197896257174984  -0.00458304916045225  -0.0005177946706983953  0.0004309681297500447  0.0003519012953228945  0.0  0.00033171079156789823  -0.00040567437433075825  -0.001637043920525753  0.00015469320025358776  0.0008348637356765806  -0.0004979544567540918  0.001248464386978436  
-0.00014429569527876787  -0.0004014859977852198  0.0001890343679773911  2.668204752379015e-05  0.00016875887896475647  -0.0014380193733923182  -0.00038330673733018755  -0.0014131803473882217  -1.2944197883936979e-05  -0.01025045444539955  -0.0005606725229305817  0.0003839875980801233  0.00043460121221301914  -0.00033113102239412163  0.0  -0.000606236090849646  -0.004656449632682973  -3.704023709063744e-05  8.170671543495133e-05  -0.000529980000967437  0.000169929546485785  
0.000786619819171932  -0.0001819395543010494  0.0005128674641776418  0.0008580939285105529  0.0005314299682003126  -0.0018670918581082784  -0.00013288541565183656  -0.0014006123924961895  0.000786729187432033  -0.007654843915168979  -0.0002272918495972261  0.0006988287523221812  0.0006184577434299924  0.0004073452896707496  0.0006061450644095785  0.0  -0.0024055662268861063  0.0003018112443208552  0.0011442644846297173  2.7568780036989808e-05  0.0009043802001845583  
0.0018448187117721321  0.0005958153242540133  0.0014630139926589617  0.001640686171222814  0.001468191839422046  0.000500116754952574  0.0006888369678532386  0.0007826686776888439  0.0020534041425943335  -0.033440678007307684  0.00177522323953937  0.0026375139327341553  0.0036804372528300567  0.001584251747728296  0.004746092513312164  0.0022486941505146245  0.0  0.0009467538109509909  0.0017012364610929276  0.0014372664403397841  0.0014792792518810187  
-8.474064644729656e-05  -0.0037174365321190105  0.0003523014614355485  0.00012782390030509363  0.0004292711935056841  -0.0006821464096670184  -0.0025549326152454013  -0.0005821346209855497  6.366005067134297e-05  -0.0023703234425461197  -0.00033658406847380325  0.00027472982669566215  7.885694933179078e-05  -0.0001547741430254352  3.698137579345552e-05  -0.0003012586210641861  -0.0009535614183100872  0.0  0.00015080207928498899  -0.00021522156114808327  0.00018546131732627297  
-0.000585517018718374  -0.0007890512617717973  0.00010664273462895733  -0.00016858454239429248  0.0001022431787868195  -0.0020522706348608515  -0.0007576573403413323  -0.0016908408045822466  -0.00018636433988984826  -0.004164810388657141  -0.0015812187583309325  0.00013904834000390287  -1.5751848096703324e-05  -0.0008486680965109166  -8.18948583736889e-05  -0.0011533735908056504  -0.001763556684118187  -0.00015066306272106756  0.0  -0.0007461637009485215  0.0002546628148100108  
0.0003454319816445781  -0.0001402288897399434  0.00038171931677538704  0.00046664840861473147  0.00038215172357717995  -0.004925859216816213  -0.00010255149447408078  -0.003913648543713787  0.0004173098236858108  -0.004354724062451648  -7.757983422787737e-05  0.0005330598105234958  0.0005200121765585106  0.0005033345169110987  0.0005302674867287429  -2.7749875592301763e-05  -0.0014728378841953114  0.00021576568411481317  0.0007443121781173837  0.0  0.0011164071384467324  
-0.000443641914439988  -0.0006225530848113952  2.05303917979745e-05  -0.00022224754250335231  5.691773275394929e-06  -0.0026546928052365625  -0.0005959120385187631  -0.002095567901667633  -0.000233180126385751  -0.0034212372361305055  -0.0010490305398368832  4.067939303545331e-05  -9.736573119316819e-05  -0.001252815847515039  -0.00017080566046608284  -0.0009035659322972372  -0.0015195266505450044  -0.00018563572394702252  -0.0002572345623527141  -0.0011189502070992306  0.0  
