Height_Data

node	height
0	37.97369564988574
1	37.360871853104356
2	27.124247597240377
3	24.262257666301583
4	14.24647751036453
5	49.83112080348071
6	101.62117833705612
7	31.051272126767504
8	46.64056589391611
9	262.85346089822497
10	180.67368215475676
11	18.65921875354727
12	182.09109309939112
13	42.76905310190343
14	103.12060800781285
15	61.65891750448165
16	16.77289271622345
17	63.17764177256616
18	17.75384999771492
19	265.25531593899615
20	27.678885912042198



height_matrix
0.0  2.14488328873486  37.97306818425879  47.99003294254457  83.04526348832425  -41.500988037582374  -222.76618940509633  24.22848233091385  -30.33404585410628  -787.0791783691873  -499.44995276704856  67.60066913718465  -504.4108910732688  -16.78375108206191  -228.01419325274486  -82.89827649108565  74.20281026781804  -88.21381142938145  70.76945978259789  -795.4856710118864  36.03183408245242  
-2.14488328873486  0.0  35.82818489552393  45.84514965380971  80.90038019958939  -43.645871326317234  -224.9110726938312  22.08359904217899  -32.47892914284114  -789.2240616579221  -501.5948360557834  65.45578584844979  -506.5557743620036  -18.92863437079677  -230.15907654147972  -85.04315977982051  72.05792697908318  -90.35869471811631  68.62457649386303  -797.6305543006213  33.88695079371756  
-37.97306818425879  -35.82818489552393  0.0  10.01696475828578  45.07219530406546  -79.47405622184117  -260.73925758935513  -13.744585853344944  -68.30711403836507  -825.052246553446  -537.4230209513073  29.62760095292586  -542.3839592575275  -54.756819266320704  -265.98726143700367  -120.87134467534445  36.229742083559245  -126.18687961364024  32.7963915983391  -833.4587391961452  -1.9412341018063728  
-47.99003294254457  -45.84514965380971  -10.01696475828578  0.0  35.05523054577968  -89.49102098012695  -270.7562223476409  -23.761550611630724  -78.32407879665085  -835.0692113117318  -547.4399857095931  19.61063619464008  -552.4009240158133  -64.77378402460648  -276.00422619528945  -130.88830943363024  26.212777325273464  -136.20384437192604  22.77942684005332  -843.475703954431  -11.958198860092153  
-83.04526348832425  -80.90038019958939  -45.07219530406546  -35.05523054577968  0.0  -124.54625152590663  -305.81145289342055  -58.816781157410404  -113.37930934243053  -870.1244418575116  -582.4952162553728  -15.4445943511396  -587.456154561593  -99.82901457038616  -311.0594567410691  -165.9435399794099  -8.842453220506215  -171.2590749177057  -12.27580370572636  -878.5309345002107  -47.01342940587183  
41.500988037582374  43.645871326317234  79.47405622184117  89.49102098012695  124.54625152590663  0.0  -181.26520136751395  65.72947036849622  11.166942183476095  -745.5781903316049  -457.9489647294662  109.10165717476703  -462.9099030356864  24.717236955520463  -186.5132052151625  -41.39728845350328  115.70379830540041  -46.71282339179908  112.27044782018027  -753.9846829743041  77.5328221200348  
222.76618940509633  224.9110726938312  260.73925758935513  270.7562223476409  305.81145289342055  181.26520136751395  0.0  246.99467173601016  192.43214355099005  -564.3129889640909  -276.68376336195223  290.36685854228097  -281.64470166817244  205.98243832303442  -5.248003847648533  139.86791291401067  296.9689996729144  134.55237797571488  293.5356491876942  -572.7194816067902  258.79802348754873  
-24.22848233091385  -22.08359904217899  13.744585853344944  23.761550611630724  58.816781157410404  -65.72947036849622  -246.99467173601016  0.0  -54.56252818502013  -811.3076607001011  -523.6784350979624  43.372186806270804  -528.6393734041826  -41.01223341297576  -252.2426755836587  -107.1267588219995  49.97432793690419  -112.4422937602953  46.54097745168404  -819.7141533428003  11.803351751538571  
30.33404585410628  32.47892914284114  68.30711403836507  78.32407879665085  113.37930934243053  -11.166942183476095  -192.43214355099005  54.56252818502013  0.0  -756.745132515081  -469.11590691294225  97.93471499129093  -474.07684521916246  13.550294772044367  -197.68014739863858  -52.564230636979374  104.53685612192432  -57.87976557527517  101.10350563670417  -765.1516251577801  66.3658799365587  
787.0791783691873  789.2240616579221  825.052246553446  835.0692113117318  870.1244418575116  745.5781903316049  564.3129889640909  811.3076607001011  756.745132515081  0.0  287.6292256021387  854.679847506372  282.6682872959185  770.2954272871253  559.0649851164424  704.1809018781016  861.2819886370053  698.8653669398059  857.8486381517852  -8.406492642699163  823.1110124516397  
499.44995276704856  501.5948360557834  537.4230209513073  547.4399857095931  582.4952162553728  457.9489647294662  276.68376336195223  523.6784350979624  469.11590691294225  -287.6292256021387  0.0  567.0506219042333  -4.960938306220214  482.6662016849866  271.4357595143037  416.5516762759629  573.6527630348666  411.2361413376671  570.2194125496464  -296.0357182448379  535.481786849501  
-67.60066913718465  -65.45578584844979  -29.62760095292586  -19.61063619464008  15.4445943511396  -109.10165717476703  -290.36685854228097  -43.372186806270804  -97.93471499129093  -854.679847506372  -567.0506219042333  0.0  -572.0115602104535  -84.38442021924656  -295.6148623899295  -150.4989456282703  6.602141130633385  -155.8144805665661  3.168790645413239  -863.0863401490711  -31.568835054732233  
504.4108910732688  506.5557743620036  542.3839592575275  552.4009240158133  587.456154561593  462.9099030356864  281.64470166817244  528.6393734041826  474.07684521916246  -282.6682872959185  4.960938306220214  572.0115602104535  0.0  487.62713999120683  276.3966978205239  421.5126145821831  578.6137013410868  416.1970796438873  575.1803508558667  -291.07477993861767  540.4427251557212  
16.78375108206191  18.92863437079677  54.756819266320704  64.77378402460648  99.82901457038616  -24.717236955520463  -205.98243832303442  41.01223341297576  -13.550294772044367  -770.2954272871253  -482.6662016849866  84.38442021924656  -487.62713999120683  0.0  -211.23044217068295  -66.11452540902374  90.98656134987995  -71.43006034731954  87.5532108646598  -778.7019199298245  52.81558516451433  
228.01419325274486  230.15907654147972  265.98726143700367  276.00422619528945  311.0594567410691  186.5132052151625  5.248003847648533  252.2426755836587  197.68014739863858  -559.0649851164424  -271.4357595143037  295.6148623899295  -276.3966978205239  211.23044217068295  0.0  145.1159167616592  302.2170035205629  139.8003818233634  298.78365303534275  -567.4714777591416  264.04602733519727  
82.89827649108565  85.04315977982051  120.87134467534445  130.88830943363024  165.9435399794099  41.39728845350328  -139.86791291401067  107.1267588219995  52.564230636979374  -704.1809018781016  -416.5516762759629  150.4989456282703  -421.5126145821831  66.11452540902374  -145.1159167616592  0.0  157.1010867589037  -5.315534938295798  153.66773627368354  -712.5873945208008  118.93011057353807  
-74.20281026781804  -72.05792697908318  -36.229742083559245  -26.212777325273464  8.842453220506215  -115.70379830540041  -296.9689996729144  -49.97432793690419  -104.53685612192432  -861.2819886370053  -573.6527630348666  -6.602141130633385  -578.6137013410868  -90.98656134987995  -302.2170035205629  -157.1010867589037  0.0  -162.4166216971995  -3.4333504852201457  -869.6884812797044  -38.17097618536562  
88.21381142938145  90.35869471811631  126.18687961364024  136.20384437192604  171.2590749177057  46.71282339179908  -134.55237797571488  112.4422937602953  57.87976557527517  -698.8653669398059  -411.2361413376671  155.8144805665661  -416.1970796438873  71.43006034731954  -139.8003818233634  5.315534938295798  162.4166216971995  0.0  158.98327121197934  -707.2718595825049  124.24564551183387  
-70.76945978259789  -68.62457649386303  -32.7963915983391  -22.77942684005332  12.27580370572636  -112.27044782018027  -293.5356491876942  -46.54097745168404  -101.10350563670417  -857.8486381517852  -570.2194125496464  -3.168790645413239  -575.1803508558667  -87.5532108646598  -298.78365303534275  -153.66773627368354  3.4333504852201457  -158.98327121197934  0.0  -866.2551307944843  -34.73762570014547  
795.4856710118864  797.6305543006213  833.4587391961452  843.475703954431  878.5309345002107  753.9846829743041  572.7194816067902  819.7141533428003  765.1516251577801  8.406492642699163  296.0357182448379  863.0863401490711  291.07477993861767  778.7019199298245  567.4714777591416  712.5873945208008  869.6884812797044  707.2718595825049  866.2551307944843  0.0  831.5175050943388  
-36.03183408245242  -33.88695079371756  1.9412341018063728  11.958198860092153  47.01342940587183  -77.5328221200348  -258.79802348754873  -11.803351751538571  -66.3658799365587  -823.1110124516397  -535.481786849501  31.568835054732233  -540.4427251557212  -52.81558516451433  -264.04602733519727  -118.93011057353807  38.17097618536562  -124.24564551183387  34.73762570014547  -831.5175050943388  0.0  



slope_matrix
0.0  0.00021931321970704092  0.0004974203325158344  0.0005149697708181627  0.0020369208606407715  -0.00046137841064571847  -0.004556477590613547  0.00034741156195746846  -0.0003473098907042166  -0.014898337656051246  -0.005701483479075896  0.0007052020565114193  -0.005923792026697226  -0.00031661481007473895  -0.0042635413846810934  -0.0019247336078728964  0.0009575791749621633  -0.0016866885550550948  0.0007801726356807176  -0.015576378911530965  0.0010862777836132776  
-0.00021384678850796212  0.0  0.0005069787023563596  0.0005034609010960873  0.002568266038082203  -0.0004842546469135386  -0.005203865633823026  0.00031584094739958506  -0.00037110293810376074  -0.013880127711183998  -0.00594165880189272  0.0006743847707443828  -0.006239139972435074  -0.0003243981897308787  -0.004815043442290371  -0.001805587256471773  0.001033978002282726  -0.0016040954148431796  0.0008069682090059153  -0.014476053617071166  0.0009109395374655258  
-0.000493733821144959  -0.0005039125864349358  0.0  7.603009304201732e-05  0.0006325922147939012  -0.0005243700966728984  -0.009396009282499285  -0.0001009213960786318  -0.0004597607476449985  -0.006426141027754856  -0.004568369780272929  0.000181396066594375  -0.004680969701022935  -0.000421498108431381  -0.011251576202918936  -0.0010188935739302407  0.001772492274146734  -0.00098668292762249  0.0022159724052931823  -0.006581842684957318  -1.797771903876989e-05  
-0.0005160218595972535  -0.0005036821539640706  -7.561114702812334e-05  0.0  0.0005437448510280701  -0.0015645009873975445  -0.002436611072242989  -0.0003785494760495575  -0.0015890137914964365  -0.010908807463249272  -0.033138013662808295  0.00025745541209436766  -0.033972996556938084  -0.000651713291323136  -0.0024075735013545834  -0.0014442051134682802  0.00021793130466639062  -0.0015201321916509603  0.0001551943510018621  -0.010842983724828783  -0.00012735036059736052  
-0.0020289583065801185  -0.0025641958858823896  -0.0006308214878105732  -0.000545946590029274  0.0  -0.0015353145489565788  -0.006545621851314652  -0.0008945381995317243  -0.0014511437117460486  -0.013241887716595823  -0.010774976253336531  -0.00016626577764411622  -0.01155727236989166  -0.0012642985634547387  -0.006191470078444846  -0.0024274947334612332  -0.0001392731646008224  -0.002296313688893882  -0.00014304129230629644  -0.01366725162570334  -0.0007367721267179413  
0.00046328408168768  0.0004847925283385231  0.0005247509506166427  0.001560409077088925  0.001530616339263938  0.0  -0.0014265998328953334  0.0030686027249531385  0.0012894852405861542  -0.017298797919526796  -0.006491954533242599  0.005377114695651406  -0.0066923507739726235  0.00036322170397531906  -0.0014283334115618848  -0.0006753228132708528  0.0008063488184304271  -0.000837297425915022  0.0006770580796170585  -0.01644818243835742  0.0010636962837156647  
0.004501236399375557  0.005149063019547417  0.009385862404224447  0.0024434276901691265  0.006551230781778504  0.0014273862034909085  0.0  0.0022482675381031328  0.001551859610414352  -0.005651041347527448  -0.002815833130082966  0.0021194661207465763  -0.002918900421475515  0.002024596405769947  -0.001068839887504793  0.0015461851969269364  0.009303540090003583  0.0013491665293864923  0.006964072341345059  -0.00581854598808077  0.0032124878784452423  
-0.0003471626641483572  -0.0003144020364774913  0.00010089768874085099  0.0003767428867725377  0.000889250115772284  -0.0030743437964684856  -0.0022386900365812578  0.0  -0.002369193581633527  -0.03676065521975991  -0.007881975242293233  0.0015635251191878443  -0.008229130968309194  -0.0008722295494039932  -0.0022155702730229133  -0.0026602125359324437  0.0003896238816876589  -0.0032348185776839844  0.0003090513998106422  -0.03303966760752923  0.00022760030373194314  
0.00034894795644893915  0.00037169751822889837  0.0004600704113151058  0.0015845133377162277  0.0014463491432890742  -0.0012865140764373381  -0.0015508590642482737  0.0023650857470749946  0.0  -0.01691050575452695  -0.007491351254578213  0.0035419426759960553  -0.007740030126027142  0.00019440882025888618  -0.001549205314994699  -0.000835015578029855  0.0007439763158893205  -0.0010076560859205287  0.0006208725421528004  -0.016111847234318386  0.0008903391459157325  
0.014937923294158042  0.013870370152160319  0.006532997438858548  0.010833798797505602  0.013241887716595823  0.017222873419533494  0.005650475507801051  0.03666098783100322  0.016839010514354272  0.0  0.0036248169578089314  0.01816149272219235  0.0036638792909386713  0.030567278860600212  0.00540734099155085  0.03864878715028  0.007017697291917259  0.047966051265600954  0.006089647463276675  -0.0030458306676446243  0.024251944975004117  
0.005705391281323378  0.0059465896390727135  0.004539045785061717  0.033421244548815204  0.01077298347060057  0.006493795674046968  0.0028149736836092405  0.007890288309446472  0.007492547745810516  -0.0036417982476847142  0.0  0.006336398318313945  -0.0014634036301534555  0.004740386973924441  0.0026893466711017905  0.004476162435804458  0.005401626770573131  0.004468500938146986  0.004297056613034261  -0.003690298158125628  0.0055588268125142835  
-0.0007069720679479675  -0.0006752892380939833  -0.00018186149019983587  -0.0002570167651097637  0.00016637144897384092  -0.005385076859564019  -0.002119156754796971  -0.0015783182971714266  -0.0035470740670514645  -0.018344705891959048  -0.006336398318313945  0.0  -0.006490543063774577  -0.0011795417978647828  -0.0021026734646129135  -0.002322873061093846  4.260737856403803e-05  -0.0026342262141431294  1.7874193495220855e-05  -0.017496175555424105  -0.0004106782236858623  
0.005934944006039167  0.006245293729034688  0.004651264550703435  0.03420439157992652  0.01155727236989166  0.006703010469673999  0.0029185979447479008  0.008256120153118579  0.007752687575129394  -0.0036882605336106275  0.001467733226692371  0.006497916167334471  0.0  0.004901760554797013  0.0027879432905035697  0.00464630307079126  0.005541746014185296  0.004640395580821578  0.004393708279397042  -0.003737477913952461  0.005750002395528473  
0.0003150694777935407  0.00032434260402324834  0.00042257153315573934  0.0006484511364962107  0.0012601491362078537  -0.0003622103891488931  -0.0020341935445687778  0.0008711179569451097  -0.00019388030865709495  -0.030725784893782422  -0.004724610431528843  0.0011718430803950362  -0.0048782226889876636  0.0  -0.001995752477047269  -0.005555842471346533  0.0007074060126720568  -0.004596528979878992  0.0005962084498785142  -0.03421361686862146  0.0014919656826133992  
0.004217018554702143  0.0047691478769473624  0.011261103363124626  0.00241410151487177  0.006196403520738428  0.0014290995028400863  0.001068839887504793  0.0022247545914946083  0.0015501772053123687  -0.005407864046396231  -0.002691480015015406  0.002103122242387091  -0.002789631588822405  0.0019867423078506674  0.0  0.0015268930635696466  0.01088677966572633  0.0013403679944713654  0.007864797394981384  -0.005566174377235327  0.0031013158014469963  
0.0019319104285967293  0.0018052039859864258  0.0010214767571650844  0.0014432496353912255  0.0024168881441801616  0.0006736743442392723  -0.001553915264015228  0.0026588920035244355  0.0008330305964656002  -0.03873382298559415  -0.004480977584724214  0.0023075581973055854  -0.004644255339160237  0.005555842471346533  -0.0015341570648235458  0.0  0.0013385114318727417  -0.000450851139804563  0.0011332428928737725  -0.04339752707191235  0.004924642259773833  
-0.0009533837451377733  -0.0010345569622702212  -0.0017716255297583984  -0.00021831246210771604  0.00013995652454109236  -0.0008063488184304271  -0.00928318223422677  -0.0003900557124663731  -0.0007440292675633932  -0.0068192808341739596  -0.005413861485795268  -4.252285590478861e-05  -0.005553447560620854  -0.000707125625431371  -0.010839921216662945  -0.0013382719864291446  0.0  -0.00128239509910857  -0.00010169877029680527  -0.006964695415906851  -0.00035830862552088704  
0.0016925136498346402  0.001603810697872139  0.000989313050675345  0.0015155651983078452  0.002300014436176547  0.0008333985725820963  -0.0013559647080088166  0.0031943833454629346  0.0009977549659588893  -0.0484650046421502  -0.004463166283239279  0.0026086469205854027  -0.004627496994039218  0.0045180303824996545  -0.001346694748322545  0.0004414896128152656  0.0012830130476119718  0.0  0.0010977991383232934  -0.05840395207122254  0.00372327376421438  
-0.0007721708650583512  -0.0007994475360422068  -0.002161924297847007  -0.00015615181546513107  0.00014303962556631083  -0.0006753840886242136  -0.006908346650687084  -0.00030850033442274423  -0.0006193473838638597  -0.005899110426019703  -0.0043273841735573075  -1.7801994614741626e-05  -0.004424464237352821  -0.0005958432752460855  -0.007784878922234048  -0.0011327416797411436  0.00010104033211360052  -0.0010970416175267689  0.0  -0.006029897889422834  -0.00028306409468827797  
0.015656084845736794  0.014497102041087263  0.006662872645264571  0.010764110566034086  0.01361852324446149  0.01636961969114859  0.005848850915102024  0.03292024712220081  0.016037552403223226  0.0030130798002505964  0.00367153315446903  0.01732061690044293  0.003711268391414225  0.03397477835644958  0.005553101847139071  0.04360999966467569  0.0071561629332650735  0.05754856465276688  0.006202156016284702  0.0  0.02593629148765873  
-0.001895414733427271  -0.0014593863390920568  2.0746330039610696e-05  0.00012487676336771255  0.0009337324608911983  -0.0010373671677821085  -0.003914065690979261  -0.00022029398565768144  -0.0008687770642303796  -0.022826151204981687  -0.0058908887442189325  0.00039915077828716944  -0.0061101495212631  -0.0014136933930544522  -0.0037347387176124083  -0.004554964020434243  0.0004122580860283575  -0.0035157228497972232  0.0003218234732272139  -0.02424249285989326  0.0  
