Height_Data

node	height
0	10.43971651935168
1	41.260448992799844
2	246.63027806252987
3	0.5475527356539867
4	142.2429601750544
5	188.79486071472834
6	69.08998938684284
7	88.50166619007746
8	22.631588337577977
9	33.66760261703656
10	273.37767787577764
11	77.00560492204524
12	81.93044846450609
13	33.79477576402275
14	81.46992262612957
15	50.52183276546262
16	155.11483312996268
17	133.3236555567961
18	154.13886873849196
19	139.4580008308513
20	158.98374206937558



height_matrix
0.0  -107.87256365706855  -826.6669654011237  34.62257324294193  -461.3113527949596  -624.2430046838183  -205.27595503621907  -273.21682384754024  -42.67155136379204  -81.29760134189706  -920.2828647474909  -232.98060940942744  -250.21756180804041  -81.74270735634875  -248.60572137372262  -140.2874068613883  -506.36290813713845  -430.0937866310555  -502.947032766991  -451.5639950902487  -519.9040894250836  
107.87256365706855  0.0  -718.7944017440551  142.4951369000105  -353.43878913789104  -516.3704410267497  -97.40339137915052  -165.34426019047166  65.20101229327652  26.57496231517149  -812.4103010904223  -125.10804575235889  -142.34499815097186  26.12985630071981  -140.73315771665406  -32.41484320431974  -398.4903444800699  -322.22122297398687  -395.07446910992246  -343.6914314331801  -412.03152576801506  
826.6669654011237  718.7944017440551  0.0  861.2895386440656  365.3556126061641  202.42396071730536  621.3910103649046  553.4501415535834  783.9954140373316  745.3693640592265  -93.6158993463672  593.6863559916962  576.4494035930832  744.9242580447749  578.061244027401  686.3795585397354  320.3040572639852  396.5731787700682  323.71993263413265  375.102970310875  306.76287597604005  
-34.62257324294193  -142.4951369000105  -861.2895386440656  0.0  -495.9339260379015  -658.8655779267602  -239.898528279161  -307.8393970904821  -77.29412460673397  -115.920174584839  -954.9054379904328  -267.60318265236936  -284.8401350509823  -116.36528059929068  -283.2282946166645  -174.90998010433023  -540.9854813800804  -464.71635987399736  -537.569606009933  -486.18656833319056  -554.5266626680256  
461.3113527949596  353.43878913789104  -365.3556126061641  495.9339260379015  0.0  -162.9316518888587  256.0353977587405  188.09452894741935  418.63980143116754  380.01375145306247  -458.9715119525313  228.33074338553212  211.09379098691915  379.5686454386108  212.70563142123694  321.02394593357127  -45.05155534217886  31.21756616390411  -41.635679972031426  9.747357704710907  -58.59273663012402  
624.2430046838183  516.3704410267497  -202.42396071730536  658.8655779267602  162.9316518888587  0.0  418.9670496475992  351.02618083627806  581.5714533200262  542.9454033419212  -296.03986006367256  391.2623952743908  374.02544287577786  542.5002973274695  375.63728331009565  483.95559782243  117.88009654667985  194.14921805276282  121.29597191682728  172.67900959356962  104.33891525873469  
205.27595503621907  97.40339137915052  -621.3910103649046  239.898528279161  -256.0353977587405  -418.9670496475992  0.0  -67.94086881132114  162.60440367242705  123.97835369432201  -715.0069097112718  -27.70465437320837  -44.94160677182134  123.53324767987033  -43.32976633750354  64.98854817483078  -301.08695310091935  -224.81783159483638  -297.6710777307719  -246.28804005402958  -314.6281343888645  
273.21682384754024  165.34426019047166  -553.4501415535834  307.8393970904821  -188.09452894741935  -351.02618083627806  67.94086881132114  0.0  230.5452724837482  191.91922250564315  -647.0660408999506  40.23621443811277  22.999262039499797  191.47411649119147  24.611102473817596  132.92941698615192  -233.1460842895982  -156.87696278351524  -229.73020891945077  -178.34717124270844  -246.68726557754337  
42.67155136379204  -65.20101229327652  -783.9954140373316  77.29412460673397  -418.63980143116754  -581.5714533200262  -162.60440367242705  -230.5452724837482  0.0  -38.62604997810503  -877.6113133836988  -190.30905804563542  -207.5460104442484  -39.07115599255671  -205.9341700099306  -97.61585549759626  -463.6913567733464  -387.42223526726343  -460.27548140319897  -408.89244372645663  -477.23253806129156  
81.29760134189706  -26.57496231517149  -745.3693640592265  115.920174584839  -380.01375145306247  -542.9454033419212  -123.97835369432201  -191.91922250564315  38.62604997810503  0.0  -838.9852634055937  -151.68300806753038  -168.91996046614335  -0.44510601445168163  -167.30812003182555  -58.98980551949123  -425.0653067952413  -348.7961852891584  -421.6494314250939  -370.26639374835156  -438.6064880831865  
920.2828647474909  812.4103010904223  93.6158993463672  954.9054379904328  458.9715119525313  296.03986006367256  715.0069097112718  647.0660408999506  877.6113133836988  838.9852634055937  0.0  687.3022553380633  670.0653029394505  838.5401573911421  671.6771433737682  779.9954578861025  413.9199566103524  490.1890781164354  417.33583198049985  468.7188696572422  400.37877532240725  
232.98060940942744  125.10804575235889  -593.6863559916962  267.60318265236936  -228.33074338553212  -391.2623952743908  27.70465437320837  -40.23621443811277  190.30905804563542  151.68300806753038  -687.3022553380633  0.0  -17.23695239861297  151.2379020530787  -15.625111964295172  92.69320254803915  -273.382298727711  -197.113177221628  -269.96642335756354  -218.5833856808212  -286.92348001565614  
250.21756180804041  142.34499815097186  -576.4494035930832  284.8401350509823  -211.09379098691915  -374.02544287577786  44.94160677182134  -22.999262039499797  207.5460104442484  168.91996046614335  -670.0653029394505  17.23695239861297  0.0  168.47485445169167  1.6118404343177986  109.93015494665212  -256.145346329098  -179.87622482301504  -252.72947095895057  -201.34643328220824  -269.68652761704317  
81.74270735634875  -26.12985630071981  -744.9242580447749  116.36528059929068  -379.5686454386108  -542.5002973274695  -123.53324767987033  -191.47411649119147  39.07115599255671  0.44510601445168163  -838.5401573911421  -151.2379020530787  -168.47485445169167  0.0  -166.86301401737387  -58.544699505039546  -424.6202007807897  -348.3510792747067  -421.20432541064224  -369.8212877338999  -438.16138206873484  
248.60572137372262  140.73315771665406  -578.061244027401  283.2282946166645  -212.70563142123694  -375.63728331009565  43.32976633750354  -24.611102473817596  205.9341700099306  167.30812003182555  -671.6771433737682  15.625111964295172  -1.6118404343177986  166.86301401737387  0.0  108.31831451233433  -257.7571867634158  -181.48806525733283  -254.34131139326837  -202.95827371652604  -271.29836805136097  
140.2874068613883  32.41484320431974  -686.3795585397354  174.90998010433023  -321.02394593357127  -483.95559782243  -64.98854817483078  -132.92941698615192  97.61585549759626  58.98980551949123  -779.9954578861025  -92.69320254803915  -109.93015494665212  58.544699505039546  -108.31831451233433  0.0  -366.0755012757501  -289.80637976966716  -362.6596259056027  -311.27658822886036  -379.6166825636953  
506.36290813713845  398.4903444800699  -320.3040572639852  540.9854813800804  45.05155534217886  -117.88009654667985  301.08695310091935  233.1460842895982  463.6913567733464  425.0653067952413  -413.9199566103524  273.382298727711  256.145346329098  424.6202007807897  257.7571867634158  366.0755012757501  0.0  76.26912150608297  3.4158753701474325  54.798913046889766  -13.541181287945165  
430.0937866310555  322.22122297398687  -396.5731787700682  464.71635987399736  -31.21756616390411  -194.14921805276282  224.81783159483638  156.87696278351524  387.42223526726343  348.7961852891584  -490.1890781164354  197.113177221628  179.87622482301504  348.3510792747067  181.48806525733283  289.80637976966716  -76.26912150608297  0.0  -72.85324613593554  -21.470208459193202  -89.81030279402813  
502.947032766991  395.07446910992246  -323.71993263413265  537.569606009933  41.635679972031426  -121.29597191682728  297.6710777307719  229.73020891945077  460.27548140319897  421.6494314250939  -417.33583198049985  269.96642335756354  252.72947095895057  421.20432541064224  254.34131139326837  362.6596259056027  -3.4158753701474325  72.85324613593554  0.0  51.38303767674233  -16.957056658092597  
451.5639950902487  343.6914314331801  -375.102970310875  486.18656833319056  -9.747357704710907  -172.67900959356962  246.28804005402958  178.34717124270844  408.89244372645663  370.26639374835156  -468.7188696572422  218.5833856808212  201.34643328220824  369.8212877338999  202.95827371652604  311.27658822886036  -54.798913046889766  21.470208459193202  -51.38303767674233  0.0  -68.34009433483493  
519.9040894250836  412.03152576801506  -306.76287597604005  554.5266626680256  58.59273663012402  -104.33891525873469  314.6281343888645  246.68726557754337  477.23253806129156  438.6064880831865  -400.37877532240725  286.92348001565614  269.68652761704317  438.16138206873484  271.29836805136097  379.6166825636953  13.541181287945165  89.81030279402813  16.957056658092597  68.34009433483493  0.0  



slope_matrix
0.0  -0.0022136787124372777  -0.00852233984949612  0.0006696822677551631  -0.0048153585886739  -0.006919119980977813  -0.0024478411046532206  -0.004241180128027635  -0.0008039101613374537  -0.001006158432449221  -0.009497243186248616  -0.003008919145155979  -0.0035971472370333584  -0.0023686672661938205  -0.002931982419994134  -0.0025377606161611486  -0.005350411117256324  -0.004317777197380338  -0.005258751910989032  -0.004636180647743827  -0.005618762449206566  
0.002178803547910898  0.0  -0.012518188814769333  0.0004751184065485571  -0.006044685213830635  -0.010044163412307912  -0.002357294079843914  -0.0076442099024721065  0.001892078128069545  0.0006991571248400813  -0.014173243215115532  -0.003226097105527563  -0.005317332766192449  0.0015674778824666953  -0.0030500673526073136  -0.0019491787855874768  -0.007137566621530895  -0.005670912055156404  -0.00704735050142566  -0.006293562194344994  -0.007310578693919822  
0.008546128040950313  0.012474737968484122  0.0  0.0028269588034400025  0.012034111087159554  0.021085829241385974  0.029831541544162486  0.010942074763811456  0.012367809024094203  0.014877632017150231  -0.024766110938192382  0.025556881446048053  0.01034546668329295  0.011590543924766997  0.02283924314608459  0.016234142822604904  0.032256199120240206  0.011905529233565542  0.03625083232185136  0.012872442357957274  0.010038052224346861  
-0.00010971996312181728  -0.0004811521603625495  -0.002863815137021455  0.0  -0.0018087302044863269  -0.0022574790495642084  -0.0007836261576576687  -0.0010022640751259414  -0.0002952704417044243  -0.0003588704346710638  -0.003174141111991573  -0.0009189070172357207  -0.0009121188887390399  -0.00040767841462226184  -0.001007861726846457  -0.0006101780547431057  -0.001837093583515566  -0.0014239858552469822  -0.0017852990312808084  -0.0015090572890635037  -0.0020284171888404947  
0.00482190187932434  0.005997501979228098  -0.011916360489437837  0.0017878579834813852  0.0  -0.007484228382584231  0.007078667341961308  0.0031756631596727898  0.008103594615496555  0.005939570982386097  -0.014925902827724595  0.009057149678125034  0.003279381559529581  0.0060048828577536914  0.015117671032070856  0.007517949133125015  -0.001853973470871558  0.0005559673404079093  -0.001318836869560704  0.00018752131020990587  -0.012849284348711408  
0.006974002957030704  0.010150785158772355  -0.020933191387518653  0.0022317026654701767  0.007788319879964566  0.0  0.023982086413714895  0.007666000891816511  0.010357461323597973  0.011616290187032974  -0.030331952875376288  0.02806760367822029  0.007343912092593321  0.009509207665687459  0.023669646081291473  0.013803639413075584  0.020608408487181793  0.005248694729731355  0.011304377625053801  0.005261395782863182  0.004940289548235544  
0.002445508161022386  0.0023419906559064806  -0.02993212959368519  0.0007719736397192721  -0.0070865042280304595  -0.024147956752023008  0.0  -0.0021351624390735743  0.0030229485717127172  0.004235680003222481  -0.03460827249328518  -0.0014911008812275763  -0.0012698956420407273  0.002399635735817217  -0.001747872784893245  0.0022433050802495957  -0.013538082423602488  -0.009825954178095996  -0.015343869986122263  -0.012767653709384633  -0.009009969484217197  
0.0042215207640225625  0.007543077563433926  -0.010972445312323224  0.0009897259057356314  -0.0031692422737560127  -0.007617755660509507  0.0021432450729123387  0.0  0.005063590434521155  0.008819817210737277  -0.012853914201429293  0.0011081303893724255  0.003593634693671843  0.006006088974002241  0.0005229617405881217  0.006434144094199028  -0.00459129744563998  -0.0035483694732875355  -0.004680729603085794  -0.004242320914431694  -0.004306615903659911  
0.000803758737310078  -0.0018970326532812489  -0.012385393586687702  0.00029410088696129965  -0.00811616295595602  -0.010289657702052835  -0.0030173390920843765  -0.005082567735532367  0.0  -0.0006308353744586809  -0.013886254958602828  -0.004362885328877474  -0.0041098219889950174  -0.0016218827726258494  -0.004147717422153687  -0.0038568097786486075  -0.007608981896510443  -0.005277513080878129  -0.0074309893671811265  -0.005791677673179272  -0.009878341124408345  
0.001002683785667206  -0.0006942257658090776  -0.01490440639990455  0.0003548594878081184  -0.005947937884693418  -0.011651188912916763  -0.004240025776139604  -0.00882387229911003  0.0006315573900932804  0.0  -0.01680996320187525  -0.0035706922803090957  -0.007699177778766789  -9.226907430590416e-06  -0.003228016979197869  -0.0016232747803932644  -0.008255298248111114  -0.013917887765418715  -0.008760636431022104  -0.013498100461096991  -0.007033458756946544  
0.009514917956446349  0.014101897258990146  0.024766110938192382  0.00313330305155018  0.015072956057554394  0.030551069150017807  0.034342310745017854  0.012795452657701219  0.013846817819244222  0.016749556067190932  0.0  0.029599580333249928  0.012027738340324008  0.013049177674932183  0.0264439820225893  0.018452695951883192  0.037731992398391284  0.015899743046267772  0.06830373682168574  0.01758135295038418  0.013062929048039388  
0.003012031149443147  0.0031972411385729335  -0.02532791621124984  0.0009066376970198176  -0.009125928992227503  -0.02689088627315401  0.001499169608939847  -0.0011069109886688519  0.004352906176707123  0.003574057683023807  -0.029209615611477405  0.0  -0.00041544835860720584  0.0033690777913361262  -0.0012047117937004758  0.0040477381025344605  -0.014411296717327937  -0.004809984802870376  -0.012079034602128122  -0.005846038664905622  -0.012209509787900261  
0.003583238748504087  0.00526618565116433  -0.010377126977373235  0.0009009794083442165  -0.003274802838766974  -0.007306611503726858  0.0012756629796145712  -0.0036105591898743794  0.0040984599218848415  0.0077026885757475305  -0.012084135309999107  0.00041615046833927985  0.0  0.004554605419077904  3.089533331386783e-05  0.0042658189734828145  -0.00458302641490603  -0.004053000717041415  -0.004663765841648839  -0.0044183987992584646  -0.004322522921848394  
0.002370040804765113  -0.0016372090413984842  -0.01157253779780604  0.000402432192420296  -0.006008685221443894  -0.009420043363908136  -0.002411345845790949  -0.006049735118205102  0.0016218827726258494  9.267249936533034e-06  -0.013047147306537141  -0.0033758460279705066  -0.0045793654376649  0.0  -0.003198999521047792  -0.0025847549450348584  -0.00684760846284131  -0.00521171572822721  -0.006684721876061613  -0.005722130399719943  -0.00731488116976185  
0.0029295638912306314  0.003017370076041553  -0.022713604873375287  0.0009945162913608783  -0.01490579056911261  -0.022683410827904326  0.0017331906535001417  -0.0005198686650856044  0.004151061681312852  0.0032112882923574964  -0.02629902675699954  0.001172176441432496  -3.071283768064249e-05  0.003184347894455714  0.0  0.0035618136369186914  -0.013286452925949268  -0.0038272472639673733  -0.009854370840498582  -0.0046582114692799185  -0.022219358562765027  
0.002548826432801386  0.0018922850673858574  -0.01636184883289  0.0006033355068188898  -0.007630528058129621  -0.013760466244595678  -0.0022332834424340477  -0.006100478062696279  0.003921890538272248  0.0016188201295140293  -0.018637884298353703  -0.0041417874239517045  -0.004082070365638772  0.002592767914306446  -0.0036420535460251614  0.0  -0.009246665856927258  -0.005960641295139185  -0.0089347037670757  -0.006794948444201274  -0.00949967925136246  
0.005357203852487711  0.007131180108805832  -0.03245228543708057  0.001814291640552956  0.001887371401012939  -0.019945870820081195  0.013501657089727325  0.004589489848220437  0.0075816114580337865  0.008242491890541813  -0.03780090927948424  0.014426506529166806  0.004578930038060387  0.006842091536912499  0.013334567344201543  0.009135899707405793  0.0  0.0019019731048898496  0.0002502472798642808  0.0015251576133284098  -0.0005531528303899169  
0.004306536363583213  0.005646070141475151  -0.012236136339712069  0.0014057606626958598  -0.0005557693815898898  -0.005237367630233688  0.009804528198640923  0.003549975397332381  0.005283991206591154  0.013923443586649572  -0.01602448767951734  0.004797108231239426  0.004053000717041415  0.005196942850584913  0.0038418303399096704  0.005975389273601385  -0.0019024475307079813  0.0  -0.0025825326528158645  -0.004803178626217718  -0.0016170382209943848  
0.005240669300479223  0.006948196783501978  -0.03629147226840052  0.001759177976339855  0.001331489605757321  -0.011304377625053801  0.014831643135564121  0.004611204514641726  0.007349121529669471  0.008764278350137059  -0.06819212940857841  0.012014527074212886  0.004653461074552579  0.006632094558504838  0.009839122297611929  0.008734576731830508  -0.00025006408273407267  0.0025926422112432573  0.0  0.002147222635885597  -0.0005452429793598905  
0.004625732381584191  0.006269453327858083  -0.013226479912231135  0.0014894052885249228  -0.00018701760753474497  -0.005229527849593265  0.012761038344768372  0.004250409228853872  0.005802361908989025  0.013507949135323468  -0.01766084663365645  0.005835114406855879  0.004424223978954257  0.0057088806380657595  0.004653938860732081  0.006818764254739548  -0.0015205025817671967  0.004813948085020898  -0.002126781360792315  0.0  -0.0013272498414223137  
0.005632763699079996  0.007224694039522629  -0.010191457673622593  0.002002262728535929  0.013626217820959075  -0.00491932650913412  0.009162147186629718  0.004297687553615738  0.00988243229714215  0.0070572242652161945  -0.013261966721510674  0.012272176219660228  0.004312224618117096  0.007322215609437414  0.022164899350601387  0.009304102413266716  0.0005649220395471491  0.0016488030621264573  0.0005566991680266776  0.0013586499867760424  0.0  
