Height_Data

node	height
0	30.1894461939389
1	31.317917183432364
2	39.67322567066757
3	20.177015874467102
4	6.144916156054926
5	7.180883185346018
6	44.19926444876371
7	33.23269621257592
8	9.175697855044465
9	68.23718797933695
10	29.537065432365047
11	137.73832043808716
12	28.704127016259093
13	8.033570945392396
14	65.49322883623013
15	40.72323179819301
16	25.80770718895383
17	39.684338382582396
18	5.8549353981525964
19	130.99449459777043
20	44.83894232990076



height_matrix
0.0  -6.770825936960762  -56.902676860372026  60.074581916830795  144.26718022730387  138.0513780515573  -84.05890952894885  -18.259500111822092  126.08249003336661  -228.28645071238827  3.9142845694431116  -645.2932454648895  8.911915066078848  132.93525149127902  -211.8226958537474  -63.202713625524666  26.290434029910415  -56.96935313186097  146.00706477471783  -604.8302904229892  -87.89697681577115  
6.770825936960762  0.0  -50.131850923411264  66.84540785379156  151.03800616426463  144.82220398851805  -77.28808359198808  -11.48867417486133  132.85331597032737  -221.5156247754275  10.685110506403873  -638.5224195279288  15.68274100303961  139.70607742823978  -205.05186991678664  -56.431887688563904  33.06125996687118  -50.19852719490021  152.7778907116786  -598.0594644860284  -81.12615087881039  
56.902676860372026  50.131850923411264  0.0  116.97725877720282  201.1698570876759  194.95405491192932  -27.15623266857682  38.643176748549934  182.98516689373864  -171.38377385201625  60.81696142981514  -588.3905686045175  65.81459192645087  189.83792835165104  -154.92001899337538  -6.30003676515264  83.19311089028244  -0.0666762714889444  202.90974163508986  -547.9276135626171  -30.99429995539913  
-60.074581916830795  -66.84540785379156  -116.97725877720282  0.0  84.19259831047306  77.9767961347265  -144.13349144577964  -78.33408202865289  66.00790811653582  -288.36103262921904  -56.16029734738768  -705.3678273817203  -51.16266685075195  72.86066957444824  -271.89727777057817  -123.27729554235546  -33.78414788692038  -117.04393504869176  85.93248285788704  -664.9048723398199  -147.97155873260195  
-144.26718022730387  -151.03800616426463  -201.1698570876759  -84.19259831047306  0.0  -6.215802175746553  -228.3260897562527  -162.52668033912596  -18.184690193937236  -372.55363093969214  -140.35289565786076  -789.5604256921933  -135.35526516122502  -11.331928736024821  -356.0898760810513  -207.46989385282853  -117.97674619739344  -201.2365333591648  1.739884547413979  -749.097470650293  -232.16415704307502  
-138.0513780515573  -144.82220398851805  -194.95405491192932  -77.9767961347265  6.215802175746553  0.0  -222.11028758050614  -156.31087816337939  -11.968888018190682  -366.3378287639456  -134.13709348211418  -783.3446235164469  -129.13946298547845  -5.116126560278268  -349.8740739053047  -201.25409167708196  -111.76094402164688  -195.02073118341826  7.955686723160532  -742.8816684745465  -225.94835486732845  
84.05890952894885  77.28808359198808  27.15623266857682  144.13349144577964  228.3260897562527  222.11028758050614  0.0  65.79940941712675  210.14139956231546  -144.22754118343943  87.97319409839196  -561.2343359359406  92.9708245950277  216.99416102022786  -127.76378632479856  20.85619590342418  110.34934355885926  27.089556397087875  230.06597430366668  -520.7713808940402  -3.8380672868223087  
18.259500111822092  11.48867417486133  -38.643176748549934  78.33408202865289  162.52668033912596  156.31087816337939  -65.79940941712675  0.0  144.3419901451887  -210.02695060056618  22.173784681265204  -627.0337453530674  27.17141517790094  151.1947516031011  -193.5631957419253  -44.943213513702574  44.54993414173251  -38.70985302003888  164.26656488653992  -586.570790311167  -69.63747670394906  
-126.08249003336661  -132.85331597032737  -182.98516689373864  -66.00790811653582  18.184690193937236  11.968888018190682  -210.14139956231546  -144.3419901451887  0.0  -354.3689407457549  -122.1682054639235  -771.3757354982562  -117.17057496728776  6.852761457912415  -337.90518588711404  -189.28520365889128  -99.7920560034562  -183.05184316522758  19.924574741351215  -730.9127804563558  -213.97946684913776  
228.28645071238827  221.5156247754275  171.38377385201625  288.36103262921904  372.55363093969214  366.3378287639456  144.22754118343943  210.02695060056618  354.3689407457549  0.0  232.20073528183138  -417.00679475250126  237.19836577846712  361.2217022036673  16.46375485864087  165.0837370868636  254.5768847422987  171.3170975805273  374.2935154871061  -376.5438397106009  140.38947389661712  
-3.9142845694431116  -10.685110506403873  -60.81696142981514  56.16029734738768  140.35289565786076  134.13709348211418  -87.97319409839196  -22.173784681265204  122.1682054639235  -232.20073528183138  0.0  -649.2075300343326  4.997630496635736  129.0209669218359  -215.73698042319052  -67.11699819496778  22.376149460467303  -60.88363770130408  142.09278020527472  -608.7445749924323  -91.81126138521427  
645.2932454648895  638.5224195279288  588.3905686045175  705.3678273817203  789.5604256921933  783.3446235164469  561.2343359359406  627.0337453530674  771.3757354982562  417.00679475250126  649.2075300343326  0.0  654.2051605309684  778.2284969561686  433.47054961114213  582.0905318393649  671.5836794948  588.3238923330285  791.3003102396074  40.462955041900386  557.3962686491184  
-8.911915066078848  -15.68274100303961  -65.81459192645087  51.16266685075195  135.35526516122502  129.13946298547845  -92.9708245950277  -27.17141517790094  117.17057496728776  -237.19836577846712  -4.997630496635736  -654.2051605309684  0.0  124.02333642520018  -220.73461091982625  -72.11462869160351  17.378518963831567  -65.88126819793982  137.09514970863898  -613.742205489068  -96.80889188185  
-132.93525149127902  -139.70607742823978  -189.83792835165104  -72.86066957444824  11.331928736024821  5.116126560278268  -216.99416102022786  -151.1947516031011  -6.852761457912415  -361.2217022036673  -129.0209669218359  -778.2284969561686  -124.02333642520018  0.0  -344.7579473450264  -196.13796511680368  -106.64481746136862  -189.90460462314002  13.0718132834388  -737.7655419142682  -220.83222830705017  
211.8226958537474  205.05186991678664  154.92001899337538  271.89727777057817  356.0898760810513  349.8740739053047  127.76378632479856  193.5631957419253  337.90518588711404  -16.46375485864087  215.73698042319052  -433.47054961114213  220.73461091982625  344.7579473450264  0.0  148.61998222822274  238.11312988365782  154.85334272188643  357.82976062846524  -393.00759456924175  123.92571903797625  
63.202713625524666  56.431887688563904  6.30003676515264  123.27729554235546  207.46989385282853  201.25409167708196  -20.85619590342418  44.943213513702574  189.28520365889128  -165.0837370868636  67.11699819496778  -582.0905318393649  72.11462869160351  196.13796511680368  -148.61998222822274  0.0  89.49314765543508  6.233360493663696  209.2097784002425  -541.6275767974645  -24.694263190246488  
-26.290434029910415  -33.06125996687118  -83.19311089028244  33.78414788692038  117.97674619739344  111.76094402164688  -110.34934355885926  -44.54993414173251  99.7920560034562  -254.5768847422987  -22.376149460467303  -671.5836794948  -17.378518963831567  106.64481746136862  -238.11312988365782  -89.49314765543508  0.0  -83.25978716177138  119.71663074480742  -631.1207244528996  -114.18741084568157  
56.96935313186097  50.19852719490021  0.0666762714889444  117.04393504869176  201.2365333591648  195.02073118341826  -27.089556397087875  38.70985302003888  183.05184316522758  -171.3170975805273  60.88363770130408  -588.3238923330285  65.88126819793982  189.90460462314002  -154.85334272188643  -6.233360493663696  83.25978716177138  0.0  202.9764179065788  -547.8609372911282  -30.927623683910184  
-146.00706477471783  -152.7778907116786  -202.90974163508986  -85.93248285788704  -1.739884547413979  -7.955686723160532  -230.06597430366668  -164.26656488653992  -19.924574741351215  -374.2935154871061  -142.09278020527472  -791.3003102396074  -137.09514970863898  -13.0718132834388  -357.82976062846524  -209.2097784002425  -119.71663074480742  -202.9764179065788  0.0  -750.837355197707  -233.904041590489  
604.8302904229892  598.0594644860284  547.9276135626171  664.9048723398199  749.097470650293  742.8816684745465  520.7713808940402  586.570790311167  730.9127804563558  376.5438397106009  608.7445749924323  -40.462955041900386  613.742205489068  737.7655419142682  393.00759456924175  541.6275767974645  631.1207244528996  547.8609372911282  750.837355197707  0.0  516.933313607218  
87.89697681577115  81.12615087881039  30.99429995539913  147.97155873260195  232.16415704307502  225.94835486732845  3.8380672868223087  69.63747670394906  213.97946684913776  -140.38947389661712  91.81126138521427  -557.3962686491184  96.80889188185  220.83222830705017  -123.92571903797625  24.694263190246488  114.18741084568157  30.927623683910184  233.904041590489  -516.933313607218  0.0  



slope_matrix
0.0  -0.00024399372745804546  -0.000782490055835699  0.002636006227153611  0.001509544629353394  0.0015546326357157353  -0.001884728913205131  -0.0003537977157880661  0.0012745904774905642  -0.009310214139983208  5.530212728797841e-05  -0.020609813013889797  0.00023866939116440406  0.0014734565671833187  -0.007115307217122856  -0.000985079701145958  0.0005735260477729148  -0.0012833825891385665  0.0020349416693340463  -0.01961823841787185  -0.002268309079116675  
0.00024399372745804546  0.0  -0.0009605643020389206  0.0014678394346462793  0.0013251272693829148  0.0014052222393607418  -0.0012097054874313363  -0.0003902402912656702  0.0016958554502211818  -0.005818639999354545  0.0002080839436495399  -0.012417783343600327  0.0009510455429375143  0.0014851289191903877  -0.004954140370060078  -0.0012934193831896379  0.0006070741822782075  -0.002103877920993303  0.0016178956974656211  -0.012043082249013863  -0.0013453756364645174  
0.0007842155024858328  0.0009644449966027561  0.0  0.0012925663953282079  0.0014427914673758053  0.001779427299305671  -0.00027861118978738915  0.0011494103732465775  0.00477020768753229  -0.002572557397958815  0.00416840037216005  -0.006884176536849392  0.0012727633325556153  0.0029152016024516438  -0.0024747606867951337  -0.0005105378253770373  0.001342907359003752  -2.3087351623595704e-06  0.001429243795415157  -0.006519843093320051  -0.0003152710808198467  
-0.0026302356355880382  -0.0014588696607112954  -0.0012850407423618897  0.0  0.0008729144459354387  0.0007787555790944422  -0.003020400072208291  -0.0011587881956901314  0.0005630632783121711  -0.006872283904414181  -0.0006320798801056576  -0.02015336649662058  -0.0010825786468631388  0.0006705380965806023  -0.005646880119845861  -0.0014991766452919306  -0.0005255779073883071  -0.0018739022582243319  0.0016640682195562943  -0.019261438943795478  -0.003746115410951948  
-0.0015123931253517545  -0.0013194549328580819  -0.0014421708718675463  -0.000872010339828825  0.0  -9.256592964626289e-05  -0.004418074492187552  -0.0012164169143193747  -0.00010003075066387904  -0.004724180912487695  -0.001078965380477247  -0.012130287689233268  -0.0010584553109260636  -9.517030936444798e-05  -0.004321426634155547  -0.0014796976974190937  -0.0012559937208950552  -0.0016411261803375018  1.588210449487886e-05  -0.010764441308381851  -0.003878452339510107  
-0.0015570875034012779  -0.001403860061928248  -0.00178089024309792  -0.0007810958242484874  9.260730297596176e-05  0.0  -0.0036602937918047847  -0.001338736537884373  -8.573087900716769e-05  -0.0055776161504863826  -0.0013725273046363879  -0.01152808087469569  -0.0011169301417183744  -8.512689784156852e-05  -0.005542120606768648  -0.0017361464085324531  -0.001594534798425551  -0.0018536330309230898  5.9628444721299736e-05  -0.010371096865482989  -0.0031591889776055766  
0.0018834620105074803  0.0012211737018800455  0.0002793276349370173  0.0030280145261718412  0.004403589002049233  0.0036132532020059236  0.0  0.0008002749834850798  0.001636475064926801  -0.004416030042358831  0.0009935983069617343  -0.04096600992233143  0.0012154637808213845  0.002404900377038988  -0.0034446963150390553  0.00022691729938118592  0.0021059035030316655  0.0003759253465409566  0.0030148863098370684  -0.028613812137035177  -0.00027651781605348043  
0.00035649160702503106  0.00039050558038277805  -0.001113636217537462  0.001146743991050401  0.001231719959220665  0.0013393100690890188  -0.0008037943516097623  0.0  0.0027342676670806727  -0.003782838036068626  0.000577442309407948  -0.008975447608151435  0.00121030802574169  0.001708029277034581  -0.003546412527334652  -0.0019948164009632747  0.0007294896699153841  -0.0025635664251681374  0.0014096504323911432  -0.008571711509566819  -0.0008548671336109632  
-0.0012766425009200658  -0.0017036626353897407  -0.004817808032798995  -0.0005656156169744545  9.995871963774164e-05  8.556539904339922e-05  -0.0016410630022359312  -0.0027572490954190774  0.0  -0.003580894905525964  -0.0024770520167056672  -0.006646811218231966  -0.0015736042837400988  7.616633646299824e-05  -0.003488917883007032  -0.005114295848771751  -0.0010228683183183464  -0.003230649709063158  4.8423851391747515e-05  -0.006376723320622182  -0.0016642902897942597  
0.00933686914979093  0.005785208273058958  0.0025675471738129774  0.0068788414272237365  0.00478055755655249  0.005571678004014382  0.004414678334356885  0.0037531620907892455  0.003553639598332881  0.0  0.003932939283228852  -0.020029144800792566  0.004673859424206249  0.005258723281462619  0.0020300560861456064  0.0026212089089689364  0.010472105501534294  0.0038576243544365526  0.0042278720827641034  -0.018576410444528905  0.004077533369056553  
-5.53960454209328e-05  -0.00020743759476614005  -0.004159846883024291  0.0006349383532774186  0.0010805436532004586  0.0013707040004303514  -0.000993149628566177  -0.0005925650636361626  0.002481580448180449  -0.0039536988810119425  0.0  -0.008457628061937632  9.353603774350994e-05  0.0023060047707209276  -0.0040659061519636355  -0.003168885656041916  0.0004269442751472487  -0.0020822037517545856  0.001020708140257702  -0.007994019369565755  -0.0010162858244987189  
0.020649383854876465  0.012461405533331945  0.006840955337803947  0.02032174668342611  0.0120414888774164  0.011413859968766983  0.040088166852567185  0.008820156494536121  0.006577158580658897  0.019679414570670187  0.008423608797642826  0.0  0.010128582760968702  0.009569952003887956  0.016919225199498133  0.007205785170267326  0.016408103579154655  0.00965557585355613  0.01110129503703153  0.008518516850926397  0.0383353692330893  
-0.00023905351572099914  -0.0009510455429375143  -0.001279195178356674  0.0010701248034041403  0.0010642810596101983  0.0011160613860986817  -0.0012060036917243182  -0.0011953988199692451  0.0015710723379899138  -0.004676623930963468  -9.450889744016142e-05  -0.010100434777381017  0.0  0.0012199816685540053  -0.004102111334692924  -0.0016813856071719168  0.0002740226894328535  -0.002658646819933003  0.0014283720536428317  -0.009740393675433551  -0.001314445239400543  
-0.0014697098008986072  -0.0014829219555062073  -0.0029071658246807206  -0.0006707232769441981  9.543480491851794e-05  8.653800000470682e-05  -0.002399316243036575  -0.0017317002817901857  -7.602269175971438e-05  -0.0052556627703137975  -0.0023196865681739645  -0.009607759221681094  -0.0012204618817673704  0.0  -0.005628701181143289  -0.0026551775432083887  -0.0020106488963304793  -0.0024525972442611395  8.653964437893943e-05  -0.009011427163970541  -0.00234155686891157  
0.007027959384663152  0.004957733798761766  0.0024811021619694966  0.005645707594904032  0.004383130144644346  0.005542120606768648  0.0034614951591654987  0.0035328197799219807  0.003465338794863235  -0.0020102264784665285  0.004068206306301914  -0.01727662613037633  0.004102873808918704  0.005626863837849297  0.0  0.0024557168246566877  0.014097876251252682  0.0035812521443544503  0.0037634598299165463  -0.015138967433329806  0.0032046992251868697  
0.0009861556190595205  0.0012969866166068467  0.0005072493369688117  0.0015055849480014101  0.0014812823973327945  0.0017321119862043373  -0.00022718920167998365  0.0020855319495917666  0.005096532139442414  -0.002639650417122859  0.0031614224302858114  -0.007294276159939912  0.0016712544308598728  0.0026419445732328082  -0.002459374188784093  0.0  0.0014300598858330948  0.0003054071775435422  0.0015688772283482752  -0.006911071401378884  -0.00026777557135378974  
-0.0005704151449318814  -0.0006059615096567298  -0.001346384704487497  0.0005256596839415028  0.0012588080173855747  0.0015929438999664606  -0.002105501689732098  -0.000724153675905925  0.0010215176169869607  -0.01044632272229375  -0.00042718880222350714  -0.01654554519573294  -0.0002739794886304835  0.0020110280494318048  -0.014097876251252682  -0.0014316612966794925  0.0  -0.0017036993485117942  0.0010826246223983307  -0.01522240049331644  -0.002107945557424434  
0.0012744821729722812  0.0020811993032711527  2.3199816106104522e-06  0.0018730026412016605  0.0016589849494988895  0.001855749654424001  -0.00037582104017824217  0.002622618768295317  0.0032375635508529814  -0.0038971132297663173  0.002119165948531294  -0.00979217876421878  0.0025947722803442226  0.0024409332213771212  -0.0036045936387776173  -0.0003088880323916599  0.001707893069985054  0.0  0.0018194372347308963  -0.009341033184278667  -0.0004293714241831207  
-0.002043199898890538  -0.0016165261952351983  -0.0014240279432598067  -0.0016640682195562943  -1.5863279972775155e-05  -5.9561482081893015e-05  -0.0030117289475542174  -0.0014056697320429567  -0.00010622983851307689  -0.004247061335380757  -0.001017856591728329  -0.011076432114216229  -0.0014328506449481498  -8.57786815633493e-05  -0.0037662326137087175  -0.0015648872645690965  -0.0010843897712391976  -0.0018103497851104068  0.0  -0.010581135219809851  -0.0036343076692120727  
0.01957379580656923  0.012069817648557588  0.0065182918577518095  0.019351131325373108  0.010750537753305008  0.010371096865482989  0.028756012197351754  0.008493517184969332  0.0063419213755746655  0.018350089654512715  0.007973078912801993  -0.008518516850926397  0.009757427750223658  0.00903570780054217  0.015144801332148045  0.0068777231628482744  0.01529618818354095  0.009301386008575885  0.010585610534297293  0.0  0.03150111600287739  
0.002261306324048653  0.0013476104797144584  0.00031450329736579534  0.0037357121618935103  0.0038648935748805562  0.0031658286260151667  0.000276717180016028  0.000851626228493935  0.0016579844014345093  -0.004085840334593048  0.001017412027761683  -0.03895152121936537  0.001316232384525493  0.002340564157997352  -0.003194785229130607  0.0002676884898671706  0.0021106730285708236  0.0004296099969983357  0.0036348724411886402  -0.031065703942741465  0.0  
