Height_Data

node	height
0	17.622036712754394
1	8.435650880551057
2	37.0543083228752
3	21.71409625527787
4	23.983699835606647
5	22.94907856129009
6	18.904600135075135
7	4.548689233791554
8	31.17684599481779
9	15.889419426573335
10	10.31659188630059
11	30.177026921482742
12	15.814675248064486
13	13.259252205255772
14	18.38954763009516
15	7.542529737582739
16	23.165695117143652
17	15.27144122545644
18	16.693663695241188
19	15.84587260609305
20	9.723560909419733



height_matrix
0.0  606.3014649254202  -1282.5299262679732  -270.07592980654954  -419.86976610824877  -351.584762003356  -84.64918587316902  862.8409336115474  -894.6174126161841  114.35274088794995  482.159358545951  -828.629353776071  119.28585666953381  287.943777494909  -50.65572054449058  665.2474603613292  -365.88145468969105  155.1393021616649  61.27261915587155  117.22683103964869  521.2994030200875  
-606.3014649254202  0.0  -1888.8313911933933  -876.3773947319697  -1026.1712310336688  -957.8862269287762  -690.9506507985892  256.53946868612724  -1500.9188775416042  -491.94872403747024  -124.14210637946917  -1434.9308187014913  -487.0156082558864  -318.3576874305112  -656.9571854699108  58.945995435909026  -972.1829196151112  -451.1621627637553  -545.0288457695486  -489.0746338857715  -85.00206190533265  
1282.5299262679732  1888.8313911933933  0.0  1012.4539964614237  862.6601601597245  930.9451642646172  1197.8807403948042  2145.3708598795206  387.91251365178914  1396.8826671559232  1764.6892848139241  453.90057249190227  1401.815782937507  1570.4737037628822  1231.8742057234826  1947.7773866293023  916.6484715782822  1437.6692284296382  1343.8025454238448  1399.756757307622  1803.8293292880608  
270.07592980654954  876.3773947319697  -1012.4539964614237  0.0  -149.79383630169923  -81.50883219680645  185.42674393338052  1132.916863418097  -624.5414828096345  384.4286706944995  752.2352883525006  -558.5534239695214  389.36178647608335  558.0197073014585  219.42020926205896  935.3233901678788  -95.80552488314152  425.2152319682144  331.3485489624211  387.3027608461982  791.3753328266371  
419.86976610824877  1026.1712310336688  -862.6601601597245  149.79383630169923  0.0  68.28500410489278  335.22058023507975  1282.7106997197961  -474.7476465079353  534.2225069961987  902.0291246541998  -408.7595876678222  539.1556227777826  707.8135436031578  369.2140455637582  1085.1172264695779  53.988311418557714  575.0090682699137  481.1423852641203  537.0965971478975  941.1691691283363  
351.584762003356  957.8862269287762  -930.9451642646172  81.50883219680645  -68.28500410489278  0.0  266.935576130187  1214.4256956149034  -543.0326506128281  465.93750289130594  833.744120549307  -477.04459177271497  470.8706186728898  639.528539498265  300.9290414588654  1016.8322223646852  -14.296692686335064  506.7240641650209  412.85738115922754  468.8115930430047  872.8841650234435  
84.64918587316902  690.9506507985892  -1197.8807403948042  -185.42674393338052  -335.22058023507975  -266.935576130187  0.0  947.4901194847164  -809.9682267430151  199.00192676111897  566.80854441912  -743.9801679029019  203.93504254270283  372.592963368078  33.99346532867844  749.8966462344982  -281.23226881652204  239.7884880348339  145.92180502904057  201.8760169128177  605.9485888932566  
-862.8409336115474  -256.53946868612724  -2145.3708598795206  -1132.916863418097  -1282.7106997197961  -1214.4256956149034  -947.4901194847164  0.0  -1757.4583462277315  -748.4881927235974  -380.6815750655964  -1691.4702873876183  -743.5550769420136  -574.8971561166384  -913.496654156038  -197.5934732502182  -1228.7223883012384  -707.7016314498826  -801.5683144556758  -745.6141025718987  -341.5415305914599  
894.6174126161841  1500.9188775416042  -387.91251365178914  624.5414828096345  474.7476465079353  543.0326506128281  809.9682267430151  1757.4583462277315  0.0  1008.970153504134  1376.776771162135  65.98805884011313  1013.9032692857179  1182.561190111093  843.9616920716935  1559.8648729775132  528.735957926493  1049.756714777849  955.8900317720556  1011.8442436558328  1415.9168156362716  
-114.35274088794995  491.94872403747024  -1396.8826671559232  -384.4286706944995  -534.2225069961987  -465.93750289130594  -199.00192676111897  748.4881927235974  -1008.970153504134  0.0  367.8066176580011  -942.9820946640209  4.933115781583865  173.59103660695905  -165.00846143244053  550.8947194733793  -480.234195577641  40.78656127371494  -53.080121732078396  2.874090151698738  406.9466621321376  
-482.159358545951  124.14210637946917  -1764.6892848139241  -752.2352883525006  -902.0291246541998  -833.744120549307  -566.80854441912  380.6815750655964  -1376.776771162135  -367.8066176580011  0.0  -1310.788712322022  -362.8735018764172  -194.21558105104202  -532.8150790904416  183.0881018153782  -848.0408132356421  -327.02005638428614  -420.88673939007947  -364.93252750630234  39.140044474136516  
828.629353776071  1434.9308187014913  -453.90057249190227  558.5534239695214  408.7595876678222  477.04459177271497  743.9801679029019  1691.4702873876183  -65.98805884011313  942.9820946640209  1310.788712322022  0.0  947.9152104456048  1116.57313127098  777.9736332315804  1493.8768141374003  462.7478990863799  983.7686559377358  889.9019729319425  945.8561848157196  1349.9287567961585  
-119.28585666953381  487.0156082558864  -1401.815782937507  -389.36178647608335  -539.1556227777826  -470.8706186728898  -203.93504254270283  743.5550769420136  -1013.9032692857179  -4.933115781583865  362.8735018764172  -947.9152104456048  0.0  168.6579208253752  -169.9415772140244  545.9616036917954  -485.16731135922487  35.85344549213107  -58.01323751366226  -2.0590256298851273  402.0135463505537  
-287.943777494909  318.3576874305112  -1570.4737037628822  -558.0197073014585  -707.8135436031578  -639.528539498265  -372.592963368078  574.8971561166384  -1182.561190111093  -173.59103660695905  194.21558105104202  -1116.57313127098  -168.6579208253752  0.0  -338.5994980393996  377.3036828664202  -653.8252321846  -132.8044753332441  -226.67115833903745  -170.7169464552603  233.35562552517854  
50.65572054449058  656.9571854699108  -1231.8742057234826  -219.42020926205896  -369.2140455637582  -300.9290414588654  -33.99346532867844  913.496654156038  -843.9616920716935  165.00846143244053  532.8150790904416  -777.9736332315804  169.9415772140244  338.5994980393996  0.0  715.9031809058198  -315.2257341452005  205.79502270615546  111.92833970036213  167.88255158413926  571.9551235645781  
-665.2474603613292  -58.945995435909026  -1947.7773866293023  -935.3233901678788  -1085.1172264695779  -1016.8322223646852  -749.8966462344982  197.5934732502182  -1559.8648729775132  -550.8947194733793  -183.0881018153782  -1493.8768141374003  -545.9616036917954  -377.3036828664202  -715.9031809058198  0.0  -1031.1289150510202  -510.10815819966433  -603.9748412054577  -548.0206293216805  -143.94805734124168  
365.88145468969105  972.1829196151112  -916.6484715782822  95.80552488314152  -53.988311418557714  14.296692686335064  281.23226881652204  1228.7223883012384  -528.735957926493  480.234195577641  848.0408132356421  -462.7478990863799  485.16731135922487  653.8252321846  315.2257341452005  1031.1289150510202  0.0  521.0207568513559  427.1540738455626  483.10828572933974  887.1808577097786  
-155.1393021616649  451.1621627637553  -1437.6692284296382  -425.2152319682144  -575.0090682699137  -506.7240641650209  -239.7884880348339  707.7016314498826  -1049.756714777849  -40.78656127371494  327.02005638428614  -983.7686559377358  -35.85344549213107  132.8044753332441  -205.79502270615546  510.10815819966433  -521.0207568513559  0.0  -93.86668300579333  -37.9124711220162  366.16010085842265  
-61.27261915587155  545.0288457695486  -1343.8025454238448  -331.3485489624211  -481.1423852641203  -412.85738115922754  -145.92180502904057  801.5683144556758  -955.8900317720556  53.080121732078396  420.88673939007947  -889.9019729319425  58.01323751366226  226.67115833903745  -111.92833970036213  603.9748412054577  -427.1540738455626  93.86668300579333  0.0  55.954211883777134  460.026783864216  
-117.22683103964869  489.0746338857715  -1399.756757307622  -387.3027608461982  -537.0965971478975  -468.8115930430047  -201.8760169128177  745.6141025718987  -1011.8442436558328  -2.874090151698738  364.93252750630234  -945.8561848157196  2.0590256298851273  170.7169464552603  -167.88255158413926  548.0206293216805  -483.10828572933974  37.9124711220162  -55.954211883777134  0.0  404.07257198043885  
-521.2994030200875  85.00206190533265  -1803.8293292880608  -791.3753328266371  -941.1691691283363  -872.8841650234435  -605.9485888932566  341.5415305914599  -1415.9168156362716  -406.9466621321376  -39.140044474136516  -1349.9287567961585  -402.0135463505537  -233.35562552517854  -571.9551235645781  143.94805734124168  -887.1808577097786  -366.16010085842265  -460.026783864216  -404.07257198043885  0.0  



slope_matrix
0.0  0.007763142956791552  -0.015560906652122947  -0.003279212358020271  -0.004950010210891617  -0.004370661619593695  -0.0011142449107959592  0.008959926621096027  -0.009931145096869343  0.0028096496532665836  0.010796223881458823  -0.012101725577989119  0.0012968673262615115  0.0031345937023177554  -0.0009780984851224285  0.006932549607767082  -0.005825210232282933  0.006753996611304523  0.0008523107407966554  0.004832103505344134  0.005965206579930055  
-0.007722601769525159  0.0  -0.014251996824843948  -0.005754170270657635  -0.03465623880559503  -0.02417683561152893  -0.0057728352477114985  0.0028303118787083763  -0.010546752377128992  -0.004301379068265019  -0.0019285708618839393  -0.01097545371501829  -0.0029119019925613536  -0.001833646396904223  -0.005044591764339329  0.0003720868289099168  -0.007187512343746202  -0.006067269536898269  -0.003703648041380461  -0.008978788945947705  -0.0007471395087046906  
0.01558359570191948  0.014219915615398579  0.0  0.035649788607796606  0.005645607781048183  0.00625030322983549  0.05594959086383952  0.01280726670256173  0.02970233642050453  0.01701026141203024  0.02510940928875817  0.02679460286256802  0.014876533831449719  0.02120542403136487  0.019078119958548592  0.015078010424441108  0.02521728945194724  0.015106327922976129  0.014295771759828137  0.015777240276235595  0.03820862802982548  
0.0032748384843767375  0.005806400155910038  -0.03526485532780995  0.0  -0.0009422003377826512  -0.0005254396918408152  0.003877598158372658  0.006878210097796121  -0.02781921972425989  0.005262469654001992  0.008738691329706911  -0.022422859252088374  0.005286650189763521  0.010544590085061575  0.004399843779066753  0.008481351017118959  -0.0038306887198377255  0.0045034445241285154  0.004412097855691359  0.003991042742353372  0.010721790175133953  
0.004934361637637926  0.03472660680316984  -0.005606276305026999  0.0009398239250977145  0.0  0.0058765063773573815  0.0023554003670255745  0.02042858257238089  -0.002953623044955861  0.0047753866719960555  0.01038486213048814  -0.0029380954232757985  0.0032977896065678794  0.004096617337673097  0.002890559422252689  0.00728706753387669  0.0003790142892544278  0.008095184754120225  0.003360167506558561  0.008599048945691601  0.0067939736456243145  
0.004365235057527203  0.024398528449535817  -0.0062343556957282255  0.0005264204202950635  -0.005816439872648448  0.0  0.0018453511239323551  0.023673015509062444  -0.003476855335741768  0.004447666121528312  0.00915598638863724  -0.003544823271578785  0.0030110667519688567  0.003860255565269904  0.0024429627823778265  0.007170890143615552  -0.00010367810788161329  0.00762197382998437  0.003033931372422307  0.007617997937000401  0.006076464775659196  
0.0011110275085072716  0.005774765155023729  -0.056080559007247385  -0.0038735480245118137  -0.0023524251244567  -0.001857847829413885  0.0  0.005825689372139181  -0.023531906645642506  0.0023174790585899496  0.00989712841660765  -0.02433693712472692  0.0018397387689914554  0.0041088769670057125  0.00045482292385173184  0.00530712417717267  -0.005626896134784355  0.0025925882585666983  0.0013453974278908405  0.0024785269111457053  0.02233500143358852  
-0.008942283486491318  -0.0028428575873905943  -0.012768392590729313  -0.006863209548728104  -0.020451382329716137  -0.02376101928418907  -0.005829990890257915  0.0  -0.010049395284979194  -0.007753943776272635  -0.0030150607877839092  -0.01103574225812685  -0.005297863034855814  -0.0036515317334644207  -0.007783050644594342  -0.0015989114197298771  -0.00875214499719525  -0.009314314707158234  -0.006686422376173472  -0.00809833933498315  -0.0019635594491862703  
0.009938868291074347  0.010534242543105027  -0.02954398428421852  0.027782094431033567  0.002968805633773171  0.003479773992418189  0.02345015132434902  0.010064358134872647  0.0  0.011785520009159268  0.017224781323184474  0.0029288974185580617  0.01106639673963892  0.016983257315148326  0.013164275340378935  0.012273702675092557  0.014301757044265432  0.010042635748377013  0.010400283231118003  0.010335487677791959  0.02346564162473105  
-0.0027979628306324922  0.004303636812505208  -0.01699577402550095  -0.005248101332329927  -0.004786940026847659  -0.0044574524336679034  -0.002316400032139669  0.007766817398812882  -0.01175942184245095  0.0  0.004662271741133237  -0.014139782496086684  9.444985222255151e-05  0.0027743493144791282  -0.006458256807531919  0.009800653255174867  -0.009887261855379569  0.0009114315368427919  -0.0016515283675195519  4.4663405620804e-05  0.0037596698275326828  
-0.010695637944675046  0.0019101724323660435  -0.025383542883645575  -0.008707333962478737  -0.010315978095313356  -0.009088119910064389  -0.010000150748396613  0.0030126746997910445  -0.01736140491497125  -0.004644609390806934  0.0  -0.019821392897656467  -0.0028331784968489786  -0.0016656567843142541  -0.0063963394848792505  0.0013609462708345959  -0.01169872828301341  -0.00561504217692799  -0.0038103090656353383  -0.01039693810559266  0.000732411011866327  
0.012072105969931104  0.010997155306490484  -0.02714716342654918  0.021590777888269092  0.0029506510240797953  0.003542217441916888  0.02460251877985787  0.011037902711969423  -0.0028175943142661453  0.014080664396954172  0.019972401528600064  0.0  0.011308938325526185  0.01702871940324813  0.015593778978384052  0.012953063505916936  0.021354310063976922  0.012145292048614023  0.011102956617990548  0.012601334729759122  0.024007269372152917  
-0.0012970083360827858  0.0029354204584165293  -0.014868644282324003  -0.00529024166407722  -0.0033010201602754093  -0.003013379103243887  -0.001834113162538923  0.005302396612294185  -0.011063981550477062  -9.412546807067097e-05  0.002852330623144295  -0.011439961506705343  0.0  0.0067409240937400155  -0.0037382661067757233  0.013420885046504311  -0.007798863709359023  0.00037405785594294284  -0.0026453824675632585  -1.7834782415635576e-05  0.002930555083471014  
-0.003123034463068427  0.0018359728225519677  -0.021171120298771665  -0.010576567613750162  -0.004092827244149172  -0.003855601009816513  -0.0040903827354054016  0.003660832629372379  -0.017022371782630063  -0.002780125506197294  0.0016794844435406608  -0.017271046114013613  -0.006773410474914666  0.0  -0.00832963094807871  0.006032033299223345  -0.013817101271863906  -0.0013287091078863843  -0.005860164383118859  -0.0014757689008926375  0.001993129702128276  
0.0009779096630210535  0.00510218379519968  -0.019101786412210928  -0.004385772721608215  -0.002822068512537229  -0.0023984142939257624  -0.000453669629369791  0.0077870314053025145  -0.013123335283341525  0.006433078418418734  0.006475632949567837  -0.01578039823999149  0.0037473335659101298  0.008370815773532747  0.0  0.010524892397909729  -0.01118218283594184  0.0035058777292360384  0.003107394217111664  0.0022301082835300113  0.005836276771067124  
-0.00690728432226152  -0.00037328855320061443  -0.015074509609390158  -0.008501394202580247  -0.007295886683719343  -0.0071779770038450175  -0.005289119460537718  0.001600984226626302  -0.012283367768938604  -0.009707224885436015  -0.0013586134105221703  -0.013068645036631969  -0.01350387345267859  -0.0060022857598857815  -0.010540388411451999  0.0  -0.011009277333450994  -0.005665979764519208  -0.016067433924061125  -0.0048220028976830665  -0.0008771383840281375  
0.005824282946349746  0.007256071111157553  -0.025252024010420995  0.0038399007969195  -0.0003801137167578976  0.00010346876175210288  0.005628022189644227  0.008757759305359466  -0.014201879074039565  0.009873032947053741  0.011700342345966364  -0.0219207910509891  0.00777262594295458  0.013834643084735507  0.01117029532761164  0.010977631374970938  0.0  0.006968312917632151  0.00727070763992447  0.006154245678080761  0.011747627882809569  
-0.006753996611304523  0.006105036031985863  -0.015043101689124603  -0.004508219168450111  -0.008057749586887987  -0.007565191086502454  -0.0025987697847061225  0.009358656855988925  -0.0100841182975778  -0.0009179959773512252  0.005643141611463091  -0.012166320256464703  -0.0003746050098436012  0.0013332444065178607  -0.003506475084446336  0.005665979764519208  -0.006968312917632151  0.0  0.0  -0.0014311993628545188  0.003531296179558517  
-0.000853616873166224  0.0037402473632277564  -0.014289691040236545  -0.004426834321475232  -0.0033669866008685817  -0.003039515432225779  -0.0013511278243429682  0.006698155882474102  -0.010410477366282462  0.0016474277384257727  0.003818259451964796  -0.011244654699670741  0.0026538535001675327  0.0058225316809411105  -0.0031013671294087596  0.01607170945198131  -0.007303027420850788  0.0012406381576234912  0.0  0.0005873841264305809  0.003444603398459124  
-0.004832103505344134  0.00904688556947413  -0.01572407051570009  -0.004036043401446403  -0.00864750599175491  -0.007655316672811964  -0.002469733507619497  0.008117736554947182  -0.010398152745409853  -4.4774733629829224e-05  0.010531963275795161  -0.012494797685808714  1.7831693339266712e-05  0.0014799908665388843  -0.0022301082835300113  0.004797099346303226  -0.006115294756067592  0.0014099096735595462  -0.000586645123545577  0.0  0.004750441711502925  
-0.005940733937550855  0.0007483893458824851  -0.03807957207701205  -0.010734879718212657  -0.006795445264464522  -0.006079003865334937  -0.02214724374609856  0.0019627695568729376  -0.02343069362297322  -0.0037544668524046275  -0.0007300884997973609  -0.023926422488411175  -0.0029408452549418707  -0.0020025369048758132  -0.005836872370288582  0.0008786964799245616  -0.011764764059273023  -0.003519078335977152  -0.003444603398459124  -0.004751558936740815  0.0  
